BronxA_009	00	-0.8737722551606348	-0.1002147685065825	3.35581039154e-05
BronxA_009	01	-0.8737722551606348	0.19620459826072864	3.65525310621e-05
BronxA_009	02	-0.44985981390413016	-0.3572623206021818	3.30978009392e-05
BronxA_009	03	-0.44985981390413016	-0.1002147685065825	3.73001940414e-05
BronxA_009	04	-0.44985981390413016	0.19620459826072864	5.35244131318e-05
BronxA_009	05	-0.44985981390413016	0.5177822081116369	3.94116153324e-05
BronxA_009	06	-0.44985981390413016	0.8393598179625451	5.52793712917e-05
BronxA_009	07	-0.025947372647625623	-0.6143098726977813	2.26690231504e-05
BronxA_009	08	-0.025947372647625623	-0.3572623206021818	6.43431673619e-05
BronxA_009	09	-0.025947372647625623	-0.1002147685065825	7.6487438988e-05
BronxA_009	10	-0.025947372647625623	0.19620459826072864	5.12997586507e-05
BronxA_009	11	-0.025947372647625623	0.5177822081116369	5.23498569295e-05
BronxA_009	12	-0.025947372647625623	0.8393598179625451	9.30112929274e-05
BronxA_009	13	0.4199261980597977	-0.6143098726977813	4.53336104244e-05
BronxA_009	14	0.4199261980597977	-0.3572623206021818	6.22859360665e-05
BronxA_009	15	0.4199261980597977	-0.1002147685065825	0.000109032966959
BronxA_009	16	0.4199261980597977	0.19620459826072864	6.73796381215e-05
BronxA_009	17	0.4199261980597977	0.5177822081116369	4.46735164778e-05
BronxA_009	18	0.8672316371762189	-0.3572623206021818	4.89524018961e-05
BronxA_009	19	0.8672316371762189	-0.1002147685065825	4.53671053627e-05
BronxA_009	20	0.8672316371762189	0.19620459826072864	2.90780800646e-05
BronxA_010	00	-0.7651222479672553	-0.301222631653004	0.000260024876931
BronxA_010	01	-0.7651222479672553	-0.10161522161530818	0.000294737249574
BronxA_010	02	-0.7651222479672553	0.1230336304216903	0.000341868758034
BronxA_010	03	-0.7651222479672553	0.3736497735182347	0.000333897314768
BronxA_010	04	-0.2449473002617578	-0.5008300416907	0.000197347486886
BronxA_010	05	-0.2449473002617578	-0.301222631653004	0.000252402333328
BronxA_010	06	-0.2449473002617578	-0.10161522161530818	0.000318749504727
BronxA_010	07	-0.2449473002617578	0.1230336304216903	0.000335052071438
BronxA_010	08	-0.2449473002617578	0.3736497735182347	0.000424301875715
BronxA_010	09	-0.2449473002617578	0.624265916614779	0.000300118632367
BronxA_010	10	0.26722958310123346	-0.5008300416907	0.000278963843067
BronxA_010	11	0.26722958310123346	-0.301222631653004	0.00023595557868
BronxA_010	12	0.26722958310123346	-0.10161522161530818	0.000286651407711
BronxA_010	13	0.26722958310123346	0.1230336304216903	0.000307584594749
BronxA_010	14	0.26722958310123346	0.3736497735182347	0.000382053583973
BronxA_010	15	0.26722958310123346	0.624265916614779	0.0002540923759
BronxA_010	16	0.7722883433896989	-0.301222631653004	0.000201490124134
BronxA_010	17	0.7722883433896989	-0.10161522161530818	0.000223321148698
BronxA_010	18	0.7722883433896989	0.1230336304216903	0.0002347589109
BronxA_010	19	0.7722883433896989	0.3736497735182347	0.000266030495664
BronxA_016	00	-0.8466736512122864	-0.3349125487713122	8.98929597111e-05
BronxA_016	01	-0.8466736512122864	-0.1449024386319443	9.713089516e-05
BronxA_016	02	-0.8466736512122864	0.050114005457365524	9.17556931071e-05
BronxA_016	03	-0.8466736512122864	0.26121263631690367	9.85633233492e-05
BronxA_016	04	-0.2588422150335849	-0.7149327690500481	8.59603004753e-05
BronxA_016	05	-0.2588422150335849	-0.5249226589106801	8.6721613398e-05
BronxA_016	06	-0.2588422150335849	-0.3349125487713122	8.66250863535e-05
BronxA_016	07	-0.2588422150335849	-0.1449024386319443	8.90391279301e-05
BronxA_016	08	-0.2588422150335849	0.050114005457365524	9.48399423914e-05
BronxA_016	09	-0.2588422150335849	0.26121263631690367	9.2482711552e-05
BronxA_016	10	-0.2588422150335849	0.47231126717644184	9.83306957846e-05
BronxA_016	11	-0.2588422150335849	0.6834098980359798	0.000106737478995
BronxA_016	12	0.3075167299110347	-0.5249226589106801	8.67463152397e-05
BronxA_016	13	0.3075167299110347	-0.3349125487713122	9.29237364184e-05
BronxA_016	14	0.3075167299110347	-0.1449024386319443	9.25283055716e-05
BronxA_016	15	0.3075167299110347	0.050114005457365524	8.82984036005e-05
BronxA_016	16	0.3075167299110347	0.26121263631690367	9.06576482054e-05
BronxA_016	17	0.3075167299110347	0.47231126717644184	9.21023024388e-05
BronxA_016	18	0.3075167299110347	0.6834098980359798	0.000101344110414
BronxA_016	19	0.8569815432668647	-0.1449024386319443	9.22061498891e-05
BronxA_016	20	0.8569815432668647	0.050114005457365524	9.13328357189e-05
BronxA_016	21	0.8569815432668647	0.26121263631690367	9.34424263674e-05
BronxA_019	00	-0.8587176200841186	-0.3382047056087095	0.000101371499788
BronxA_019	01	-0.8587176200841186	-0.14913137747289293	0.000103859161456
BronxA_019	02	-0.8587176200841186	0.04484165069258589	0.000104772683591
BronxA_019	03	-0.8587176200841186	0.25710870312327844	0.000110646641219
BronxA_019	04	-0.2659930772907008	-0.7163513618803428	9.5147327526e-05
BronxA_019	05	-0.2659930772907008	-0.5272780337445261	9.66284926066e-05
BronxA_019	06	-0.2659930772907008	-0.3382047056087095	9.64162956623e-05
BronxA_019	07	-0.2659930772907008	-0.14913137747289293	9.94521626894e-05
BronxA_019	08	-0.2659930772907008	0.04484165069258589	0.00010648305171
BronxA_019	09	-0.2659930772907008	0.25710870312327844	0.000100336568634
BronxA_019	10	-0.2659930772907008	0.46937575555397093	0.000112824063625
BronxA_019	11	-0.2659930772907008	0.6816428079846633	0.000122195367492
BronxA_019	12	0.30810709665918784	-0.5272780337445261	9.8587855385e-05
BronxA_019	13	0.30810709665918784	-0.3382047056087095	0.000104515503434
BronxA_019	14	0.30810709665918784	-0.14913137747289293	0.000100684840564
BronxA_019	15	0.30810709665918784	0.04484165069258589	9.93738494797e-05
BronxA_019	16	0.30810709665918784	0.25710870312327844	0.000104491946383
BronxA_019	17	0.30810709665918784	0.46937575555397093	0.000107625396069
BronxA_019	18	0.30810709665918784	0.6816428079846633	0.000113211008403
BronxA_019	19	0.8670451154316893	-0.14913137747289293	0.000101546092358
BronxA_019	20	0.8670451154316893	0.04484165069258589	0.000100818371802
BronxA_019	21	0.8670451154316893	0.25710870312327844	0.000105499059286
BronxA_070	00	-0.7518374519356829	-0.4463878181374036	0.000199986428977
BronxA_070	01	-0.7518374519356829	-0.2249433214278876	0.000204947629709
BronxA_070	02	-0.7518374519356829	-0.0034988247183715903	0.000207254025424
BronxA_070	03	-0.7518374519356829	0.2194819423464145	0.000210462742508
BronxA_070	04	-0.7518374519356829	0.44248737216611556	0.000203530088419
BronxA_070	05	-0.2330424411463179	-0.6678323148469195	0.000143171649628
BronxA_070	06	-0.2330424411463179	-0.4463878181374036	0.000161801636328
BronxA_070	07	-0.2330424411463179	-0.2249433214278876	0.000183351567552
BronxA_070	08	-0.2330424411463179	-0.0034988247183715903	0.000209577651622
BronxA_070	09	-0.2330424411463179	0.2194819423464145	0.000213592310944
BronxA_070	10	-0.2330424411463179	0.44248737216611556	0.000205823411436
BronxA_070	11	-0.2330424411463179	0.6654928019858167	0.000214115009637
BronxA_070	12	0.2714604707070167	-0.6678323148469195	0.000124562068999
BronxA_070	13	0.2714604707070167	-0.4463878181374036	0.000139786788645
BronxA_070	14	0.2714604707070167	-0.2249433214278876	0.000170159354329
BronxA_070	15	0.2714604707070167	-0.0034988247183715903	0.000185215628811
BronxA_070	16	0.2714604707070167	0.2194819423464145	0.000187227402216
BronxA_070	17	0.2714604707070167	0.44248737216611556	0.000192294372647
BronxA_070	18	0.2714604707070167	0.6654928019858167	0.000206689346736
BronxA_070	19	0.7643076146723572	-0.4463878181374036	0.000166751177605
BronxA_070	20	0.7643076146723572	-0.2249433214278876	0.000173307684939
BronxA_070	21	0.7643076146723572	-0.0034988247183715903	0.000175237017989
BronxA_070	22	0.7643076146723572	0.2194819423464145	0.000181461217889
BronxA_071	00	-0.7963228497990553	-0.2863058406975909	0.000144778968853
BronxA_071	01	-0.7963228497990553	-0.08240622992176676	0.000122951431044
BronxA_071	02	-0.7963228497990553	0.1454842419924741	0.000141609853281
BronxA_071	03	-0.7963228497990553	0.3896471758720989	0.000215668554191
BronxA_071	04	-0.29909584696599373	-0.6941050622492394	0.00014775693253
BronxA_071	05	-0.29909584696599373	-0.49020545147341504	0.000128680238994
BronxA_071	06	-0.29909584696599373	-0.2863058406975909	0.000148829976304
BronxA_071	07	-0.29909584696599373	-0.08240622992176676	0.000150158485896
BronxA_071	08	-0.29909584696599373	0.1454842419924741	0.00016869809867
BronxA_071	09	-0.29909584696599373	0.3896471758720989	0.000221426806839
BronxA_071	10	-0.29909584696599373	0.6338101097517236	0.000310677612669
BronxA_071	11	-0.29909584696599373	0.8779730436313482	0.000381713336296
BronxA_071	12	0.22043000141127123	-0.6941050622492394	0.000192172335152
BronxA_071	13	0.22043000141127123	-0.49020545147341504	0.000164426396098
BronxA_071	14	0.22043000141127123	-0.2863058406975909	0.00019177024245
BronxA_071	15	0.22043000141127123	-0.08240622992176676	0.000230620421104
BronxA_071	16	0.22043000141127123	0.1454842419924741	0.000252538684798
BronxA_071	17	0.22043000141127123	0.3896471758720989	0.000361488475134
BronxA_071	18	0.22043000141127123	0.6338101097517236	0.000430691147662
BronxA_071	19	0.22043000141127123	0.8779730436313482	0.00043072317802
BronxA_071	20	0.7736178554696731	-0.49020545147341504	0.00027399430018
BronxA_071	21	0.7736178554696731	-0.2863058406975909	0.000285887737392
BronxA_071	22	0.7736178554696731	-0.08240622992176676	0.000326367505577
BronxA_071	23	0.7736178554696731	0.1454842419924741	0.000428739453605
BronxA_071	24	0.7736178554696731	0.3896471758720989	0.0004695958968
BronxA_088	00	-0.8136616382308877	-0.44085009327087993	0.000150138667549
BronxA_088	01	-0.8136616382308877	-0.21719248530349156	0.000120644246596
BronxA_088	02	-0.8136616382308877	0.008191363541413187	0.000140818915907
BronxA_088	03	-0.8136616382308877	0.29156739071171417	0.000113724593779
BronxA_088	04	-0.2782954553995785	-0.6645077012382683	0.000144751982792
BronxA_088	05	-0.2782954553995785	-0.44085009327087993	0.000149561858857
BronxA_088	06	-0.2782954553995785	-0.21719248530349156	0.000108485338552
BronxA_088	07	-0.2782954553995785	0.008191363541413187	0.000125838243061
BronxA_088	08	-0.2782954553995785	0.29156739071171417	0.000139761697246
BronxA_088	09	-0.2782954553995785	0.5749434178820152	0.00012902197978
BronxA_088	10	-0.2782954553995785	0.858319445052316	8.40645694475e-05
BronxA_088	11	0.2626490838220609	-0.6645077012382683	0.000106784235537
BronxA_088	12	0.2626490838220609	-0.44085009327087993	0.000110733060833
BronxA_088	13	0.2626490838220609	-0.21719248530349156	0.000112479095204
BronxA_088	14	0.2626490838220609	0.008191363541413187	0.000136191790455
BronxA_088	15	0.2626490838220609	0.29156739071171417	0.000147656182518
BronxA_088	16	0.2626490838220609	0.5749434178820152	0.000173904941705
BronxA_088	17	0.2626490838220609	0.858319445052316	0.000145484026201
BronxA_088	18	0.8096325495583514	-0.21719248530349156	0.000128622944613
BronxA_088	19	0.8096325495583514	0.008191363541413187	0.000148032308678
BronxA_088	20	0.8096325495583514	0.29156739071171417	0.000170046879402
BronxA_088	21	0.8096325495583514	0.5749434178820152	0.000182889043992
BronxA_109	00	-0.7886655856053921	-0.48296549974598824	0.000425248196648
BronxA_109	01	-0.7886655856053921	-0.27616394625110596	0.000428437533376
BronxA_109	02	-0.7886655856053921	-0.06936239275622368	0.000437224140663
BronxA_109	03	-0.7886655856053921	0.1595877025900434	0.000403663245782
BronxA_109	04	-0.7886655856053921	0.39971565911224305	0.000402913555601
BronxA_109	05	-0.7886655856053921	0.6398436156344427	0.000406037637333
BronxA_109	06	-0.1889275933510695	-0.6897670532408705	0.000350292429575
BronxA_109	07	-0.1889275933510695	-0.48296549974598824	0.000408671333782
BronxA_109	08	-0.1889275933510695	-0.27616394625110596	0.000381365920601
BronxA_109	09	-0.1889275933510695	-0.06936239275622368	0.000413178592594
BronxA_109	10	-0.1889275933510695	0.1595877025900434	0.000422990364015
BronxA_109	11	-0.1889275933510695	0.39971565911224305	0.000417237420886
BronxA_109	12	-0.1889275933510695	0.6398436156344427	0.000401299083163
BronxA_109	13	-0.1889275933510695	0.8799715721566423	0.000473670346634
BronxA_109	14	0.33645597852977205	-0.6897670532408705	0.000378572769288
BronxA_109	15	0.33645597852977205	-0.48296549974598824	0.000417845634204
BronxA_109	16	0.33645597852977205	-0.27616394625110596	0.000384343465352
BronxA_109	17	0.33645597852977205	-0.06936239275622368	0.000419280396203
BronxA_109	18	0.33645597852977205	0.1595877025900434	0.000413384789803
BronxA_109	19	0.33645597852977205	0.39971565911224305	0.00037044222019
BronxA_109	20	0.33645597852977205	0.6398436156344427	0.000436025442744
BronxA_109	21	0.33645597852977205	0.8799715721566423	0.000512502268785
BronxA_109	22	0.8276446962061469	-0.27616394625110596	0.000398263602726
BronxA_075	00	-0.8220409642765851	-0.4086350139676986	0.000294319768757
BronxA_075	01	-0.8220409642765851	-0.17210058296843375	0.000393568020587
BronxA_075	02	-0.8220409642765851	0.05708122264866247	0.000396184999774
BronxA_075	03	-0.38727755061899977	-0.6451694449669633	0.000145406783386
BronxA_075	04	-0.38727755061899977	-0.4086350139676986	0.000196646224222
BronxA_075	05	-0.38727755061899977	-0.17210058296843375	0.00024710663572
BronxA_075	06	-0.38727755061899977	0.05708122264866247	0.000275295292915
BronxA_075	07	-0.38727755061899977	0.26662441978137585	0.000327638599494
BronxA_075	08	-0.38727755061899977	0.47616761691408915	0.000334847785153
BronxA_075	09	0.043380026862064554	-0.6451694449669633	0.000153722249735
BronxA_075	10	0.043380026862064554	-0.4086350139676986	0.000162150587231
BronxA_075	11	0.043380026862064554	-0.17210058296843375	0.000191789224277
BronxA_075	12	0.043380026862064554	0.05708122264866247	0.000198096257287
BronxA_075	13	0.043380026862064554	0.26662441978137585	0.000226701335618
BronxA_075	14	0.043380026862064554	0.47616761691408915	0.000195653831617
BronxA_075	15	0.043380026862064554	0.6857108140468026	0.000154830672379
BronxA_075	16	0.4405518872067706	-0.6451694449669633	0.000153250256013
BronxA_075	17	0.4405518872067706	-0.4086350139676986	0.000177708966283
BronxA_075	18	0.4405518872067706	-0.17210058296843375	0.000141680719338
BronxA_075	19	0.4405518872067706	0.05708122264866247	0.000164397101412
BronxA_075	20	0.4405518872067706	0.26662441978137585	0.000174187071959
BronxA_075	21	0.4405518872067706	0.47616761691408915	0.000158143213074
BronxA_075	22	0.8377237475514766	-0.4086350139676986	0.000174992033221
BronxA_075	23	0.8377237475514766	-0.17210058296843375	0.000127585323333
BronxA_075	24	0.8377237475514766	0.05708122264866247	0.000174841447468
BronxA_075	25	0.8377237475514766	0.26662441978137585	0.000189216397406
BronxA_119	00	-0.6657433320646724	-0.611789168877494	0.000168184053039
BronxA_119	01	-0.6657433320646724	-0.44658877091291876	0.000170501858723
BronxA_119	02	-0.6657433320646724	-0.2813883729483436	0.000194416460667
BronxA_119	03	-0.6657433320646724	-0.11618797498376841	0.000199318688772
BronxA_119	04	-0.6657433320646724	0.06385537058512725	0.000216370947214
BronxA_119	05	-0.6657433320646724	0.2790851427791972	0.000212254100987
BronxA_119	06	0.002467511240629476	-0.611789168877494	0.000179876286805
BronxA_119	07	0.002467511240629476	-0.44658877091291876	0.000206746534477
BronxA_119	08	0.002467511240629476	-0.2813883729483436	0.000203979057537
BronxA_119	09	0.002467511240629476	-0.11618797498376841	0.000211710566446
BronxA_119	10	0.002467511240629476	0.06385537058512725	0.000204986003021
BronxA_119	11	0.002467511240629476	0.2790851427791972	0.00019288754229
BronxA_119	12	0.002467511240629476	0.4943149149732672	0.00020121935824
BronxA_119	13	0.002467511240629476	0.7095446871673372	0.000213608236464
BronxA_119	14	0.002467511240629476	0.9247744593614071	0.000231123261363
BronxA_119	15	0.6675857120122382	-0.2813883729483436	0.000208533782124
BronxA_119	16	0.6675857120122382	-0.11618797498376841	0.000224209222619
BronxA_119	17	0.6675857120122382	0.06385537058512725	0.000217111566676
BronxA_119	18	0.6675857120122382	0.2790851427791972	0.000182153931829
BronxA_119	19	0.6675857120122382	0.4943149149732672	0.000189493761427
BronxA_119	20	0.6675857120122382	0.7095446871673372	0.000205952475323
