BronxA_009	00	-0.8737722551606348	-0.1002147685065825	29799.0614286
BronxA_009	01	-0.8737722551606348	0.19620459826072864	27357.8866071
BronxA_009	02	-0.44985981390413016	-0.3572623206021818	30213.4876524
BronxA_009	03	-0.44985981390413016	-0.1002147685065825	26809.5120066
BronxA_009	04	-0.44985981390413016	0.19620459826072864	18683.0633255
BronxA_009	05	-0.44985981390413016	0.5177822081116369	25373.2304948
BronxA_009	06	-0.44985981390413016	0.8393598179625451	18089.9307759
BronxA_009	07	-0.025947372647625623	-0.6143098726977813	44113.0609539
BronxA_009	08	-0.025947372647625623	-0.3572623206021818	15541.6657432
BronxA_009	09	-0.025947372647625623	-0.1002147685065825	13074.0421333
BronxA_009	10	-0.025947372647625623	0.19620459826072864	19493.2690972
BronxA_009	11	-0.025947372647625623	0.5177822081116369	19102.2489583
BronxA_009	12	-0.025947372647625623	0.8393598179625451	10751.3826389
BronxA_009	13	0.4199261980597977	-0.6143098726977813	22058.6887
BronxA_009	14	0.4199261980597977	-0.3572623206021818	16054.9887045
BronxA_009	15	0.4199261980597977	-0.1002147685065825	9171.53800258
BronxA_009	16	0.4199261980597977	0.19620459826072864	14841.2788771
BronxA_009	17	0.4199261980597977	0.5177822081116369	22384.6269298
BronxA_009	18	0.8672316371762189	-0.3572623206021818	20428.0068243
BronxA_009	19	0.8672316371762189	-0.1002147685065825	22042.4025735
BronxA_009	20	0.8672316371762189	0.19620459826072864	34390.1659868
BronxA_010	00	-0.7651222479672553	-0.301222631653004	3845.78587942
BronxA_010	01	-0.7651222479672553	-0.10161522161530818	3392.85245229
BronxA_010	02	-0.7651222479672553	0.1230336304216903	2925.0991104
BronxA_010	03	-0.7651222479672553	0.3736497735182347	2994.93274061
BronxA_010	04	-0.2449473002617578	-0.5008300416907	5067.20412698
BronxA_010	05	-0.2449473002617578	-0.301222631653004	3961.9285084
BronxA_010	06	-0.2449473002617578	-0.10161522161530818	3137.25977663
BronxA_010	07	-0.2449473002617578	0.1230336304216903	2984.61070755
BronxA_010	08	-0.2449473002617578	0.3736497735182347	2356.81258376
BronxA_010	09	-0.2449473002617578	0.624265916614779	3332.01571696
BronxA_010	10	0.26722958310123346	-0.5008300416907	3584.69394817
BronxA_010	11	0.26722958310123346	-0.301222631653004	4238.08585326
BronxA_010	12	0.26722958310123346	-0.10161522161530818	3488.55778517
BronxA_010	13	0.26722958310123346	0.1230336304216903	3251.13811638
BronxA_010	14	0.26722958310123346	0.3736497735182347	2617.43389396
BronxA_010	15	0.26722958310123346	0.624265916614779	3935.57656525
BronxA_010	16	0.7722883433896989	-0.301222631653004	4963.02240269
BronxA_010	17	0.7722883433896989	-0.10161522161530818	4477.85624349
BronxA_010	18	0.7722883433896989	0.1230336304216903	4259.68921123
BronxA_010	19	0.7722883433896989	0.3736497735182347	3758.96754808
BronxA_016	00	-0.8466736512122864	-0.3349125487713122	11124.3416972
BronxA_016	01	-0.8466736512122864	-0.1449024386319443	10295.3854008
BronxA_016	02	-0.8466736512122864	0.050114005457365524	10898.5063067
BronxA_016	03	-0.8466736512122864	0.26121263631690367	10145.7617907
BronxA_016	04	-0.2588422150335849	-0.7149327690500481	11633.2771578
BronxA_016	05	-0.2588422150335849	-0.5249226589106801	11531.1507803
BronxA_016	06	-0.2588422150335849	-0.3349125487713122	11544.0000362
BronxA_016	07	-0.2588422150335849	-0.1449024386319443	11231.0174554
BronxA_016	08	-0.2588422150335849	0.050114005457365524	10544.0806351
BronxA_016	09	-0.2588422150335849	0.26121263631690367	10812.8317522
BronxA_016	10	-0.2588422150335849	0.47231126717644184	10169.7643042
BronxA_016	11	-0.2588422150335849	0.6834098980359798	9368.7803892
BronxA_016	12	0.3075167299110347	-0.5249226589106801	11527.867175
BronxA_016	13	0.3075167299110347	-0.3349125487713122	10761.5130272
BronxA_016	14	0.3075167299110347	-0.1449024386319443	10807.5036479
BronxA_016	15	0.3075167299110347	0.050114005457365524	11325.2330645
BronxA_016	16	0.3075167299110347	0.26121263631690367	11030.5089509
BronxA_016	17	0.3075167299110347	0.47231126717644184	10857.4918707
BronxA_016	18	0.3075167299110347	0.6834098980359798	9867.37163036
BronxA_016	19	0.8569815432668647	-0.1449024386319443	10845.2635882
BronxA_016	20	0.8569815432668647	0.050114005457365524	10948.9647631
BronxA_016	21	0.8569815432668647	0.26121263631690367	10701.7769002
BronxA_019	00	-0.8587176200841186	-0.3382047056087095	9864.70558379
BronxA_019	01	-0.8587176200841186	-0.14913137747289293	9628.42358807
BronxA_019	02	-0.8587176200841186	0.04484165069258589	9544.47252592
BronxA_019	03	-0.8587176200841186	0.25710870312327844	9037.77999025
BronxA_019	04	-0.2659930772907008	-0.7163513618803428	10510.0166868
BronxA_019	05	-0.2659930772907008	-0.5272780337445261	10348.9144146
BronxA_019	06	-0.2659930772907008	-0.3382047056087095	10371.6907306
BronxA_019	07	-0.2659930772907008	-0.14913137747289293	10055.08551
BronxA_019	08	-0.2659930772907008	0.04484165069258589	9391.16586107
BronxA_019	09	-0.2659930772907008	0.25710870312327844	9966.45603506
BronxA_019	10	-0.2659930772907008	0.46937575555397093	8863.35740687
BronxA_019	11	-0.2659930772907008	0.6816428079846633	8183.61629023
BronxA_019	12	0.30810709665918784	-0.5272780337445261	10143.2371776
BronxA_019	13	0.30810709665918784	-0.3382047056087095	9567.95850512
BronxA_019	14	0.30810709665918784	-0.14913137747289293	9931.98176012
BronxA_019	15	0.30810709665918784	0.04484165069258589	10063.0095869
BronxA_019	16	0.30810709665918784	0.25710870312327844	9570.11554107
BronxA_019	17	0.30810709665918784	0.46937575555397093	9291.48729318
BronxA_019	18	0.30810709665918784	0.6816428079846633	8833.06326923
BronxA_019	19	0.8670451154316893	-0.14913137747289293	9847.74477064
BronxA_019	20	0.8670451154316893	0.04484165069258589	9918.82711583
BronxA_019	21	0.8670451154316893	0.25710870312327844	9478.75750518
BronxA_070	00	-0.7518374519356829	-0.4463878181374036	5000.3392986
BronxA_070	01	-0.7518374519356829	-0.2249433214278876	4879.29526884
BronxA_070	02	-0.7518374519356829	-0.0034988247183715903	4824.99675436
BronxA_070	03	-0.7518374519356829	0.2194819423464145	4751.43480543
BronxA_070	04	-0.7518374519356829	0.44248737216611556	4913.278463
BronxA_070	05	-0.2330424411463179	-0.6678323148469195	6984.62302136
BronxA_070	06	-0.2330424411463179	-0.4463878181374036	6180.40721154
BronxA_070	07	-0.2330424411463179	-0.2249433214278876	5454.00300281
BronxA_070	08	-0.2330424411463179	-0.0034988247183715903	4771.50112267
BronxA_070	09	-0.2330424411463179	0.2194819423464145	4681.81647354
BronxA_070	10	-0.2330424411463179	0.44248737216611556	4858.53379372
BronxA_070	11	-0.2330424411463179	0.6654928019858167	4670.38719842
BronxA_070	12	0.2714604707070167	-0.6678323148469195	8028.12612245
BronxA_070	13	0.2714604707070167	-0.4463878181374036	7153.7518652
BronxA_070	14	0.2714604707070167	-0.2249433214278876	5876.84411442
BronxA_070	15	0.2714604707070167	-0.0034988247183715903	5399.11240979
BronxA_070	16	0.2714604707070167	0.2194819423464145	5341.09851529
BronxA_070	17	0.2714604707070167	0.44248737216611556	5200.36018856
BronxA_070	18	0.2714604707070167	0.6654928019858167	4838.1787247
BronxA_070	19	0.7643076146723572	-0.4463878181374036	5996.95914812
BronxA_070	20	0.7643076146723572	-0.2249433214278876	5770.08457732
BronxA_070	21	0.7643076146723572	-0.0034988247183715903	5706.55681931
BronxA_070	22	0.7643076146723572	0.2194819423464145	5510.81940061
BronxA_071	00	-0.7963228497990553	-0.2863058406975909	6907.08055128
BronxA_071	01	-0.7963228497990553	-0.08240622992176676	8133.29289063
BronxA_071	02	-0.7963228497990553	0.1454842419924741	7061.65550514
BronxA_071	03	-0.7963228497990553	0.3896471758720989	4636.74458128
BronxA_071	04	-0.29909584696599373	-0.6941050622492394	6767.87195617
BronxA_071	05	-0.29909584696599373	-0.49020545147341504	7771.20098485
BronxA_071	06	-0.29909584696599373	-0.2863058406975909	6719.076525
BronxA_071	07	-0.29909584696599373	-0.08240622992176676	6659.63028351
BronxA_071	08	-0.29909584696599373	0.1454842419924741	5927.74908482
BronxA_071	09	-0.29909584696599373	0.3896471758720989	4516.16502208
BronxA_071	10	-0.29909584696599373	0.6338101097517236	3218.77071029
BronxA_071	11	-0.29909584696599373	0.8779730436313482	2619.76699506
BronxA_071	12	0.22043000141127123	-0.6941050622492394	5203.66263547
BronxA_071	13	0.22043000141127123	-0.49020545147341504	6081.74857403
BronxA_071	14	0.22043000141127123	-0.2863058406975909	5214.57337293
BronxA_071	15	0.22043000141127123	-0.08240622992176676	4336.12945122
BronxA_071	16	0.22043000141127123	0.1454842419924741	3959.78937168
BronxA_071	17	0.22043000141127123	0.3896471758720989	2766.33992171
BronxA_071	18	0.22043000141127123	0.6338101097517236	2321.84943997
BronxA_071	19	0.22043000141127123	0.8779730436313482	2321.67677764
BronxA_071	20	0.7736178554696731	-0.49020545147341504	3649.71095874
BronxA_071	21	0.7736178554696731	-0.2863058406975909	3497.87650608
BronxA_071	22	0.7736178554696731	-0.08240622992176676	3064.03052667
BronxA_071	23	0.7736178554696731	0.1454842419924741	2332.41888889
BronxA_071	24	0.7736178554696731	0.3896471758720989	2129.49049771
BronxA_088	00	-0.8136616382308877	-0.44085009327087993	6660.50935662
BronxA_088	01	-0.8136616382308877	-0.21719248530349156	8288.83289683
BronxA_088	02	-0.8136616382308877	0.008191363541413187	7101.31869403
BronxA_088	03	-0.8136616382308877	0.29156739071171417	8793.17275862
BronxA_088	04	-0.2782954553995785	-0.6645077012382683	6908.36823589
BronxA_088	05	-0.2782954553995785	-0.44085009327087993	6686.1966523
BronxA_088	06	-0.2782954553995785	-0.21719248530349156	9217.83545455
BronxA_088	07	-0.2782954553995785	0.008191363541413187	7946.70980519
BronxA_088	08	-0.2782954553995785	0.29156739071171417	7155.03617733
BronxA_088	09	-0.2782954553995785	0.5749434178820152	7750.61738861
BronxA_088	10	-0.2782954553995785	0.858319445052316	11895.6179348
BronxA_088	11	0.2626490838220609	-0.6645077012382683	9364.67817529
BronxA_088	12	0.2626490838220609	-0.44085009327087993	9030.72661842
BronxA_088	13	0.2626490838220609	-0.21719248530349156	8890.54093284
BronxA_088	14	0.2626490838220609	0.008191363541413187	7342.58648529
BronxA_088	15	0.2626490838220609	0.29156739071171417	6772.48986765
BronxA_088	16	0.2626490838220609	0.5749434178820152	5750.26787736
BronxA_088	17	0.2626490838220609	0.858319445052316	6873.60685644
BronxA_088	18	0.8096325495583514	-0.21719248530349156	7774.66262346
BronxA_088	19	0.8096325495583514	0.008191363541413187	6755.28206597
BronxA_088	20	0.8096325495583514	0.29156739071171417	5880.73126374
BronxA_088	21	0.8096325495583514	0.5749434178820152	5467.79609195
BronxA_109	00	-0.7886655856053921	-0.48296549974598824	2351.56787938
BronxA_109	01	-0.7886655856053921	-0.27616394625110596	2334.06254611
BronxA_109	02	-0.7886655856053921	-0.06936239275622368	2287.15641932
BronxA_109	03	-0.7886655856053921	0.1595877025900434	2477.31248869
BronxA_109	04	-0.7886655856053921	0.39971565911224305	2481.92195596
BronxA_109	05	-0.7886655856053921	0.6398436156344427	2462.82587636
BronxA_109	06	-0.1889275933510695	-0.6897670532408705	2854.7576698
BronxA_109	07	-0.1889275933510695	-0.48296549974598824	2446.9541104
BronxA_109	08	-0.1889275933510695	-0.27616394625110596	2622.15354331
BronxA_109	09	-0.1889275933510695	-0.06936239275622368	2420.26091846
BronxA_109	10	-0.1889275933510695	0.1595877025900434	2364.12004876
BronxA_109	11	-0.1889275933510695	0.39971565911224305	2396.71695285
BronxA_109	12	-0.1889275933510695	0.6398436156344427	2491.90701389
BronxA_109	13	-0.1889275933510695	0.8799715721566423	2111.17290138
BronxA_109	14	0.33645597852977205	-0.6897670532408705	2641.50007905
BronxA_109	15	0.33645597852977205	-0.48296549974598824	2393.22830764
BronxA_109	16	0.33645597852977205	-0.27616394625110596	2601.83947471
BronxA_109	17	0.33645597852977205	-0.06936239275622368	2385.03876894
BronxA_109	18	0.33645597852977205	0.1595877025900434	2419.05368719
BronxA_109	19	0.33645597852977205	0.39971565911224305	2699.47631641
BronxA_109	20	0.33645597852977205	0.6398436156344427	2293.44414791
BronxA_109	21	0.33645597852977205	0.8799715721566423	1951.21087438
BronxA_109	22	0.8276446962061469	-0.27616394625110596	2510.89979891
BronxA_075	00	-0.8220409642765851	-0.4086350139676986	3397.66507776
BronxA_075	01	-0.8220409642765851	-0.17210058296843375	2540.85684733
BronxA_075	02	-0.8220409642765851	0.05708122264866247	2524.07335101
BronxA_075	03	-0.38727755061899977	-0.6451694449669633	6877.25824555
BronxA_075	04	-0.38727755061899977	-0.4086350139676986	5085.27434968
BronxA_075	05	-0.38727755061899977	-0.17210058296843375	4046.83588155
BronxA_075	06	-0.38727755061899977	0.05708122264866247	3632.463125
BronxA_075	07	-0.38727755061899977	0.26662441978137585	3052.14343348
BronxA_075	08	-0.38727755061899977	0.47616761691408915	2986.43157978
BronxA_075	09	0.043380026862064554	-0.6451694449669633	6505.23916819
BronxA_075	10	0.043380026862064554	-0.4086350139676986	6167.10686701
BronxA_075	11	0.043380026862064554	-0.17210058296843375	5214.05727444
BronxA_075	12	0.043380026862064554	0.05708122264866247	5048.05095106
BronxA_075	13	0.043380026862064554	0.26662441978137585	4411.09002413
BronxA_075	14	0.043380026862064554	0.47616761691408915	5111.06780653
BronxA_075	15	0.043380026862064554	0.6857108140468026	6458.66858703
BronxA_075	16	0.4405518872067706	-0.6451694449669633	6525.27458038
BronxA_075	17	0.4405518872067706	-0.4086350139676986	5627.17808177
BronxA_075	18	0.4405518872067706	-0.17210058296843375	7058.12339654
BronxA_075	19	0.4405518872067706	0.05708122264866247	6082.83230916
BronxA_075	20	0.4405518872067706	0.26662441978137585	5740.95418653
BronxA_075	21	0.4405518872067706	0.47616761691408915	6323.3823353
BronxA_075	22	0.8377237475514766	-0.4086350139676986	5714.54586585
BronxA_075	23	0.8377237475514766	-0.17210058296843375	7837.89211701
BronxA_075	24	0.8377237475514766	0.05708122264866247	5719.46763473
BronxA_075	25	0.8377237475514766	0.26662441978137585	5284.95423077
BronxA_119	00	-0.6657433320646724	-0.611789168877494	5945.86693526
BronxA_119	01	-0.6657433320646724	-0.44658877091291876	5865.03870098
BronxA_119	02	-0.6657433320646724	-0.2813883729483436	5143.59739174
BronxA_119	03	-0.6657433320646724	-0.11618797498376841	5017.09100216
BronxA_119	04	-0.6657433320646724	0.06385537058512725	4621.69257415
BronxA_119	05	-0.6657433320646724	0.2790851427791972	4711.33417611
BronxA_119	06	0.002467511240629476	-0.611789168877494	5559.37649016
BronxA_119	07	0.002467511240629476	-0.44658877091291876	4836.84044586
BronxA_119	08	0.002467511240629476	-0.2813883729483436	4902.46406702
BronxA_119	09	0.002467511240629476	-0.11618797498376841	4723.42980696
BronxA_119	10	0.002467511240629476	0.06385537058512725	4878.38186639
BronxA_119	11	0.002467511240629476	0.2790851427791972	5184.36799042
BronxA_119	12	0.002467511240629476	0.4943149149732672	4969.70077206
BronxA_119	13	0.002467511240629476	0.7095446871673372	4681.46742164
BronxA_119	14	0.002467511240629476	0.9247744593614071	4326.69560866
BronxA_119	15	0.6675857120122382	-0.2813883729483436	4795.38609916
BronxA_119	16	0.6675857120122382	-0.11618797498376841	4460.11983057
BronxA_119	17	0.6675857120122382	0.06385537058512725	4605.92687579
BronxA_119	18	0.6675857120122382	0.2790851427791972	5489.86228272
BronxA_119	19	0.6675857120122382	0.4943149149732672	5277.21858741
BronxA_119	20	0.6675857120122382	0.7095446871673372	4855.48910462
