BronxA_009	00	-0.8737722551606348	-0.1002147685065825	2.10953346856
BronxA_009	01	-0.8737722551606348	0.19620459826072864	2.10794602699
BronxA_009	02	-0.44985981390413016	-0.3572623206021818	2.10687022901
BronxA_009	03	-0.44985981390413016	-0.1002147685065825	2.10098522167
BronxA_009	04	-0.44985981390413016	0.19620459826072864	2.15094339623
BronxA_009	05	-0.44985981390413016	0.5177822081116369	2.09456740443
BronxA_009	06	-0.44985981390413016	0.8393598179625451	2.14910025707
BronxA_009	07	-0.025947372647625623	-0.6143098726977813	2.0906002265
BronxA_009	08	-0.025947372647625623	-0.3572623206021818	2.16575790622
BronxA_009	09	-0.025947372647625623	-0.1002147685065825	2.18426966292
BronxA_009	10	-0.025947372647625623	0.19620459826072864	2.1293984109
BronxA_009	11	-0.025947372647625623	0.5177822081116369	2.15592203898
BronxA_009	12	-0.025947372647625623	0.8393598179625451	2.20728929385
BronxA_009	13	0.4199261980597977	-0.6143098726977813	2.13333333333
BronxA_009	14	0.4199261980597977	-0.3572623206021818	2.15193370166
BronxA_009	15	0.4199261980597977	-0.1002147685065825	2.23021582734
BronxA_009	16	0.4199261980597977	0.19620459826072864	2.15365239295
BronxA_009	17	0.4199261980597977	0.5177822081116369	2.12756264237
BronxA_009	18	0.8672316371762189	-0.3572623206021818	2.1275862069
BronxA_009	19	0.8672316371762189	-0.1002147685065825	2.13432835821
BronxA_009	20	0.8672316371762189	0.19620459826072864	2.08154506438
BronxA_010	00	-0.7651222479672553	-0.301222631653004	2.4260131951
BronxA_010	01	-0.7651222479672553	-0.10161522161530818	2.47186932849
BronxA_010	02	-0.7651222479672553	0.1230336304216903	2.53634577603
BronxA_010	03	-0.7651222479672553	0.3736497735182347	2.49822904368
BronxA_010	04	-0.2449473002617578	-0.5008300416907	2.3824940048
BronxA_010	05	-0.2449473002617578	-0.301222631653004	2.42273534636
BronxA_010	06	-0.2449473002617578	-0.10161522161530818	2.49957374254
BronxA_010	07	-0.2449473002617578	0.1230336304216903	2.52561983471
BronxA_010	08	-0.2449473002617578	0.3736497735182347	2.64392678869
BronxA_010	09	-0.2449473002617578	0.624265916614779	2.47720544701
BronxA_010	10	0.26722958310123346	-0.5008300416907	2.46546961326
BronxA_010	11	0.26722958310123346	-0.301222631653004	2.37489812551
BronxA_010	12	0.26722958310123346	-0.10161522161530818	2.44237288136
BronxA_010	13	0.26722958310123346	0.1230336304216903	2.46763754045
BronxA_010	14	0.26722958310123346	0.3736497735182347	2.57864710676
BronxA_010	15	0.26722958310123346	0.624265916614779	2.42685851319
BronxA_010	16	0.7722883433896989	-0.301222631653004	2.34963579605
BronxA_010	17	0.7722883433896989	-0.10161522161530818	2.3801980198
BronxA_010	18	0.7722883433896989	0.1230336304216903	2.37512537613
BronxA_010	19	0.7722883433896989	0.3736497735182347	2.41711229947
BronxA_016	00	-0.8466736512122864	-0.3349125487713122	2.44098573281
BronxA_016	01	-0.8466736512122864	-0.1449024386319443	2.47885714286
BronxA_016	02	-0.8466736512122864	0.050114005457365524	2.41787709497
BronxA_016	03	-0.8466736512122864	0.26121263631690367	2.47097480832
BronxA_016	04	-0.2588422150335849	-0.7149327690500481	2.44106925881
BronxA_016	05	-0.2588422150335849	-0.5249226589106801	2.42641635937
BronxA_016	06	-0.2588422150335849	-0.3349125487713122	2.39846449136
BronxA_016	07	-0.2588422150335849	-0.1449024386319443	2.40797546012
BronxA_016	08	-0.2588422150335849	0.050114005457365524	2.42357414449
BronxA_016	09	-0.2588422150335849	0.26121263631690367	2.42614280317
BronxA_016	10	-0.2588422150335849	0.47231126717644184	2.45816358508
BronxA_016	11	-0.2588422150335849	0.6834098980359798	2.48344144759
BronxA_016	12	0.3075167299110347	-0.5249226589106801	2.44923559388
BronxA_016	13	0.3075167299110347	-0.3349125487713122	2.4623655914
BronxA_016	14	0.3075167299110347	-0.1449024386319443	2.43912175649
BronxA_016	15	0.3075167299110347	0.050114005457365524	2.42630937881
BronxA_016	16	0.3075167299110347	0.26121263631690367	2.42702918832
BronxA_016	17	0.3075167299110347	0.47231126717644184	2.46501128668
BronxA_016	18	0.3075167299110347	0.6834098980359798	2.46297488731
BronxA_016	19	0.8569815432668647	-0.1449024386319443	2.45459803355
BronxA_016	20	0.8569815432668647	0.050114005457365524	2.45645987479
BronxA_016	21	0.8569815432668647	0.26121263631690367	2.49144119271
BronxA_019	00	-0.8587176200841186	-0.3382047056087095	2.43421052632
BronxA_019	01	-0.8587176200841186	-0.14913137747289293	2.45705361791
BronxA_019	02	-0.8587176200841186	0.04484165069258589	2.40770314702
BronxA_019	03	-0.8587176200841186	0.25710870312327844	2.4607754734
BronxA_019	04	-0.2659930772907008	-0.7163513618803428	2.42200825309
BronxA_019	05	-0.2659930772907008	-0.5272780337445261	2.41971575446
BronxA_019	06	-0.2659930772907008	-0.3382047056087095	2.39576936199
BronxA_019	07	-0.2659930772907008	-0.14913137747289293	2.40644276902
BronxA_019	08	-0.2659930772907008	0.04484165069258589	2.42150114716
BronxA_019	09	-0.2659930772907008	0.25710870312327844	2.42127509687
BronxA_019	10	-0.2659930772907008	0.46937575555397093	2.45444915254
BronxA_019	11	-0.2659930772907008	0.6816428079846633	2.49572649573
BronxA_019	12	0.30810709665918784	-0.5272780337445261	2.45909241471
BronxA_019	13	0.30810709665918784	-0.3382047056087095	2.44892086331
BronxA_019	14	0.30810709665918784	-0.14913137747289293	2.42120241907
BronxA_019	15	0.30810709665918784	0.04484165069258589	2.4238267148
BronxA_019	16	0.30810709665918784	0.25710870312327844	2.42193246406
BronxA_019	17	0.30810709665918784	0.46937575555397093	2.44552581779
BronxA_019	18	0.30810709665918784	0.6816428079846633	2.45151606124
BronxA_019	19	0.8670451154316893	-0.14913137747289293	2.43939393939
BronxA_019	20	0.8670451154316893	0.04484165069258589	2.43369890329
BronxA_019	21	0.8670451154316893	0.25710870312327844	2.46058289537
BronxA_070	00	-0.7518374519356829	-0.4463878181374036	2.47001733102
BronxA_070	01	-0.7518374519356829	-0.2249433214278876	2.48102936325
BronxA_070	02	-0.7518374519356829	-0.0034988247183715903	2.47667731629
BronxA_070	03	-0.7518374519356829	0.2194819423464145	2.48042328042
BronxA_070	04	-0.7518374519356829	0.44248737216611556	2.47132616487
BronxA_070	05	-0.2330424411463179	-0.6678323148469195	2.38226078573
BronxA_070	06	-0.2330424411463179	-0.4463878181374036	2.40909090909
BronxA_070	07	-0.2330424411463179	-0.2249433214278876	2.44887622665
BronxA_070	08	-0.2330424411463179	-0.0034988247183715903	2.51439539347
BronxA_070	09	-0.2330424411463179	0.2194819423464145	2.51505646173
BronxA_070	10	-0.2330424411463179	0.44248737216611556	2.5030995106
BronxA_070	11	-0.2330424411463179	0.6654928019858167	2.51644807568
BronxA_070	12	0.2714604707070167	-0.6678323148469195	2.38500132031
BronxA_070	13	0.2714604707070167	-0.4463878181374036	2.40078585462
BronxA_070	14	0.2714604707070167	-0.2249433214278876	2.43309499489
BronxA_070	15	0.2714604707070167	-0.0034988247183715903	2.47001733102
BronxA_070	16	0.2714604707070167	0.2194819423464145	2.47609359105
BronxA_070	17	0.2714604707070167	0.44248737216611556	2.52004164498
BronxA_070	18	0.2714604707070167	0.6654928019858167	2.52042160738
BronxA_070	19	0.7643076146723572	-0.4463878181374036	2.45019305019
BronxA_070	20	0.7643076146723572	-0.2249433214278876	2.4458781362
BronxA_070	21	0.7643076146723572	-0.0034988247183715903	2.45937737282
BronxA_070	22	0.7643076146723572	0.2194819423464145	2.46711695699
BronxA_071	00	-0.7963228497990553	-0.2863058406975909	2.40582726327
BronxA_071	01	-0.7963228497990553	-0.08240622992176676	2.32098765432
BronxA_071	02	-0.7963228497990553	0.1454842419924741	2.38624338624
BronxA_071	03	-0.7963228497990553	0.3896471758720989	2.51994851995
BronxA_071	04	-0.29909584696599373	-0.6941050622492394	2.40936454849
BronxA_071	05	-0.29909584696599373	-0.49020545147341504	2.37662337662
BronxA_071	06	-0.29909584696599373	-0.2863058406975909	2.42934196332
BronxA_071	07	-0.29909584696599373	-0.08240622992176676	2.41765339074
BronxA_071	08	-0.29909584696599373	0.1454842419924741	2.43597262952
BronxA_071	09	-0.29909584696599373	0.3896471758720989	2.51648351648
BronxA_071	10	-0.29909584696599373	0.6338101097517236	2.62740076825
BronxA_071	11	-0.29909584696599373	0.8779730436313482	2.71457489879
BronxA_071	12	0.22043000141127123	-0.6941050622492394	2.47985781991
BronxA_071	13	0.22043000141127123	-0.49020545147341504	2.41987829615
BronxA_071	14	0.22043000141127123	-0.2863058406975909	2.46978557505
BronxA_071	15	0.22043000141127123	-0.08240622992176676	2.52127659574
BronxA_071	16	0.22043000141127123	0.1454842419924741	2.58139534884
BronxA_071	17	0.22043000141127123	0.3896471758720989	2.67791636097
BronxA_071	18	0.22043000141127123	0.6338101097517236	2.74821722436
BronxA_071	19	0.22043000141127123	0.8779730436313482	2.7455399061
BronxA_071	20	0.7736178554696731	-0.49020545147341504	2.58073654391
BronxA_071	21	0.7736178554696731	-0.2863058406975909	2.58631256384
BronxA_071	22	0.7736178554696731	-0.08240622992176676	2.64095972579
BronxA_071	23	0.7736178554696731	0.1454842419924741	2.74261603376
BronxA_071	24	0.7736178554696731	0.3896471758720989	2.76290463692
BronxA_088	00	-0.8136616382308877	-0.44085009327087993	2.36914600551
BronxA_088	01	-0.8136616382308877	-0.21719248530349156	2.31713554987
BronxA_088	02	-0.8136616382308877	0.008191363541413187	2.33333333333
BronxA_088	03	-0.8136616382308877	0.29156739071171417	2.29842931937
BronxA_088	04	-0.2782954553995785	-0.6645077012382683	2.40527182867
BronxA_088	05	-0.2782954553995785	-0.44085009327087993	2.40476190476
BronxA_088	06	-0.2782954553995785	-0.21719248530349156	2.33333333333
BronxA_088	07	-0.2782954553995785	0.008191363541413187	2.36276849642
BronxA_088	08	-0.2782954553995785	0.29156739071171417	2.36717062635
BronxA_088	09	-0.2782954553995785	0.5749434178820152	2.37431192661
BronxA_088	10	-0.2782954553995785	0.858319445052316	2.25352112676
BronxA_088	11	0.2626490838220609	-0.6645077012382683	2.33786407767
BronxA_088	12	0.2626490838220609	-0.44085009327087993	2.35009310987
BronxA_088	13	0.2626490838220609	-0.21719248530349156	2.33333333333
BronxA_088	14	0.2626490838220609	0.008191363541413187	2.35220125786
BronxA_088	15	0.2626490838220609	0.29156739071171417	2.36206896552
BronxA_088	16	0.2626490838220609	0.5749434178820152	2.42596348884
BronxA_088	17	0.2626490838220609	0.858319445052316	2.37757009346
BronxA_088	18	0.8096325495583514	-0.21719248530349156	2.39408866995
BronxA_088	19	0.8096325495583514	0.008191363541413187	2.41764705882
BronxA_088	20	0.8096325495583514	0.29156739071171417	2.41763341067
BronxA_088	21	0.8096325495583514	0.5749434178820152	2.44444444444
BronxA_109	00	-0.7886655856053921	-0.48296549974598824	2.75073313783
BronxA_109	01	-0.7886655856053921	-0.27616394625110596	2.72972972973
BronxA_109	02	-0.7886655856053921	-0.06936239275622368	2.7072135785
BronxA_109	03	-0.7886655856053921	0.1595877025900434	2.72487644152
BronxA_109	04	-0.7886655856053921	0.39971565911224305	2.69565217391
BronxA_109	05	-0.7886655856053921	0.6398436156344427	2.70656370656
BronxA_109	06	-0.1889275933510695	-0.6897670532408705	2.72478991597
BronxA_109	07	-0.1889275933510695	-0.48296549974598824	2.728
BronxA_109	08	-0.1889275933510695	-0.27616394625110596	2.65714285714
BronxA_109	09	-0.1889275933510695	-0.06936239275622368	2.71282051282
BronxA_109	10	-0.1889275933510695	0.1595877025900434	2.74142480211
BronxA_109	11	-0.1889275933510695	0.39971565911224305	2.71702944942
BronxA_109	12	-0.1889275933510695	0.6398436156344427	2.70234986945
BronxA_109	13	-0.1889275933510695	0.8799715721566423	2.77711561383
BronxA_109	14	0.33645597852977205	-0.6897670532408705	2.70704225352
BronxA_109	15	0.33645597852977205	-0.48296549974598824	2.71332694151
BronxA_109	16	0.33645597852977205	-0.27616394625110596	2.66407263294
BronxA_109	17	0.33645597852977205	-0.06936239275622368	2.72146118721
BronxA_109	18	0.33645597852977205	0.1595877025900434	2.71467146715
BronxA_109	19	0.33645597852977205	0.39971565911224305	2.66113989637
BronxA_109	20	0.33645597852977205	0.6398436156344427	2.72093023256
BronxA_109	21	0.33645597852977205	0.8799715721566423	2.75655430712
BronxA_109	22	0.8276446962061469	-0.27616394625110596	2.67851851852
BronxA_075	00	-0.8220409642765851	-0.4086350139676986	2.66339700568
BronxA_075	01	-0.8220409642765851	-0.17210058296843375	2.73244444444
BronxA_075	02	-0.8220409642765851	0.05708122264866247	2.73757455268
BronxA_075	03	-0.38727755061899977	-0.6451694449669633	2.47710730218
BronxA_075	04	-0.38727755061899977	-0.4086350139676986	2.50895279436
BronxA_075	05	-0.38727755061899977	-0.17210058296843375	2.58047105005
BronxA_075	06	-0.38727755061899977	0.05708122264866247	2.59020044543
BronxA_075	07	-0.38727755061899977	0.26662441978137585	2.66861766225
BronxA_075	08	-0.38727755061899977	0.47616761691408915	2.69804868236
BronxA_075	09	0.043380026862064554	-0.6451694449669633	2.48196503651
BronxA_075	10	0.043380026862064554	-0.4086350139676986	2.4813559322
BronxA_075	11	0.043380026862064554	-0.17210058296843375	2.53184804342
BronxA_075	12	0.043380026862064554	0.05708122264866247	2.53000560852
BronxA_075	13	0.043380026862064554	0.26662441978137585	2.56284011402
BronxA_075	14	0.043380026862064554	0.47616761691408915	2.5400286944
BronxA_075	15	0.043380026862064554	0.6857108140468026	2.48295102294
BronxA_075	16	0.4405518872067706	-0.6451694449669633	2.45247657296
BronxA_075	17	0.4405518872067706	-0.4086350139676986	2.48414496036
BronxA_075	18	0.4405518872067706	-0.17210058296843375	2.44112877068
BronxA_075	19	0.4405518872067706	0.05708122264866247	2.46518518519
BronxA_075	20	0.4405518872067706	0.26662441978137585	2.4514393328
BronxA_075	21	0.4405518872067706	0.47616761691408915	2.46480804388
BronxA_075	22	0.8377237475514766	-0.4086350139676986	2.4734001542
BronxA_075	23	0.8377237475514766	-0.17210058296843375	2.41162790698
BronxA_075	24	0.8377237475514766	0.05708122264866247	2.45266372582
BronxA_075	25	0.8377237475514766	0.26662441978137585	2.47479376719
BronxA_119	00	-0.6657433320646724	-0.611789168877494	2.43454957741
BronxA_119	01	-0.6657433320646724	-0.44658877091291876	2.41437632135
BronxA_119	02	-0.6657433320646724	-0.2813883729483436	2.46578743212
BronxA_119	03	-0.6657433320646724	-0.11618797498376841	2.46736251753
BronxA_119	04	-0.6657433320646724	0.06385537058512725	2.48450607773
BronxA_119	05	-0.6657433320646724	0.2790851427791972	2.48109836374
BronxA_119	06	0.002467511240629476	-0.611789168877494	2.47701499817
BronxA_119	07	0.002467511240629476	-0.44658877091291876	2.4976193383
BronxA_119	08	0.002467511240629476	-0.2813883729483436	2.5044880572
BronxA_119	09	0.002467511240629476	-0.11618797498376841	2.48563746993
BronxA_119	10	0.002467511240629476	0.06385537058512725	2.47770154374
BronxA_119	11	0.002467511240629476	0.2790851427791972	2.47207968609
BronxA_119	12	0.002467511240629476	0.4943149149732672	2.47899910634
BronxA_119	13	0.002467511240629476	0.7095446871673372	2.50224103586
BronxA_119	14	0.002467511240629476	0.9247744593614071	2.53532866073
BronxA_119	15	0.6675857120122382	-0.2813883729483436	2.51192368839
BronxA_119	16	0.6675857120122382	-0.11618797498376841	2.48932565232
BronxA_119	17	0.6675857120122382	0.06385537058512725	2.50238625517
BronxA_119	18	0.6675857120122382	0.2790851427791972	2.44396684065
BronxA_119	19	0.6675857120122382	0.4943149149732672	2.43262516714
BronxA_119	20	0.6675857120122382	0.7095446871673372	2.45995893224
