BronxA_009	00	-0.8737722551606348	-0.1002147685065825	520
BronxA_009	01	-0.8737722551606348	0.19620459826072864	703
BronxA_009	02	-0.44985981390413016	-0.3572623206021818	828
BronxA_009	03	-0.44985981390413016	-0.1002147685065825	853
BronxA_009	04	-0.44985981390413016	0.19620459826072864	798
BronxA_009	05	-0.44985981390413016	0.5177822081116369	1041
BronxA_009	06	-0.44985981390413016	0.8393598179625451	418
BronxA_009	07	-0.025947372647625623	-0.6143098726977813	923
BronxA_009	08	-0.025947372647625623	-0.3572623206021818	993
BronxA_009	09	-0.025947372647625623	-0.1002147685065825	972
BronxA_009	10	-0.025947372647625623	0.19620459826072864	938
BronxA_009	11	-0.025947372647625623	0.5177822081116369	719
BronxA_009	12	-0.025947372647625623	0.8393598179625451	969
BronxA_009	13	0.4199261980597977	-0.6143098726977813	816
BronxA_009	14	0.4199261980597977	-0.3572623206021818	779
BronxA_009	15	0.4199261980597977	-0.1002147685065825	930
BronxA_009	16	0.4199261980597977	0.19620459826072864	855
BronxA_009	17	0.4199261980597977	0.5177822081116369	934
BronxA_009	18	0.8672316371762189	-0.3572623206021818	617
BronxA_009	19	0.8672316371762189	-0.1002147685065825	572
BronxA_009	20	0.8672316371762189	0.19620459826072864	485
BronxA_010	00	-0.7651222479672553	-0.301222631653004	1287
BronxA_010	01	-0.7651222479672553	-0.10161522161530818	1362
BronxA_010	02	-0.7651222479672553	0.1230336304216903	1291
BronxA_010	03	-0.7651222479672553	0.3736497735182347	1058
BronxA_010	04	-0.2449473002617578	-0.5008300416907	1987
BronxA_010	05	-0.2449473002617578	-0.301222631653004	1364
BronxA_010	06	-0.2449473002617578	-0.10161522161530818	1466
BronxA_010	07	-0.2449473002617578	0.1230336304216903	1528
BronxA_010	08	-0.2449473002617578	0.3736497735182347	1589
BronxA_010	09	-0.2449473002617578	0.624265916614779	2092
BronxA_010	10	0.26722958310123346	-0.5008300416907	1785
BronxA_010	11	0.26722958310123346	-0.301222631653004	1457
BronxA_010	12	0.26722958310123346	-0.10161522161530818	1441
BronxA_010	13	0.26722958310123346	0.1230336304216903	1525
BronxA_010	14	0.26722958310123346	0.3736497735182347	1582
BronxA_010	15	0.26722958310123346	0.624265916614779	2024
BronxA_010	16	0.7722883433896989	-0.301222631653004	1129
BronxA_010	17	0.7722883433896989	-0.10161522161530818	1202
BronxA_010	18	0.7722883433896989	0.1230336304216903	1184
BronxA_010	19	0.7722883433896989	0.3736497735182347	904
BronxA_016	00	-0.8466736512122864	-0.3349125487713122	1882
BronxA_016	01	-0.8466736512122864	-0.1449024386319443	2169
BronxA_016	02	-0.8466736512122864	0.050114005457365524	2164
BronxA_016	03	-0.8466736512122864	0.26121263631690367	2256
BronxA_016	04	-0.2588422150335849	-0.7149327690500481	4018
BronxA_016	05	-0.2588422150335849	-0.5249226589106801	3619
BronxA_016	06	-0.2588422150335849	-0.3349125487713122	3124
BronxA_016	07	-0.2588422150335849	-0.1449024386319443	3140
BronxA_016	08	-0.2588422150335849	0.050114005457365524	3187
BronxA_016	09	-0.2588422150335849	0.26121263631690367	3211
BronxA_016	10	-0.2588422150335849	0.47231126717644184	3922
BronxA_016	11	-0.2588422150335849	0.6834098980359798	3637
BronxA_016	12	0.3075167299110347	-0.5249226589106801	3124
BronxA_016	13	0.3075167299110347	-0.3349125487713122	3664
BronxA_016	14	0.3075167299110347	-0.1449024386319443	3055
BronxA_016	15	0.3075167299110347	0.050114005457365524	2988
BronxA_016	16	0.3075167299110347	0.26121263631690367	3035
BronxA_016	17	0.3075167299110347	0.47231126717644184	3822
BronxA_016	18	0.3075167299110347	0.6834098980359798	3825
BronxA_016	19	0.8569815432668647	-0.1449024386319443	2122
BronxA_016	20	0.8569815432668647	0.050114005457365524	2158
BronxA_016	21	0.8569815432668647	0.26121263631690367	2256
BronxA_019	00	-0.8587176200841186	-0.3382047056087095	2035
BronxA_019	01	-0.8587176200841186	-0.14913137747289293	2360
BronxA_019	02	-0.8587176200841186	0.04484165069258589	2563
BronxA_019	03	-0.8587176200841186	0.25710870312327844	2729
BronxA_019	04	-0.2659930772907008	-0.7163513618803428	4402
BronxA_019	05	-0.2659930772907008	-0.5272780337445261	4001
BronxA_019	06	-0.2659930772907008	-0.3382047056087095	3511
BronxA_019	07	-0.2659930772907008	-0.14913137747289293	3511
BronxA_019	08	-0.2659930772907008	0.04484165069258589	3694
BronxA_019	09	-0.2659930772907008	0.25710870312327844	3437
BronxA_019	10	-0.2659930772907008	0.46937575555397093	4634
BronxA_019	11	-0.2659930772907008	0.6816428079846633	4526
BronxA_019	12	0.30810709665918784	-0.5272780337445261	3712
BronxA_019	13	0.30810709665918784	-0.3382047056087095	4255
BronxA_019	14	0.30810709665918784	-0.14913137747289293	3403
BronxA_019	15	0.30810709665918784	0.04484165069258589	3357
BronxA_019	16	0.30810709665918784	0.25710870312327844	3622
BronxA_019	17	0.30810709665918784	0.46937575555397093	4523
BronxA_019	18	0.30810709665918784	0.6816428079846633	4083
BronxA_019	19	0.8670451154316893	-0.14913137747289293	2415
BronxA_019	20	0.8670451154316893	0.04484165069258589	2441
BronxA_019	21	0.8670451154316893	0.25710870312327844	2575
BronxA_070	00	-0.7518374519356829	-0.4463878181374036	3563
BronxA_070	01	-0.7518374519356829	-0.2249433214278876	3760
BronxA_070	02	-0.7518374519356829	-0.0034988247183715903	3876
BronxA_070	03	-0.7518374519356829	0.2194819423464145	3516
BronxA_070	04	-0.7518374519356829	0.44248737216611556	2758
BronxA_070	05	-0.2330424411463179	-0.6678323148469195	4942
BronxA_070	06	-0.2330424411463179	-0.4463878181374036	3657
BronxA_070	07	-0.2330424411463179	-0.2249433214278876	3868
BronxA_070	08	-0.2330424411463179	-0.0034988247183715903	3930
BronxA_070	09	-0.2330424411463179	0.2194819423464145	4009
BronxA_070	10	-0.2330424411463179	0.44248737216611556	3836
BronxA_070	11	-0.2330424411463179	0.6654928019858167	5852
BronxA_070	12	0.2714604707070167	-0.6678323148469195	4516
BronxA_070	13	0.2714604707070167	-0.4463878181374036	3055
BronxA_070	14	0.2714604707070167	-0.2249433214278876	3573
BronxA_070	15	0.2714604707070167	-0.0034988247183715903	3563
BronxA_070	16	0.2714604707070167	0.2194819423464145	3651
BronxA_070	17	0.2714604707070167	0.44248737216611556	4841
BronxA_070	18	0.2714604707070167	0.6654928019858167	5739
BronxA_070	19	0.7643076146723572	-0.4463878181374036	3173
BronxA_070	20	0.7643076146723572	-0.2249433214278876	3412
BronxA_070	21	0.7643076146723572	-0.0034988247183715903	3239
BronxA_070	22	0.7643076146723572	0.2194819423464145	3470
BronxA_071	00	-0.7963228497990553	-0.2863058406975909	1156
BronxA_071	01	-0.7963228497990553	-0.08240622992176676	1034
BronxA_071	02	-0.7963228497990553	0.1454842419924741	902
BronxA_071	03	-0.7963228497990553	0.3896471758720989	979
BronxA_071	04	-0.29909584696599373	-0.6941050622492394	1801
BronxA_071	05	-0.29909584696599373	-0.49020545147341504	1464
BronxA_071	06	-0.29909584696599373	-0.2863058406975909	1126
BronxA_071	07	-0.29909584696599373	-0.08240622992176676	1123
BronxA_071	08	-0.29909584696599373	0.1454842419924741	1246
BronxA_071	09	-0.29909584696599373	0.3896471758720989	1374
BronxA_071	10	-0.29909584696599373	0.6338101097517236	2052
BronxA_071	11	-0.29909584696599373	0.8779730436313482	1341
BronxA_071	12	0.22043000141127123	-0.6941050622492394	2093
BronxA_071	13	0.22043000141127123	-0.49020545147341504	1193
BronxA_071	14	0.22043000141127123	-0.2863058406975909	1267
BronxA_071	15	0.22043000141127123	-0.08240622992176676	1185
BronxA_071	16	0.22043000141127123	0.1454842419924741	1665
BronxA_071	17	0.22043000141127123	0.3896471758720989	1825
BronxA_071	18	0.22043000141127123	0.6338101097517236	2505
BronxA_071	19	0.22043000141127123	0.8779730436313482	1462
BronxA_071	20	0.7736178554696731	-0.49020545147341504	911
BronxA_071	21	0.7736178554696731	-0.2863058406975909	1266
BronxA_071	22	0.7736178554696731	-0.08240622992176676	1541
BronxA_071	23	0.7736178554696731	0.1454842419924741	1625
BronxA_071	24	0.7736178554696731	0.3896471758720989	1579
BronxA_088	00	-0.8136616382308877	-0.44085009327087993	430
BronxA_088	01	-0.8136616382308877	-0.21719248530349156	453
BronxA_088	02	-0.8136616382308877	0.008191363541413187	462
BronxA_088	03	-0.8136616382308877	0.29156739071171417	439
BronxA_088	04	-0.2782954553995785	-0.6645077012382683	730
BronxA_088	05	-0.2782954553995785	-0.44085009327087993	505
BronxA_088	06	-0.2782954553995785	-0.21719248530349156	455
BronxA_088	07	-0.2782954553995785	0.008191363541413187	495
BronxA_088	08	-0.2782954553995785	0.29156739071171417	548
BronxA_088	09	-0.2782954553995785	0.5749434178820152	647
BronxA_088	10	-0.2782954553995785	0.858319445052316	400
BronxA_088	11	0.2626490838220609	-0.6645077012382683	602
BronxA_088	12	0.2626490838220609	-0.44085009327087993	631
BronxA_088	13	0.2626490838220609	-0.21719248530349156	455
BronxA_088	14	0.2626490838220609	0.008191363541413187	561
BronxA_088	15	0.2626490838220609	0.29156739071171417	548
BronxA_088	16	0.2626490838220609	0.5749434178820152	598
BronxA_088	17	0.2626490838220609	0.858319445052316	636
BronxA_088	18	0.8096325495583514	-0.21719248530349156	486
BronxA_088	19	0.8096325495583514	0.008191363541413187	411
BronxA_088	20	0.8096325495583514	0.29156739071171417	521
BronxA_088	21	0.8096325495583514	0.5749434178820152	473
BronxA_109	00	-0.7886655856053921	-0.48296549974598824	938
BronxA_109	01	-0.7886655856053921	-0.27616394625110596	909
BronxA_109	02	-0.7886655856053921	-0.06936239275622368	957
BronxA_109	03	-0.7886655856053921	0.1595877025900434	827
BronxA_109	04	-0.7886655856053921	0.39971565911224305	744
BronxA_109	05	-0.7886655856053921	0.6398436156344427	701
BronxA_109	06	-0.1889275933510695	-0.6897670532408705	1297
BronxA_109	07	-0.1889275933510695	-0.48296549974598824	1023
BronxA_109	08	-0.1889275933510695	-0.27616394625110596	1023
BronxA_109	09	-0.1889275933510695	-0.06936239275622368	1058
BronxA_109	10	-0.1889275933510695	0.1595877025900434	1039
BronxA_109	11	-0.1889275933510695	0.39971565911224305	1061
BronxA_109	12	-0.1889275933510695	0.6398436156344427	1035
BronxA_109	13	-0.1889275933510695	0.8799715721566423	1165
BronxA_109	14	0.33645597852977205	-0.6897670532408705	961
BronxA_109	15	0.33645597852977205	-0.48296549974598824	1415
BronxA_109	16	0.33645597852977205	-0.27616394625110596	1027
BronxA_109	17	0.33645597852977205	-0.06936239275622368	1490
BronxA_109	18	0.33645597852977205	0.1595877025900434	1508
BronxA_109	19	0.33645597852977205	0.39971565911224305	1284
BronxA_109	20	0.33645597852977205	0.6398436156344427	1170
BronxA_109	21	0.33645597852977205	0.8799715721566423	736
BronxA_109	22	0.8276446962061469	-0.27616394625110596	904
BronxA_075	00	-0.8220409642765851	-0.4086350139676986	5159
BronxA_075	01	-0.8220409642765851	-0.17210058296843375	6148
BronxA_075	02	-0.8220409642765851	0.05708122264866247	5508
BronxA_075	03	-0.38727755061899977	-0.6451694449669633	5275
BronxA_075	04	-0.38727755061899977	-0.4086350139676986	4624
BronxA_075	05	-0.38727755061899977	-0.17210058296843375	5259
BronxA_075	06	-0.38727755061899977	0.05708122264866247	5815
BronxA_075	07	-0.38727755061899977	0.26662441978137585	7751
BronxA_075	08	-0.38727755061899977	0.47616761691408915	6706
BronxA_075	09	0.043380026862064554	-0.6451694449669633	5608
BronxA_075	10	0.043380026862064554	-0.4086350139676986	4026
BronxA_075	11	0.043380026862064554	-0.17210058296843375	4432
BronxA_075	12	0.043380026862064554	0.05708122264866247	4511
BronxA_075	13	0.043380026862064554	0.26662441978137585	4945
BronxA_075	14	0.043380026862064554	0.47616761691408915	4426
BronxA_075	15	0.043380026862064554	0.6857108140468026	8010
BronxA_075	16	0.4405518872067706	-0.6451694449669633	4580
BronxA_075	17	0.4405518872067706	-0.4086350139676986	4387
BronxA_075	18	0.4405518872067706	-0.17210058296843375	3763
BronxA_075	19	0.4405518872067706	0.05708122264866247	4160
BronxA_075	20	0.4405518872067706	0.26662441978137585	4556
BronxA_075	21	0.4405518872067706	0.47616761691408915	5393
BronxA_075	22	0.8377237475514766	-0.4086350139676986	3208
BronxA_075	23	0.8377237475514766	-0.17210058296843375	3111
BronxA_075	24	0.8377237475514766	0.05708122264866247	3614
BronxA_075	25	0.8377237475514766	0.26662441978137585	2700
BronxA_119	00	-0.6657433320646724	-0.611789168877494	5905
BronxA_119	01	-0.6657433320646724	-0.44658877091291876	7423
BronxA_119	02	-0.6657433320646724	-0.2813883729483436	7946
BronxA_119	03	-0.6657433320646724	-0.11618797498376841	7919
BronxA_119	04	-0.6657433320646724	0.06385537058512725	7256
BronxA_119	05	-0.6657433320646724	0.2790851427791972	6596
BronxA_119	06	0.002467511240629476	-0.611789168877494	10157
BronxA_119	07	0.002467511240629476	-0.44658877091291876	10229
BronxA_119	08	0.002467511240629476	-0.2813883729483436	8231
BronxA_119	09	0.002467511240629476	-0.11618797498376841	8783
BronxA_119	10	0.002467511240629476	0.06385537058512725	8667
BronxA_119	11	0.002467511240629476	0.2790851427791972	8190
BronxA_119	12	0.002467511240629476	0.4943149149732672	11096
BronxA_119	13	0.002467511240629476	0.7095446871673372	10049
BronxA_119	14	0.002467511240629476	0.9247744593614071	6692
BronxA_119	15	0.6675857120122382	-0.2813883729483436	5530
BronxA_119	16	0.6675857120122382	-0.11618797498376841	7346
BronxA_119	17	0.6675857120122382	0.06385537058512725	7865
BronxA_119	18	0.6675857120122382	0.2790851427791972	7960
BronxA_119	19	0.6675857120122382	0.4943149149732672	8187
BronxA_119	20	0.6675857120122382	0.7095446871673372	7188
