BronxA_009	00	-0.8737722551606348	-0.1002147685065825	493
BronxA_009	01	-0.8737722551606348	0.19620459826072864	667
BronxA_009	02	-0.44985981390413016	-0.3572623206021818	786
BronxA_009	03	-0.44985981390413016	-0.1002147685065825	812
BronxA_009	04	-0.44985981390413016	0.19620459826072864	742
BronxA_009	05	-0.44985981390413016	0.5177822081116369	994
BronxA_009	06	-0.44985981390413016	0.8393598179625451	389
BronxA_009	07	-0.025947372647625623	-0.6143098726977813	883
BronxA_009	08	-0.025947372647625623	-0.3572623206021818	917
BronxA_009	09	-0.025947372647625623	-0.1002147685065825	890
BronxA_009	10	-0.025947372647625623	0.19620459826072864	881
BronxA_009	11	-0.025947372647625623	0.5177822081116369	667
BronxA_009	12	-0.025947372647625623	0.8393598179625451	878
BronxA_009	13	0.4199261980597977	-0.6143098726977813	765
BronxA_009	14	0.4199261980597977	-0.3572623206021818	724
BronxA_009	15	0.4199261980597977	-0.1002147685065825	834
BronxA_009	16	0.4199261980597977	0.19620459826072864	794
BronxA_009	17	0.4199261980597977	0.5177822081116369	878
BronxA_009	18	0.8672316371762189	-0.3572623206021818	580
BronxA_009	19	0.8672316371762189	-0.1002147685065825	536
BronxA_009	20	0.8672316371762189	0.19620459826072864	466
BronxA_010	00	-0.7651222479672553	-0.301222631653004	1061
BronxA_010	01	-0.7651222479672553	-0.10161522161530818	1102
BronxA_010	02	-0.7651222479672553	0.1230336304216903	1018
BronxA_010	03	-0.7651222479672553	0.3736497735182347	847
BronxA_010	04	-0.2449473002617578	-0.5008300416907	1668
BronxA_010	05	-0.2449473002617578	-0.301222631653004	1126
BronxA_010	06	-0.2449473002617578	-0.10161522161530818	1173
BronxA_010	07	-0.2449473002617578	0.1230336304216903	1210
BronxA_010	08	-0.2449473002617578	0.3736497735182347	1202
BronxA_010	09	-0.2449473002617578	0.624265916614779	1689
BronxA_010	10	0.26722958310123346	-0.5008300416907	1448
BronxA_010	11	0.26722958310123346	-0.301222631653004	1227
BronxA_010	12	0.26722958310123346	-0.10161522161530818	1180
BronxA_010	13	0.26722958310123346	0.1230336304216903	1236
BronxA_010	14	0.26722958310123346	0.3736497735182347	1227
BronxA_010	15	0.26722958310123346	0.624265916614779	1668
BronxA_010	16	0.7722883433896989	-0.301222631653004	961
BronxA_010	17	0.7722883433896989	-0.10161522161530818	1010
BronxA_010	18	0.7722883433896989	0.1230336304216903	997
BronxA_010	19	0.7722883433896989	0.3736497735182347	748
BronxA_016	00	-0.8466736512122864	-0.3349125487713122	1542
BronxA_016	01	-0.8466736512122864	-0.1449024386319443	1750
BronxA_016	02	-0.8466736512122864	0.050114005457365524	1790
BronxA_016	03	-0.8466736512122864	0.26121263631690367	1826
BronxA_016	04	-0.2588422150335849	-0.7149327690500481	3292
BronxA_016	05	-0.2588422150335849	-0.5249226589106801	2983
BronxA_016	06	-0.2588422150335849	-0.3349125487713122	2605
BronxA_016	07	-0.2588422150335849	-0.1449024386319443	2608
BronxA_016	08	-0.2588422150335849	0.050114005457365524	2630
BronxA_016	09	-0.2588422150335849	0.26121263631690367	2647
BronxA_016	10	-0.2588422150335849	0.47231126717644184	3191
BronxA_016	11	-0.2588422150335849	0.6834098980359798	2929
BronxA_016	12	0.3075167299110347	-0.5249226589106801	2551
BronxA_016	13	0.3075167299110347	-0.3349125487713122	2976
BronxA_016	14	0.3075167299110347	-0.1449024386319443	2505
BronxA_016	15	0.3075167299110347	0.050114005457365524	2463
BronxA_016	16	0.3075167299110347	0.26121263631690367	2501
BronxA_016	17	0.3075167299110347	0.47231126717644184	3101
BronxA_016	18	0.3075167299110347	0.6834098980359798	3106
BronxA_016	19	0.8569815432668647	-0.1449024386319443	1729
BronxA_016	20	0.8569815432668647	0.050114005457365524	1757
BronxA_016	21	0.8569815432668647	0.26121263631690367	1811
BronxA_019	00	-0.8587176200841186	-0.3382047056087095	1672
BronxA_019	01	-0.8587176200841186	-0.14913137747289293	1921
BronxA_019	02	-0.8587176200841186	0.04484165069258589	2129
BronxA_019	03	-0.8587176200841186	0.25710870312327844	2218
BronxA_019	04	-0.2659930772907008	-0.7163513618803428	3635
BronxA_019	05	-0.2659930772907008	-0.5272780337445261	3307
BronxA_019	06	-0.2659930772907008	-0.3382047056087095	2931
BronxA_019	07	-0.2659930772907008	-0.14913137747289293	2918
BronxA_019	08	-0.2659930772907008	0.04484165069258589	3051
BronxA_019	09	-0.2659930772907008	0.25710870312327844	2839
BronxA_019	10	-0.2659930772907008	0.46937575555397093	3776
BronxA_019	11	-0.2659930772907008	0.6816428079846633	3627
BronxA_019	12	0.30810709665918784	-0.5272780337445261	3019
BronxA_019	13	0.30810709665918784	-0.3382047056087095	3475
BronxA_019	14	0.30810709665918784	-0.14913137747289293	2811
BronxA_019	15	0.30810709665918784	0.04484165069258589	2770
BronxA_019	16	0.30810709665918784	0.25710870312327844	2991
BronxA_019	17	0.30810709665918784	0.46937575555397093	3699
BronxA_019	18	0.30810709665918784	0.6816428079846633	3331
BronxA_019	19	0.8670451154316893	-0.14913137747289293	1980
BronxA_019	20	0.8670451154316893	0.04484165069258589	2006
BronxA_019	21	0.8670451154316893	0.25710870312327844	2093
BronxA_070	00	-0.7518374519356829	-0.4463878181374036	2885
BronxA_070	01	-0.7518374519356829	-0.2249433214278876	3031
BronxA_070	02	-0.7518374519356829	-0.0034988247183715903	3130
BronxA_070	03	-0.7518374519356829	0.2194819423464145	2835
BronxA_070	04	-0.7518374519356829	0.44248737216611556	2232
BronxA_070	05	-0.2330424411463179	-0.6678323148469195	4149
BronxA_070	06	-0.2330424411463179	-0.4463878181374036	3036
BronxA_070	07	-0.2330424411463179	-0.2249433214278876	3159
BronxA_070	08	-0.2330424411463179	-0.0034988247183715903	3126
BronxA_070	09	-0.2330424411463179	0.2194819423464145	3188
BronxA_070	10	-0.2330424411463179	0.44248737216611556	3065
BronxA_070	11	-0.2330424411463179	0.6654928019858167	4651
BronxA_070	12	0.2714604707070167	-0.6678323148469195	3787
BronxA_070	13	0.2714604707070167	-0.4463878181374036	2545
BronxA_070	14	0.2714604707070167	-0.2249433214278876	2937
BronxA_070	15	0.2714604707070167	-0.0034988247183715903	2885
BronxA_070	16	0.2714604707070167	0.2194819423464145	2949
BronxA_070	17	0.2714604707070167	0.44248737216611556	3842
BronxA_070	18	0.2714604707070167	0.6654928019858167	4554
BronxA_070	19	0.7643076146723572	-0.4463878181374036	2590
BronxA_070	20	0.7643076146723572	-0.2249433214278876	2790
BronxA_070	21	0.7643076146723572	-0.0034988247183715903	2634
BronxA_070	22	0.7643076146723572	0.2194819423464145	2813
BronxA_071	00	-0.7963228497990553	-0.2863058406975909	961
BronxA_071	01	-0.7963228497990553	-0.08240622992176676	891
BronxA_071	02	-0.7963228497990553	0.1454842419924741	756
BronxA_071	03	-0.7963228497990553	0.3896471758720989	777
BronxA_071	04	-0.29909584696599373	-0.6941050622492394	1495
BronxA_071	05	-0.29909584696599373	-0.49020545147341504	1232
BronxA_071	06	-0.29909584696599373	-0.2863058406975909	927
BronxA_071	07	-0.29909584696599373	-0.08240622992176676	929
BronxA_071	08	-0.29909584696599373	0.1454842419924741	1023
BronxA_071	09	-0.29909584696599373	0.3896471758720989	1092
BronxA_071	10	-0.29909584696599373	0.6338101097517236	1562
BronxA_071	11	-0.29909584696599373	0.8779730436313482	988
BronxA_071	12	0.22043000141127123	-0.6941050622492394	1688
BronxA_071	13	0.22043000141127123	-0.49020545147341504	986
BronxA_071	14	0.22043000141127123	-0.2863058406975909	1026
BronxA_071	15	0.22043000141127123	-0.08240622992176676	940
BronxA_071	16	0.22043000141127123	0.1454842419924741	1290
BronxA_071	17	0.22043000141127123	0.3896471758720989	1363
BronxA_071	18	0.22043000141127123	0.6338101097517236	1823
BronxA_071	19	0.22043000141127123	0.8779730436313482	1065
BronxA_071	20	0.7736178554696731	-0.49020545147341504	706
BronxA_071	21	0.7736178554696731	-0.2863058406975909	979
BronxA_071	22	0.7736178554696731	-0.08240622992176676	1167
BronxA_071	23	0.7736178554696731	0.1454842419924741	1185
BronxA_071	24	0.7736178554696731	0.3896471758720989	1143
BronxA_088	00	-0.8136616382308877	-0.44085009327087993	363
BronxA_088	01	-0.8136616382308877	-0.21719248530349156	391
BronxA_088	02	-0.8136616382308877	0.008191363541413187	396
BronxA_088	03	-0.8136616382308877	0.29156739071171417	382
BronxA_088	04	-0.2782954553995785	-0.6645077012382683	607
BronxA_088	05	-0.2782954553995785	-0.44085009327087993	420
BronxA_088	06	-0.2782954553995785	-0.21719248530349156	390
BronxA_088	07	-0.2782954553995785	0.008191363541413187	419
BronxA_088	08	-0.2782954553995785	0.29156739071171417	463
BronxA_088	09	-0.2782954553995785	0.5749434178820152	545
BronxA_088	10	-0.2782954553995785	0.858319445052316	355
BronxA_088	11	0.2626490838220609	-0.6645077012382683	515
BronxA_088	12	0.2626490838220609	-0.44085009327087993	537
BronxA_088	13	0.2626490838220609	-0.21719248530349156	390
BronxA_088	14	0.2626490838220609	0.008191363541413187	477
BronxA_088	15	0.2626490838220609	0.29156739071171417	464
BronxA_088	16	0.2626490838220609	0.5749434178820152	493
BronxA_088	17	0.2626490838220609	0.858319445052316	535
BronxA_088	18	0.8096325495583514	-0.21719248530349156	406
BronxA_088	19	0.8096325495583514	0.008191363541413187	340
BronxA_088	20	0.8096325495583514	0.29156739071171417	431
BronxA_088	21	0.8096325495583514	0.5749434178820152	387
BronxA_109	00	-0.7886655856053921	-0.48296549974598824	682
BronxA_109	01	-0.7886655856053921	-0.27616394625110596	666
BronxA_109	02	-0.7886655856053921	-0.06936239275622368	707
BronxA_109	03	-0.7886655856053921	0.1595877025900434	607
BronxA_109	04	-0.7886655856053921	0.39971565911224305	552
BronxA_109	05	-0.7886655856053921	0.6398436156344427	518
BronxA_109	06	-0.1889275933510695	-0.6897670532408705	952
BronxA_109	07	-0.1889275933510695	-0.48296549974598824	750
BronxA_109	08	-0.1889275933510695	-0.27616394625110596	770
BronxA_109	09	-0.1889275933510695	-0.06936239275622368	780
BronxA_109	10	-0.1889275933510695	0.1595877025900434	758
BronxA_109	11	-0.1889275933510695	0.39971565911224305	781
BronxA_109	12	-0.1889275933510695	0.6398436156344427	766
BronxA_109	13	-0.1889275933510695	0.8799715721566423	839
BronxA_109	14	0.33645597852977205	-0.6897670532408705	710
BronxA_109	15	0.33645597852977205	-0.48296549974598824	1043
BronxA_109	16	0.33645597852977205	-0.27616394625110596	771
BronxA_109	17	0.33645597852977205	-0.06936239275622368	1095
BronxA_109	18	0.33645597852977205	0.1595877025900434	1111
BronxA_109	19	0.33645597852977205	0.39971565911224305	965
BronxA_109	20	0.33645597852977205	0.6398436156344427	860
BronxA_109	21	0.33645597852977205	0.8799715721566423	534
BronxA_109	22	0.8276446962061469	-0.27616394625110596	675
BronxA_075	00	-0.8220409642765851	-0.4086350139676986	3874
BronxA_075	01	-0.8220409642765851	-0.17210058296843375	4500
BronxA_075	02	-0.8220409642765851	0.05708122264866247	4024
BronxA_075	03	-0.38727755061899977	-0.6451694449669633	4259
BronxA_075	04	-0.38727755061899977	-0.4086350139676986	3686
BronxA_075	05	-0.38727755061899977	-0.17210058296843375	4076
BronxA_075	06	-0.38727755061899977	0.05708122264866247	4490
BronxA_075	07	-0.38727755061899977	0.26662441978137585	5809
BronxA_075	08	-0.38727755061899977	0.47616761691408915	4971
BronxA_075	09	0.043380026862064554	-0.6451694449669633	4519
BronxA_075	10	0.043380026862064554	-0.4086350139676986	3245
BronxA_075	11	0.043380026862064554	-0.17210058296843375	3501
BronxA_075	12	0.043380026862064554	0.05708122264866247	3566
BronxA_075	13	0.043380026862064554	0.26662441978137585	3859
BronxA_075	14	0.043380026862064554	0.47616761691408915	3485
BronxA_075	15	0.043380026862064554	0.6857108140468026	6452
BronxA_075	16	0.4405518872067706	-0.6451694449669633	3735
BronxA_075	17	0.4405518872067706	-0.4086350139676986	3532
BronxA_075	18	0.4405518872067706	-0.17210058296843375	3083
BronxA_075	19	0.4405518872067706	0.05708122264866247	3375
BronxA_075	20	0.4405518872067706	0.26662441978137585	3717
BronxA_075	21	0.4405518872067706	0.47616761691408915	4376
BronxA_075	22	0.8377237475514766	-0.4086350139676986	2594
BronxA_075	23	0.8377237475514766	-0.17210058296843375	2580
BronxA_075	24	0.8377237475514766	0.05708122264866247	2947
BronxA_075	25	0.8377237475514766	0.26662441978137585	2182
BronxA_119	00	-0.6657433320646724	-0.611789168877494	4851
BronxA_119	01	-0.6657433320646724	-0.44658877091291876	6149
BronxA_119	02	-0.6657433320646724	-0.2813883729483436	6445
BronxA_119	03	-0.6657433320646724	-0.11618797498376841	6419
BronxA_119	04	-0.6657433320646724	0.06385537058512725	5841
BronxA_119	05	-0.6657433320646724	0.2790851427791972	5317
BronxA_119	06	0.002467511240629476	-0.611789168877494	8201
BronxA_119	07	0.002467511240629476	-0.44658877091291876	8191
BronxA_119	08	0.002467511240629476	-0.2813883729483436	6573
BronxA_119	09	0.002467511240629476	-0.11618797498376841	7067
BronxA_119	10	0.002467511240629476	0.06385537058512725	6996
BronxA_119	11	0.002467511240629476	0.2790851427791972	6626
BronxA_119	12	0.002467511240629476	0.4943149149732672	8952
BronxA_119	13	0.002467511240629476	0.7095446871673372	8032
BronxA_119	14	0.002467511240629476	0.9247744593614071	5279
BronxA_119	15	0.6675857120122382	-0.2813883729483436	4403
BronxA_119	16	0.6675857120122382	-0.11618797498376841	5902
BronxA_119	17	0.6675857120122382	0.06385537058512725	6286
BronxA_119	18	0.6675857120122382	0.2790851427791972	6514
BronxA_119	19	0.6675857120122382	0.4943149149732672	6731
BronxA_119	20	0.6675857120122382	0.7095446871673372	5844
