BronxA_009	00	-0.8737722551606348	-0.1002147685065825	0.310327635328	0.407345160286	0.576188639036	0.639666977902
BronxA_009	01	-0.8737722551606348	0.19620459826072864	0.319800558885	0.394791666667	0.578826707601	0.634109258677
BronxA_009	02	-0.44985981390413016	-0.3572623206021818	0.387409711075	0.389535176389	0.617162479782	0.613611142068
BronxA_009	03	-0.44985981390413016	-0.1002147685065825	0.340845886652	0.386718963631	0.530032020793	0.566446337642
BronxA_009	04	-0.44985981390413016	0.19620459826072864	0.403345059813	0.466684952318	0.536115662404	0.583974880282
BronxA_009	05	-0.44985981390413016	0.5177822081116369	0.439483384948	0.487735016558	0.643027433138	0.677180487205
BronxA_009	06	-0.44985981390413016	0.8393598179625451	0.278406791388	0.312771913759	0.625306200793	0.572269013881
BronxA_009	07	-0.025947372647625623	-0.6143098726977813	0.400161678707	0.452401166621	0.583254518891	0.593093566778
BronxA_009	08	-0.025947372647625623	-0.3572623206021818	0.328128133488	0.368793931428	0.49901415418	0.506961061426
BronxA_009	09	-0.025947372647625623	-0.1002147685065825	0.336066657724	0.388127877509	0.560875563497	0.574507239672
BronxA_009	10	-0.025947372647625623	0.19620459826072864	0.381404011154	0.385919038249	0.535044795809	0.532816979702
BronxA_009	11	-0.025947372647625623	0.5177822081116369	0.307652498421	0.326840991312	0.483389519929	0.493291746874
BronxA_009	12	-0.025947372647625623	0.8393598179625451	0.430162376548	0.487871299699	0.581967647215	0.599088396644
BronxA_009	13	0.4199261980597977	-0.6143098726977813	0.501146291048	0.593734095592	0.628926522109	0.676574645842
BronxA_009	14	0.4199261980597977	-0.3572623206021818	0.410048274141	0.460023917259	0.620935531405	0.617457098349
BronxA_009	15	0.4199261980597977	-0.1002147685065825	0.241942857989	0.247326627032	0.604046217712	0.581857928977
BronxA_009	16	0.4199261980597977	0.19620459826072864	0.367688300439	0.449088763197	0.532905684107	0.534180883242
BronxA_009	17	0.4199261980597977	0.5177822081116369	0.412507208096	0.451203478739	0.653240515769	0.680258883857
BronxA_009	18	0.8672316371762189	-0.3572623206021818	0.390165335078	0.448073495132	0.5662159167	0.621824009324
BronxA_009	19	0.8672316371762189	-0.1002147685065825	0.357331778605	0.412999356873	0.612956073918	0.610583864653
BronxA_009	20	0.8672316371762189	0.19620459826072864	0.368511904762	0.518666666667	0.570988851381	0.695833333333
BronxA_010	00	-0.7651222479672553	-0.301222631653004	0.288953254867	0.301557711415	0.556464099882	0.55059790171
BronxA_010	01	-0.7651222479672553	-0.10161522161530818	0.25412837742	0.268422659838	0.554825564137	0.553144003057
BronxA_010	02	-0.7651222479672553	0.1230336304216903	0.26701263929	0.283759510034	0.547135733242	0.555433806579
BronxA_010	03	-0.7651222479672553	0.3736497735182347	0.270486159933	0.295396851647	0.55279178774	0.56356360764
BronxA_010	04	-0.2449473002617578	-0.5008300416907	0.15592987306	0.167848223606	0.526571086677	0.513106002871
BronxA_010	05	-0.2449473002617578	-0.301222631653004	0.177222665237	0.180595088476	0.535867116037	0.532423091931
BronxA_010	06	-0.2449473002617578	-0.10161522161530818	0.137845214927	0.137285466993	0.531382103007	0.535341034316
BronxA_010	07	-0.2449473002617578	0.1230336304216903	0.126945063887	0.129084891484	0.531806605153	0.5302592002
BronxA_010	08	-0.2449473002617578	0.3736497735182347	0.140070338228	0.143846397598	0.536716510184	0.536749680983
BronxA_010	09	-0.2449473002617578	0.624265916614779	0.204418248074	0.223561871859	0.582965761589	0.581270595466
BronxA_010	10	0.26722958310123346	-0.5008300416907	0.110676634663	0.109528295113	0.517012852712	0.503572509412
BronxA_010	11	0.26722958310123346	-0.301222631653004	0.175507068342	0.19000405688	0.530625113115	0.517919374248
BronxA_010	12	0.26722958310123346	-0.10161522161530818	0.184892262991	0.188270451582	0.544163939604	0.522956578986
BronxA_010	13	0.26722958310123346	0.1230336304216903	0.245342354692	0.269510233948	0.575197305666	0.577843318067
BronxA_010	14	0.26722958310123346	0.3736497735182347	0.160257050673	0.162851299247	0.552129476295	0.552396463277
BronxA_010	15	0.26722958310123346	0.624265916614779	0.18995749958	0.19106027608	0.544867657521	0.524963929045
BronxA_010	16	0.7722883433896989	-0.301222631653004	0.296362137349	0.315552938149	0.519290788527	0.541350441237
BronxA_010	17	0.7722883433896989	-0.10161522161530818	0.242060428117	0.265049314859	0.518863353577	0.516541589756
BronxA_010	18	0.7722883433896989	0.1230336304216903	0.232274535668	0.257380479939	0.553096152206	0.558984303001
BronxA_010	19	0.7722883433896989	0.3736497735182347	0.319932149386	0.374450664631	0.583688203343	0.604576731186
BronxA_016	00	-0.8466736512122864	-0.3349125487713122	0.394558420858	0.455127176754	0.672434415526	0.69452897556
BronxA_016	01	-0.8466736512122864	-0.1449024386319443	0.466225294043	0.517095911446	0.677381252427	0.682691187876
BronxA_016	02	-0.8466736512122864	0.050114005457365524	0.43046732498	0.491130194378	0.64060336353	0.662241998095
BronxA_016	03	-0.8466736512122864	0.26121263631690367	0.500280147479	0.538869654758	0.666551741717	0.674108556352
BronxA_016	04	-0.2588422150335849	-0.7149327690500481	0.400704628302	0.449386073638	0.660594820096	0.670097964433
BronxA_016	05	-0.2588422150335849	-0.5249226589106801	0.322455629647	0.357059722895	0.658441123046	0.673493820921
BronxA_016	06	-0.2588422150335849	-0.3349125487713122	0.238923720403	0.260031339956	0.650328932717	0.661715379004
BronxA_016	07	-0.2588422150335849	-0.1449024386319443	0.196044594795	0.201157070706	0.646997556129	0.647739159502
BronxA_016	08	-0.2588422150335849	0.050114005457365524	0.208723128145	0.216802674926	0.660950901635	0.670206387766
BronxA_016	09	-0.2588422150335849	0.26121263631690367	0.17542842692	0.180726288597	0.64598710603	0.6452960374
BronxA_016	10	-0.2588422150335849	0.47231126717644184	0.199304467686	0.21080163987	0.677897068069	0.686585500731
BronxA_016	11	-0.2588422150335849	0.6834098980359798	0.147487550241	0.154167811584	0.655705250806	0.65705489252
BronxA_016	12	0.3075167299110347	-0.5249226589106801	0.432337215414	0.457995606758	0.673793614208	0.682965944714
BronxA_016	13	0.3075167299110347	-0.3349125487713122	0.423266275605	0.477325510304	0.664676731023	0.674855295075
BronxA_016	14	0.3075167299110347	-0.1449024386319443	0.370119491223	0.408609511925	0.664893324058	0.685312704912
BronxA_016	15	0.3075167299110347	0.050114005457365524	0.256637640895	0.270600391237	0.663525327298	0.66486172657
BronxA_016	16	0.3075167299110347	0.26121263631690367	0.254020233732	0.270779166869	0.639248555551	0.651507819333
BronxA_016	17	0.3075167299110347	0.47231126717644184	0.344248007061	0.378976530485	0.676838360585	0.690897381782
BronxA_016	18	0.3075167299110347	0.6834098980359798	0.445384820116	0.501460398615	0.665293502765	0.672370702007
BronxA_016	19	0.8569815432668647	-0.1449024386319443	0.361775475596	0.397573940266	0.666841768722	0.675701599916
BronxA_016	20	0.8569815432668647	0.050114005457365524	0.378970696798	0.44265602146	0.662269001645	0.683193584621
BronxA_016	21	0.8569815432668647	0.26121263631690367	0.416989561072	0.455638015821	0.66011978526	0.675997052838
BronxA_019	00	-0.8587176200841186	-0.3382047056087095	0.47963424282	0.524554089763	0.678121637657	0.697008262174
BronxA_019	01	-0.8587176200841186	-0.14913137747289293	0.457978353551	0.509387256974	0.658004525925	0.672213749778
BronxA_019	02	-0.8587176200841186	0.04484165069258589	0.459211468354	0.528785548602	0.645048769094	0.661894292497
BronxA_019	03	-0.8587176200841186	0.25710870312327844	0.396240516079	0.430867612392	0.663298924566	0.671555274744
BronxA_019	04	-0.2659930772907008	-0.7163513618803428	0.37061632837	0.386395414206	0.650939518167	0.655753254138
BronxA_019	05	-0.2659930772907008	-0.5272780337445261	0.341267856548	0.371245211664	0.668090798992	0.679818323467
BronxA_019	06	-0.2659930772907008	-0.3382047056087095	0.220703758635	0.234718039281	0.678127314951	0.680579032925
BronxA_019	07	-0.2659930772907008	-0.14913137747289293	0.327109046956	0.349724418599	0.665183934502	0.667365181776
BronxA_019	08	-0.2659930772907008	0.04484165069258589	0.257049561063	0.267751989557	0.696161390729	0.698396074742
BronxA_019	09	-0.2659930772907008	0.25710870312327844	0.214622493079	0.225859189887	0.669390628422	0.673281465819
BronxA_019	10	-0.2659930772907008	0.46937575555397093	0.295094136956	0.321085499156	0.656194734349	0.667770601302
BronxA_019	11	-0.2659930772907008	0.6816428079846633	0.343565439703	0.364583286298	0.649629382231	0.658590053457
BronxA_019	12	0.30810709665918784	-0.5272780337445261	0.45583351732	0.498004630172	0.682595192926	0.691563615447
BronxA_019	13	0.30810709665918784	-0.3382047056087095	0.35477608827	0.389392663933	0.675708397365	0.684338007982
BronxA_019	14	0.30810709665918784	-0.14913137747289293	0.354148316231	0.396671624892	0.649505886401	0.654999571766
BronxA_019	15	0.30810709665918784	0.04484165069258589	0.321839106609	0.359838748746	0.673096254118	0.683327693819
BronxA_019	16	0.30810709665918784	0.25710870312327844	0.313201160496	0.364284066367	0.67073630683	0.677909866292
BronxA_019	17	0.30810709665918784	0.46937575555397093	0.361064577063	0.402071939074	0.676743452515	0.690185197242
BronxA_019	18	0.30810709665918784	0.6816428079846633	0.420247887769	0.466377960271	0.66958352107	0.679334742391
BronxA_019	19	0.8670451154316893	-0.14913137747289293	0.33170432111	0.355542583828	0.659777435806	0.671089457635
BronxA_019	20	0.8670451154316893	0.04484165069258589	0.428670364341	0.488339953573	0.678287435956	0.681059372199
BronxA_019	21	0.8670451154316893	0.25710870312327844	0.353574745192	0.381689386446	0.657186091352	0.669571722772
BronxA_070	00	-0.7518374519356829	-0.4463878181374036	0.375591710993	0.400956079946	0.599754291566	0.604881513341
BronxA_070	01	-0.7518374519356829	-0.2249433214278876	0.370602089976	0.383364374282	0.618578636399	0.624160960558
BronxA_070	02	-0.7518374519356829	-0.0034988247183715903	0.4033253966	0.433864009206	0.609793424263	0.618152595847
BronxA_070	03	-0.7518374519356829	0.2194819423464145	0.35604398484	0.390348559734	0.61418730702	0.618754824503
BronxA_070	04	-0.7518374519356829	0.44248737216611556	0.397492669117	0.445347367961	0.616215003395	0.623219009244
BronxA_070	05	-0.2330424411463179	-0.6678323148469195	0.347030555644	0.387641035976	0.604434159293	0.610429819533
BronxA_070	06	-0.2330424411463179	-0.4463878181374036	0.298663144663	0.344970892992	0.629212948287	0.630787025725
BronxA_070	07	-0.2330424411463179	-0.2249433214278876	0.302101925574	0.338029752062	0.60825254284	0.611616896847
BronxA_070	08	-0.2330424411463179	-0.0034988247183715903	0.339281531814	0.364349326062	0.617279962631	0.619105814
BronxA_070	09	-0.2330424411463179	0.2194819423464145	0.319820791391	0.370450689356	0.629862593322	0.638117177374
BronxA_070	10	-0.2330424411463179	0.44248737216611556	0.357080703516	0.409417873525	0.63086188862	0.632314612192
BronxA_070	11	-0.2330424411463179	0.6654928019858167	0.355060309343	0.381931141482	0.63096421726	0.631092341505
BronxA_070	12	0.2714604707070167	-0.6678323148469195	0.25640133613	0.275778428528	0.617796073791	0.622698149149
BronxA_070	13	0.2714604707070167	-0.4463878181374036	0.18731224554	0.193937268997	0.617219995749	0.615732202143
BronxA_070	14	0.2714604707070167	-0.2249433214278876	0.212414597123	0.222563424301	0.620359430491	0.620462209278
BronxA_070	15	0.2714604707070167	-0.0034988247183715903	0.252230961251	0.268117769666	0.595741129439	0.596167205015
BronxA_070	16	0.2714604707070167	0.2194819423464145	0.263471184956	0.277229561357	0.629500136266	0.63442902357
BronxA_070	17	0.2714604707070167	0.44248737216611556	0.222316024521	0.239305389001	0.639248536021	0.639778598727
BronxA_070	18	0.2714604707070167	0.6654928019858167	0.178283874604	0.184114613146	0.631586615221	0.625761350123
BronxA_070	19	0.7643076146723572	-0.4463878181374036	0.428735218574	0.474292218439	0.634065777088	0.643517908006
BronxA_070	20	0.7643076146723572	-0.2249433214278876	0.406133641997	0.439304820118	0.648299200931	0.657772943609
BronxA_070	21	0.7643076146723572	-0.0034988247183715903	0.402655702292	0.438522964762	0.629719947714	0.637235557601
BronxA_070	22	0.7643076146723572	0.2194819423464145	0.443127986493	0.477506535918	0.625853928471	0.632920373402
BronxA_071	00	-0.7963228497990553	-0.2863058406975909	0.31053512892	0.353580452209	0.650682947099	0.664470114547
BronxA_071	01	-0.7963228497990553	-0.08240622992176676	0.381180675754	0.436906340215	0.653037739899	0.663822061903
BronxA_071	02	-0.7963228497990553	0.1454842419924741	0.358307082524	0.410373550715	0.580611492429	0.605258819009
BronxA_071	03	-0.7963228497990553	0.3896471758720989	0.297829813488	0.375244262294	0.596311413847	0.628292371439
BronxA_071	04	-0.29909584696599373	-0.6941050622492394	0.186723415731	0.192258740861	0.566679944851	0.560867463231
BronxA_071	05	-0.29909584696599373	-0.49020545147341504	0.26025220271	0.297357630502	0.632593858977	0.647610207136
BronxA_071	06	-0.29909584696599373	-0.2863058406975909	0.203793756803	0.214403196796	0.599250992146	0.600919741855
BronxA_071	07	-0.29909584696599373	-0.08240622992176676	0.258183731206	0.280005382183	0.597670484059	0.606361583713
BronxA_071	08	-0.29909584696599373	0.1454842419924741	0.266071406005	0.276651275271	0.605252723496	0.602772255618
BronxA_071	09	-0.29909584696599373	0.3896471758720989	0.272907715685	0.292566618286	0.59763274051	0.603210822938
BronxA_071	10	-0.29909584696599373	0.6338101097517236	0.245791966135	0.266405479301	0.593823643601	0.598857453849
BronxA_071	11	-0.29909584696599373	0.8779730436313482	0.222578598393	0.227272717869	0.601338526582	0.602372996036
BronxA_071	12	0.22043000141127123	-0.6941050622492394	0.281681238383	0.300807433373	0.606161028057	0.609030756112
BronxA_071	13	0.22043000141127123	-0.49020545147341504	0.350576984801	0.40887084676	0.613038170976	0.635360215045
BronxA_071	14	0.22043000141127123	-0.2863058406975909	0.325159101044	0.351624677127	0.622237984772	0.621475019228
BronxA_071	15	0.22043000141127123	-0.08240622992176676	0.359044032124	0.38039780343	0.613985531523	0.632326033207
BronxA_071	16	0.22043000141127123	0.1454842419924741	0.399521588529	0.435835343116	0.642466711731	0.64692579198
BronxA_071	17	0.22043000141127123	0.3896471758720989	0.239268040151	0.254185589259	0.580687376888	0.582767394684
BronxA_071	18	0.22043000141127123	0.6338101097517236	0.268114474442	0.309819836623	0.585330484309	0.592998077422
BronxA_071	19	0.22043000141127123	0.8779730436313482	0.330807480011	0.355013903649	0.613679090855	0.616814244123
BronxA_071	20	0.7736178554696731	-0.49020545147341504	0.333007860024	0.34958643409	0.587193031407	0.59094866345
BronxA_071	21	0.7736178554696731	-0.2863058406975909	0.372681228543	0.400804378297	0.607579953008	0.625200070677
BronxA_071	22	0.7736178554696731	-0.08240622992176676	0.340363270583	0.387576176429	0.614425597394	0.618865904665
BronxA_071	23	0.7736178554696731	0.1454842419924741	0.400227645572	0.434097826573	0.610437813735	0.620644012105
BronxA_071	24	0.7736178554696731	0.3896471758720989	0.248755054292	0.273909920556	0.576805089226	0.582183091037
BronxA_088	00	-0.8136616382308877	-0.44085009327087993	0.274273888747	0.312699137944	0.62570448098	0.640706229917
BronxA_088	01	-0.8136616382308877	-0.21719248530349156	0.333404074696	0.393135198914	0.62622849732	0.657302950936
BronxA_088	02	-0.8136616382308877	0.008191363541413187	0.295218719436	0.373236558234	0.60127788507	0.621580143318
BronxA_088	03	-0.8136616382308877	0.29156739071171417	0.402523906315	0.509380039895	0.588614237461	0.619703298651
BronxA_088	04	-0.2782954553995785	-0.6645077012382683	0.328180595323	0.359196093036	0.605617330601	0.611581339323
BronxA_088	05	-0.2782954553995785	-0.44085009327087993	0.3535062551	0.434411605157	0.629267447974	0.647099363094
BronxA_088	06	-0.2782954553995785	-0.21719248530349156	0.443225286188	0.484877322286	0.663000653454	0.671475605551
BronxA_088	07	-0.2782954553995785	0.008191363541413187	0.420594389694	0.459167341167	0.637798027519	0.654404709249
BronxA_088	08	-0.2782954553995785	0.29156739071171417	0.385139328388	0.453971091408	0.611149580525	0.61436943103
BronxA_088	09	-0.2782954553995785	0.5749434178820152	0.323378068849	0.335828803182	0.629382796437	0.626862987155
BronxA_088	10	-0.2782954553995785	0.858319445052316	0.325539306218	0.399156744032	0.618661277344	0.649232041379
BronxA_088	11	0.2626490838220609	-0.6645077012382683	0.268254656448	0.279320394229	0.572383662425	0.5513216526
BronxA_088	12	0.2626490838220609	-0.44085009327087993	0.214794850791	0.230284064197	0.591531203289	0.580893282473
BronxA_088	13	0.2626490838220609	-0.21719248530349156	0.276219080442	0.28865590763	0.609851890367	0.608598612923
BronxA_088	14	0.2626490838220609	0.008191363541413187	0.204030595646	0.201509535014	0.592394152241	0.590308392553
BronxA_088	15	0.2626490838220609	0.29156739071171417	0.256839031206	0.275188876196	0.622515015066	0.609685255768
BronxA_088	16	0.2626490838220609	0.5749434178820152	0.275173071124	0.294599317678	0.584627369997	0.576726548578
BronxA_088	17	0.2626490838220609	0.858319445052316	0.316378069522	0.352319552343	0.588012394943	0.616210216823
BronxA_088	18	0.8096325495583514	-0.21719248530349156	0.34240036581	0.383475326608	0.621956631636	0.625890160388
BronxA_088	19	0.8096325495583514	0.008191363541413187	0.368703092657	0.429504053156	0.582418154688	0.596328409702
BronxA_088	20	0.8096325495583514	0.29156739071171417	0.30543079425	0.363270724814	0.591991000698	0.594339628915
BronxA_088	21	0.8096325495583514	0.5749434178820152	0.380113379147	0.40733348703	0.630588191813	0.64658135451
BronxA_109	00	-0.7886655856053921	-0.48296549974598824	0.267522960277	0.294755459852	0.603041727298	0.61340675819
BronxA_109	01	-0.7886655856053921	-0.27616394625110596	0.251033120564	0.276143795506	0.609965179541	0.610762553358
BronxA_109	02	-0.7886655856053921	-0.06936239275622368	0.258014560935	0.289314996449	0.616152062116	0.627053761073
BronxA_109	03	-0.7886655856053921	0.1595877025900434	0.234426803246	0.27089962187	0.578353005517	0.606265818824
BronxA_109	04	-0.7886655856053921	0.39971565911224305	0.259604457809	0.291214204772	0.618702059127	0.621762652558
BronxA_109	05	-0.7886655856053921	0.6398436156344427	0.179010520509	0.186645628396	0.558931836703	0.558262398164
BronxA_109	06	-0.1889275933510695	-0.6897670532408705	0.276499015423	0.293760662274	0.605320371418	0.614658872473
BronxA_109	07	-0.1889275933510695	-0.48296549974598824	0.316745318207	0.353933626422	0.607203918344	0.627892134476
BronxA_109	08	-0.1889275933510695	-0.27616394625110596	0.279615578317	0.312745532369	0.582286046695	0.594791561961
BronxA_109	09	-0.1889275933510695	-0.06936239275622368	0.292081801321	0.311481704822	0.587979423285	0.595429191522
BronxA_109	10	-0.1889275933510695	0.1595877025900434	0.296827162223	0.335820646888	0.601082249529	0.606595991078
BronxA_109	11	-0.1889275933510695	0.39971565911224305	0.26288165774	0.278172279126	0.613946471069	0.627786558089
BronxA_109	12	-0.1889275933510695	0.6398436156344427	0.365537806796	0.399348597495	0.635063579863	0.637756416784
BronxA_109	13	-0.1889275933510695	0.8799715721566423	0.196707662017	0.198824513663	0.56036288086	0.567370904496
BronxA_109	14	0.33645597852977205	-0.6897670532408705	0.346946953246	0.387099099163	0.603083642408	0.602967324654
BronxA_109	15	0.33645597852977205	-0.48296549974598824	0.335918292419	0.369732529719	0.62088397226	0.623339723885
BronxA_109	16	0.33645597852977205	-0.27616394625110596	0.357390637708	0.398555359591	0.600191206597	0.628094351446
BronxA_109	17	0.33645597852977205	-0.06936239275622368	0.381888628971	0.428980597839	0.617995523247	0.634763575161
BronxA_109	18	0.33645597852977205	0.1595877025900434	0.259446051572	0.280799896362	0.573417562724	0.579430888215
BronxA_109	19	0.33645597852977205	0.39971565911224305	0.353048013684	0.403805746726	0.622593690933	0.62912489345
BronxA_109	20	0.33645597852977205	0.6398436156344427	0.33818606221	0.372719955813	0.634203176703	0.644837320463
BronxA_109	21	0.33645597852977205	0.8799715721566423	0.263445012345	0.270980537053	0.588613647115	0.582198507274
BronxA_109	22	0.8276446962061469	-0.27616394625110596	0.185030472809	0.193050998979	0.576187432762	0.592402170326
BronxA_075	00	-0.8220409642765851	-0.4086350139676986	0.193279447085	0.205462595239	0.618186110248	0.620938467261
BronxA_075	01	-0.8220409642765851	-0.17210058296843375	0.314434575174	0.335280950533	0.66754801281	0.671796673386
BronxA_075	02	-0.8220409642765851	0.05708122264866247	0.364755360379	0.394714109187	0.639648998203	0.64617399664
BronxA_075	03	-0.38727755061899977	-0.6451694449669633	0.22859030763	0.246489656472	0.603649627512	0.609467360176
BronxA_075	04	-0.38727755061899977	-0.4086350139676986	0.21302098714	0.223382800252	0.618126093158	0.626129751274
BronxA_075	05	-0.38727755061899977	-0.17210058296843375	0.212816974215	0.226423279897	0.619666964354	0.62950283563
BronxA_075	06	-0.38727755061899977	0.05708122264866247	0.251417914592	0.263894210898	0.639176716479	0.646591969786
BronxA_075	07	-0.38727755061899977	0.26662441978137585	0.334927660488	0.358944200975	0.649073003461	0.65792418245
BronxA_075	08	-0.38727755061899977	0.47616761691408915	0.270886527345	0.295135737637	0.61393237667	0.616635143924
BronxA_075	09	0.043380026862064554	-0.6451694449669633	0.257924413527	0.279196350738	0.619736646131	0.628392084002
BronxA_075	10	0.043380026862064554	-0.4086350139676986	0.21819970117	0.224328741347	0.610379365675	0.619189756101
BronxA_075	11	0.043380026862064554	-0.17210058296843375	0.189243300787	0.19617733899	0.59471886176	0.596708264479
BronxA_075	12	0.043380026862064554	0.05708122264866247	0.310572621625	0.333864703455	0.619577126908	0.630339917443
BronxA_075	13	0.043380026862064554	0.26662441978137585	0.323404396144	0.339869434036	0.628446132188	0.638563420366
BronxA_075	14	0.043380026862064554	0.47616761691408915	0.242161678827	0.259197360379	0.604445028168	0.610354105889
BronxA_075	15	0.043380026862064554	0.6857108140468026	0.184506846285	0.194649627092	0.619187851618	0.620142249395
BronxA_075	16	0.4405518872067706	-0.6451694449669633	0.360164813119	0.3952687608	0.655990538853	0.666862114366
BronxA_075	17	0.4405518872067706	-0.4086350139676986	0.264941610664	0.282069033269	0.634643540972	0.640879034368
BronxA_075	18	0.4405518872067706	-0.17210058296843375	0.21074965321	0.23024338743	0.632576552905	0.641281882297
BronxA_075	19	0.4405518872067706	0.05708122264866247	0.24320096702	0.252141665096	0.604381987497	0.610612438482
BronxA_075	20	0.4405518872067706	0.26662441978137585	0.324576753231	0.371712805462	0.641058526235	0.652506581538
BronxA_075	21	0.4405518872067706	0.47616761691408915	0.334709535548	0.368995995914	0.657468911604	0.663803341467
BronxA_075	22	0.8377237475514766	-0.4086350139676986	0.298822528668	0.323708937849	0.650892044842	0.662207906433
BronxA_075	23	0.8377237475514766	-0.17210058296843375	0.312319104926	0.341317128751	0.66156522127	0.666100350069
BronxA_075	24	0.8377237475514766	0.05708122264866247	0.263631617434	0.307980856156	0.642195492245	0.654199917411
BronxA_075	25	0.8377237475514766	0.26662441978137585	0.281976896477	0.326410375049	0.614555689726	0.628350950716
BronxA_119	00	-0.6657433320646724	-0.611789168877494	0.424771118582	0.464992636747	0.653756469586	0.667235888313
BronxA_119	01	-0.6657433320646724	-0.44658877091291876	0.404881512224	0.438233505974	0.672428168934	0.681309653731
BronxA_119	02	-0.6657433320646724	-0.2813883729483436	0.336928174466	0.362446740299	0.650713038017	0.657486626259
BronxA_119	03	-0.6657433320646724	-0.11618797498376841	0.325401020854	0.348354925899	0.653908328412	0.659455259281
BronxA_119	04	-0.6657433320646724	0.06385537058512725	0.27930478559	0.30588598192	0.654097624762	0.657426105178
BronxA_119	05	-0.6657433320646724	0.2790851427791972	0.304138830966	0.349670336702	0.66531759377	0.673023256142
BronxA_119	06	0.002467511240629476	-0.611789168877494	0.34554929185	0.360507491001	0.645930827566	0.659412738016
BronxA_119	07	0.002467511240629476	-0.44658877091291876	0.274044852014	0.289915091323	0.647324880289	0.655117970896
BronxA_119	08	0.002467511240629476	-0.2813883729483436	0.2766455681	0.290608095156	0.645479999584	0.650692154616
BronxA_119	09	0.002467511240629476	-0.11618797498376841	0.279113603942	0.292029064398	0.640857808965	0.647544002501
BronxA_119	10	0.002467511240629476	0.06385537058512725	0.322601127569	0.341613501761	0.653847791726	0.660177234087
BronxA_119	11	0.002467511240629476	0.2790851427791972	0.240957462468	0.252084041318	0.638704100061	0.645797560711
BronxA_119	12	0.002467511240629476	0.4943149149732672	0.270582475181	0.280428519367	0.641495465465	0.644238334165
BronxA_119	13	0.002467511240629476	0.7095446871673372	0.302425527653	0.32229529047	0.636614112779	0.643519283851
BronxA_119	14	0.002467511240629476	0.9247744593614071	0.327843670362	0.348576692994	0.630076045191	0.636751940387
BronxA_119	15	0.6675857120122382	-0.2813883729483436	0.349898132383	0.400429157123	0.647465488891	0.66124425813
BronxA_119	16	0.6675857120122382	-0.11618797498376841	0.279193556348	0.290846705523	0.668184329295	0.671441708588
BronxA_119	17	0.6675857120122382	0.06385537058512725	0.286106067509	0.314728985839	0.649444125397	0.65971380513
BronxA_119	18	0.6675857120122382	0.2790851427791972	0.244886844076	0.25432969895	0.64851960203	0.650858029899
BronxA_119	19	0.6675857120122382	0.4943149149732672	0.36430747701	0.38635382209	0.650092116901	0.661536861472
BronxA_119	20	0.6675857120122382	0.7095446871673372	0.36432198671	0.376844165145	0.641145327078	0.648321857765
