BronxA_009	00	-0.8737722551606348	-0.1002147685065825	2.6861313868613137
BronxA_009	01	-0.8737722551606348	0.19620459826072864	2.5993975903614457
BronxA_009	02	-0.44985981390413016	-0.3572623206021818	2.6861702127659575
BronxA_009	03	-0.44985981390413016	-0.1002147685065825	2.649867374005305
BronxA_009	04	-0.44985981390413016	0.19620459826072864	2.859903381642512
BronxA_009	05	-0.44985981390413016	0.5177822081116369	2.7118279569892474
BronxA_009	06	-0.44985981390413016	0.8393598179625451	2.6651162790697676
BronxA_009	07	-0.025947372647625623	-0.6143098726977813	2.494708994708995
BronxA_009	08	-0.025947372647625623	-0.3572623206021818	2.924901185770751
BronxA_009	09	-0.025947372647625623	-0.1002147685065825	2.8019417475728154
BronxA_009	10	-0.025947372647625623	0.19620459826072864	2.9469026548672566
BronxA_009	11	-0.025947372647625623	0.5177822081116369	2.9080779944289694
BronxA_009	12	-0.025947372647625623	0.8393598179625451	2.908752327746741
BronxA_009	13	0.4199261980597977	-0.6143098726977813	2.43979057591623
BronxA_009	14	0.4199261980597977	-0.3572623206021818	2.7185185185185183
BronxA_009	15	0.4199261980597977	-0.1002147685065825	2.8266199649737302
BronxA_009	16	0.4199261980597977	0.19620459826072864	2.7276785714285716
BronxA_009	17	0.4199261980597977	0.5177822081116369	2.6346938775510202
BronxA_009	18	0.8672316371762189	-0.3572623206021818	2.776271186440678
BronxA_009	19	0.8672316371762189	-0.1002147685065825	2.718861209964413
BronxA_009	20	0.8672316371762189	0.19620459826072864	2.455399061032864
BronxA_010	00	-0.7651222479672553	-0.301222631653004	2.9537512846865366
BronxA_010	01	-0.7651222479672553	-0.10161522161530818	3.12152133580705
BronxA_010	02	-0.7651222479672553	0.1230336304216903	3.0177902621722845
BronxA_010	03	-0.7651222479672553	0.3736497735182347	2.9419279907084785
BronxA_010	04	-0.2449473002617578	-0.5008300416907	2.9483500717360114
BronxA_010	05	-0.2449473002617578	-0.301222631653004	2.9166666666666665
BronxA_010	06	-0.2449473002617578	-0.10161522161530818	3.084317032040472
BronxA_010	07	-0.2449473002617578	0.1230336304216903	2.9507427677873337
BronxA_010	08	-0.2449473002617578	0.3736497735182347	3.331444759206799
BronxA_010	09	-0.2449473002617578	0.624265916614779	2.952351485148515
BronxA_010	10	0.26722958310123346	-0.5008300416907	2.8893805309734515
BronxA_010	11	0.26722958310123346	-0.301222631653004	2.7802607076350094
BronxA_010	12	0.26722958310123346	-0.10161522161530818	2.837861524978089
BronxA_010	13	0.26722958310123346	0.1230336304216903	2.9532403609516
BronxA_010	14	0.26722958310123346	0.3736497735182347	2.9713866471019807
BronxA_010	15	0.26722958310123346	0.624265916614779	2.952777777777778
BronxA_010	16	0.7722883433896989	-0.301222631653004	2.917825537294564
BronxA_010	17	0.7722883433896989	-0.10161522161530818	2.878684807256236
BronxA_010	18	0.7722883433896989	0.1230336304216903	2.6982456140350877
BronxA_010	19	0.7722883433896989	0.3736497735182347	2.9107142857142856
BronxA_016	00	-0.8466736512122864	-0.3349125487713122	3.161744022503516
BronxA_016	01	-0.8466736512122864	-0.1449024386319443	3.2972336668628603
BronxA_016	02	-0.8466736512122864	0.050114005457365524	3.1261595547309833
BronxA_016	03	-0.8466736512122864	0.26121263631690367	3.3855421686746987
BronxA_016	04	-0.2588422150335849	-0.7149327690500481	3.224040066777963
BronxA_016	05	-0.2588422150335849	-0.5249226589106801	3.311450951137635
BronxA_016	06	-0.2588422150335849	-0.3349125487713122	3.1959310039805398
BronxA_016	07	-0.2588422150335849	-0.1449024386319443	3.2803455723542116
BronxA_016	08	-0.2588422150335849	0.050114005457365524	3.229453483521068
BronxA_016	09	-0.2588422150335849	0.26121263631690367	3.252069536423841
BronxA_016	10	-0.2588422150335849	0.47231126717644184	3.1666666666666665
BronxA_016	11	-0.2588422150335849	0.6834098980359798	3.3080967402733963
BronxA_016	12	0.3075167299110347	-0.5249226589106801	3.252858958068615
BronxA_016	13	0.3075167299110347	-0.3349125487713122	3.2024320457796853
BronxA_016	14	0.3075167299110347	-0.1449024386319443	3.3642241379310347
BronxA_016	15	0.3075167299110347	0.050114005457365524	3.1807709348692956
BronxA_016	16	0.3075167299110347	0.26121263631690367	3.3058252427184467
BronxA_016	17	0.3075167299110347	0.47231126717644184	3.166046668921204
BronxA_016	18	0.3075167299110347	0.6834098980359798	3.1651218674905595
BronxA_016	19	0.8569815432668647	-0.1449024386319443	3.0223048327137545
BronxA_016	20	0.8569815432668647	0.050114005457365524	3.078883495145631
BronxA_016	21	0.8569815432668647	0.26121263631690367	3.1136747326955545
BronxA_019	00	-0.8587176200841186	-0.3382047056087095	3.272197018794556
BronxA_019	01	-0.8587176200841186	-0.14913137747289293	3.2015461071231366
BronxA_019	02	-0.8587176200841186	0.04484165069258589	3.172377438060095
BronxA_019	03	-0.8587176200841186	0.25710870312327844	3.282650142993327
BronxA_019	04	-0.2659930772907008	-0.7163513618803428	3.28895800933126
BronxA_019	05	-0.2659930772907008	-0.5272780337445261	3.233898305084746
BronxA_019	06	-0.2659930772907008	-0.3382047056087095	3.3003132341425214
BronxA_019	07	-0.2659930772907008	-0.14913137747289293	3.4057187017001547
BronxA_019	08	-0.2659930772907008	0.04484165069258589	3.2819033886085074
BronxA_019	09	-0.2659930772907008	0.25710870312327844	3.378588052754073
BronxA_019	10	-0.2659930772907008	0.46937575555397093	3.2604019247098783
BronxA_019	11	-0.2659930772907008	0.6816428079846633	3.300760349197409
BronxA_019	12	0.30810709665918784	-0.5272780337445261	3.238095238095238
BronxA_019	13	0.30810709665918784	-0.3382047056087095	3.2787803360298695
BronxA_019	14	0.30810709665918784	-0.14913137747289293	3.311861743912019
BronxA_019	15	0.30810709665918784	0.04484165069258589	3.2661354581673305
BronxA_019	16	0.30810709665918784	0.25710870312327844	3.2423459977867943
BronxA_019	17	0.30810709665918784	0.46937575555397093	3.2497816593886464
BronxA_019	18	0.30810709665918784	0.6816428079846633	3.3493238892466195
BronxA_019	19	0.8670451154316893	-0.14913137747289293	3.2365650969529085
BronxA_019	20	0.8670451154316893	0.04484165069258589	3.1806699615595826
BronxA_019	21	0.8670451154316893	0.25710870312327844	3.3026315789473686
BronxA_070	00	-0.7518374519356829	-0.4463878181374036	3.139727011494253
BronxA_070	01	-0.7518374519356829	-0.2249433214278876	3.1736040609137057
BronxA_070	02	-0.7518374519356829	-0.0034988247183715903	3.150083194675541
BronxA_070	03	-0.7518374519356829	0.2194819423464145	3.156997824510515
BronxA_070	04	-0.7518374519356829	0.44248737216611556	3.1808461180846117
BronxA_070	05	-0.2330424411463179	-0.6678323148469195	3.1520022560631697
BronxA_070	06	-0.2330424411463179	-0.4463878181374036	3.0621799561082663
BronxA_070	07	-0.2330424411463179	-0.2249433214278876	3.2310517529215357
BronxA_070	08	-0.2330424411463179	-0.0034988247183715903	3.1631049654305468
BronxA_070	09	-0.2330424411463179	0.2194819423464145	3.125229638701776
BronxA_070	10	-0.2330424411463179	0.44248737216611556	3.2255979314802845
BronxA_070	11	-0.2330424411463179	0.6654928019858167	3.175981228668942
BronxA_070	12	0.2714604707070167	-0.6678323148469195	3.2572919864906353
BronxA_070	13	0.2714604707070167	-0.4463878181374036	3.15861763402747
BronxA_070	14	0.2714604707070167	-0.2249433214278876	3.1401018922852986
BronxA_070	15	0.2714604707070167	-0.0034988247183715903	3.2344753747323343
BronxA_070	16	0.2714604707070167	0.2194819423464145	3.1538461538461537
BronxA_070	17	0.2714604707070167	0.44248737216611556	3.180845644421803
BronxA_070	18	0.2714604707070167	0.6654928019858167	3.1699176419592545
BronxA_070	19	0.7643076146723572	-0.4463878181374036	3.0334158415841586
BronxA_070	20	0.7643076146723572	-0.2249433214278876	3.138677811550152
BronxA_070	21	0.7643076146723572	-0.0034988247183715903	3.186608557844691
BronxA_070	22	0.7643076146723572	0.2194819423464145	3.057111274871039
BronxA_071	00	-0.7963228497990553	-0.2863058406975909	3.090909090909091
BronxA_071	01	-0.7963228497990553	-0.08240622992176676	2.837307152875175
BronxA_071	02	-0.7963228497990553	0.1454842419924741	2.9545454545454546
BronxA_071	03	-0.7963228497990553	0.3896471758720989	3.1693851944792972
BronxA_071	04	-0.29909584696599373	-0.6941050622492394	3.0689655172413794
BronxA_071	05	-0.29909584696599373	-0.49020545147341504	2.9565217391304346
BronxA_071	06	-0.29909584696599373	-0.2863058406975909	2.9679266895761742
BronxA_071	07	-0.29909584696599373	-0.08240622992176676	3.0281359906213363
BronxA_071	08	-0.29909584696599373	0.1454842419924741	3.083594566353187
BronxA_071	09	-0.29909584696599373	0.3896471758720989	3.0372340425531914
BronxA_071	10	-0.29909584696599373	0.6338101097517236	3.0771396396396398
BronxA_071	11	-0.29909584696599373	0.8779730436313482	3.1133004926108376
BronxA_071	12	0.22043000141127123	-0.6941050622492394	3.16085626911315
BronxA_071	13	0.22043000141127123	-0.49020545147341504	3.0199335548172757
BronxA_071	14	0.22043000141127123	-0.2863058406975909	3.2085402184707053
BronxA_071	15	0.22043000141127123	-0.08240622992176676	2.9516460905349793
BronxA_071	16	0.22043000141127123	0.1454842419924741	3.0344585091420533
BronxA_071	17	0.22043000141127123	0.3896471758720989	3.053593179049939
BronxA_071	18	0.22043000141127123	0.6338101097517236	3.048051948051948
BronxA_071	19	0.22043000141127123	0.8779730436313482	3.104212860310421
BronxA_071	20	0.7736178554696731	-0.49020545147341504	3.166018158236057
BronxA_071	21	0.7736178554696731	-0.2863058406975909	3.054054054054054
BronxA_071	22	0.7736178554696731	-0.08240622992176676	3.1868537666174297
BronxA_071	23	0.7736178554696731	0.1454842419924741	3.0199468085106385
BronxA_071	24	0.7736178554696731	0.3896471758720989	3.027137042062415
BronxA_088	00	-0.8136616382308877	-0.44085009327087993	2.6957928802588995
BronxA_088	01	-0.8136616382308877	-0.21719248530349156	2.899676375404531
BronxA_088	02	-0.8136616382308877	0.008191363541413187	2.9347826086956523
BronxA_088	03	-0.8136616382308877	0.29156739071171417	2.8421052631578947
BronxA_088	04	-0.2782954553995785	-0.6645077012382683	2.911439114391144
BronxA_088	05	-0.2782954553995785	-0.44085009327087993	3.258312020460358
BronxA_088	06	-0.2782954553995785	-0.21719248530349156	2.614678899082569
BronxA_088	07	-0.2782954553995785	0.008191363541413187	3.074585635359116
BronxA_088	08	-0.2782954553995785	0.29156739071171417	3.085
BronxA_088	09	-0.2782954553995785	0.5749434178820152	2.7235421166306697
BronxA_088	10	-0.2782954553995785	0.858319445052316	2.879166666666667
BronxA_088	11	0.2626490838220609	-0.6645077012382683	3.234866828087167
BronxA_088	12	0.2626490838220609	-0.44085009327087993	3.1390134529147984
BronxA_088	13	0.2626490838220609	-0.21719248530349156	2.8960244648318043
BronxA_088	14	0.2626490838220609	0.008191363541413187	2.882793017456359
BronxA_088	15	0.2626490838220609	0.29156739071171417	3.1297709923664123
BronxA_088	16	0.2626490838220609	0.5749434178820152	3.1030042918454934
BronxA_088	17	0.2626490838220609	0.858319445052316	2.6724890829694323
BronxA_088	18	0.8096325495583514	-0.21719248530349156	2.911602209944751
BronxA_088	19	0.8096325495583514	0.008191363541413187	2.8608414239482203
BronxA_088	20	0.8096325495583514	0.29156739071171417	3.045801526717557
BronxA_088	21	0.8096325495583514	0.5749434178820152	3.0383561643835617
BronxA_109	00	-0.7886655856053921	-0.48296549974598824	3.160775370581528
BronxA_109	01	-0.7886655856053921	-0.27616394625110596	3.03905325443787
BronxA_109	02	-0.7886655856053921	-0.06936239275622368	2.949828962371722
BronxA_109	03	-0.7886655856053921	0.1595877025900434	2.971279373368146
BronxA_109	04	-0.7886655856053921	0.39971565911224305	2.9693877551020407
BronxA_109	05	-0.7886655856053921	0.6398436156344427	3.0962732919254656
BronxA_109	06	-0.1889275933510695	-0.6897670532408705	3.357983193277311
BronxA_109	07	-0.1889275933510695	-0.48296549974598824	3.135841170323929
BronxA_109	08	-0.1889275933510695	-0.27616394625110596	3.16017316017316
BronxA_109	09	-0.1889275933510695	-0.06936239275622368	3.181725888324873
BronxA_109	10	-0.1889275933510695	0.1595877025900434	3.1538461538461537
BronxA_109	11	-0.1889275933510695	0.39971565911224305	3.075910931174089
BronxA_109	12	-0.1889275933510695	0.6398436156344427	3.21584984358707
BronxA_109	13	-0.1889275933510695	0.8799715721566423	3.137111517367459
BronxA_109	14	0.33645597852977205	-0.6897670532408705	3.0329545454545452
BronxA_109	15	0.33645597852977205	-0.48296549974598824	3.1403238242097147
BronxA_109	16	0.33645597852977205	-0.27616394625110596	3.0032362459546924
BronxA_109	17	0.33645597852977205	-0.06936239275622368	3.1548575602629656
BronxA_109	18	0.33645597852977205	0.1595877025900434	3.166303558460421
BronxA_109	19	0.33645597852977205	0.39971565911224305	3.006974716652136
BronxA_109	20	0.33645597852977205	0.6398436156344427	3.0195530726256985
BronxA_109	21	0.33645597852977205	0.8799715721566423	3.166425470332851
BronxA_109	22	0.8276446962061469	-0.27616394625110596	3.1997533908754625
BronxA_075	00	-0.8220409642765851	-0.4086350139676986	3.282985339848956
BronxA_075	01	-0.8220409642765851	-0.17210058296843375	3.244133978147949
BronxA_075	02	-0.8220409642765851	0.05708122264866247	3.205153815421494
BronxA_075	03	-0.38727755061899977	-0.6451694449669633	3.1507056451612905
BronxA_075	04	-0.38727755061899977	-0.4086350139676986	3.2336911643270025
BronxA_075	05	-0.38727755061899977	-0.17210058296843375	3.186858316221766
BronxA_075	06	-0.38727755061899977	0.05708122264866247	3.228799672265465
BronxA_075	07	-0.38727755061899977	0.26662441978137585	3.171732074358218
BronxA_075	08	-0.38727755061899977	0.47616761691408915	3.2386382693275197
BronxA_075	09	0.043380026862064554	-0.6451694449669633	3.1403671856844064
BronxA_075	10	0.043380026862064554	-0.4086350139676986	3.0402058539723384
BronxA_075	11	0.043380026862064554	-0.17210058296843375	3.190623245367771
BronxA_075	12	0.043380026862064554	0.05708122264866247	3.173337013524703
BronxA_075	13	0.043380026862064554	0.26662441978137585	3.112282422162295
BronxA_075	14	0.043380026862064554	0.47616761691408915	3.0850111856823266
BronxA_075	15	0.043380026862064554	0.6857108140468026	3.0959354944874113
BronxA_075	16	0.4405518872067706	-0.6451694449669633	3.0512440758293837
BronxA_075	17	0.4405518872067706	-0.4086350139676986	3.1084947839046198
BronxA_075	18	0.4405518872067706	-0.17210058296843375	3.039985459832788
BronxA_075	19	0.4405518872067706	0.05708122264866247	3.0761934871957
BronxA_075	20	0.4405518872067706	0.26662441978137585	3.0418508694370763
BronxA_075	21	0.4405518872067706	0.47616761691408915	3.035282258064516
BronxA_075	22	0.8377237475514766	-0.4086350139676986	3.203150912106136
BronxA_075	23	0.8377237475514766	-0.17210058296843375	2.9765732659623336
BronxA_075	24	0.8377237475514766	0.05708122264866247	3.0920517560073937
BronxA_075	25	0.8377237475514766	0.26662441978137585	3.074001947419669
BronxA_119	00	-0.6657433320646724	-0.611789168877494	3.052500565738855
BronxA_119	01	-0.6657433320646724	-0.44658877091291876	3.082003710575139
BronxA_119	02	-0.6657433320646724	-0.2813883729483436	3.1209811070599933
BronxA_119	03	-0.6657433320646724	-0.11618797498376841	3.1431180474846423
BronxA_119	04	-0.6657433320646724	0.06385537058512725	3.136093609360936
BronxA_119	05	-0.6657433320646724	0.2790851427791972	3.1417165668662674
BronxA_119	06	0.002467511240629476	-0.611789168877494	3.1679262200589213
BronxA_119	07	0.002467511240629476	-0.44658877091291876	3.0885809724112336
BronxA_119	08	0.002467511240629476	-0.2813883729483436	3.1523998777132376
BronxA_119	09	0.002467511240629476	-0.11618797498376841	3.1228406909788866
BronxA_119	10	0.002467511240629476	0.06385537058512725	3.1232505643340858
BronxA_119	11	0.002467511240629476	0.2790851427791972	3.214641995172969
BronxA_119	12	0.002467511240629476	0.4943149149732672	3.141725768321513
BronxA_119	13	0.002467511240629476	0.7095446871673372	3.154998708344097
BronxA_119	14	0.002467511240629476	0.9247744593614071	3.219103240391861
BronxA_119	15	0.6675857120122382	-0.2813883729483436	3.1249426868408987
BronxA_119	16	0.6675857120122382	-0.11618797498376841	3.1569911504424777
BronxA_119	17	0.6675857120122382	0.06385537058512725	3.22462589459987
BronxA_119	18	0.6675857120122382	0.2790851427791972	3.090752836026126
BronxA_119	19	0.6675857120122382	0.4943149149732672	3.1260135135135134
BronxA_119	20	0.6675857120122382	0.7095446871673372	3.082507015902713
