BronxA_009	00	-0.8737722551606348	-0.1002147685065825	66.2942509069
BronxA_009	01	-0.8737722551606348	0.19620459826072864	62.801155323
BronxA_009	02	-0.44985981390413016	-0.3572623206021818	64.1344352553
BronxA_009	03	-0.44985981390413016	-0.1002147685065825	59.9623065082
BronxA_009	04	-0.44985981390413016	0.19620459826072864	49.5104821288
BronxA_009	05	-0.44985981390413016	0.5177822081116369	60.0122192523
BronxA_009	06	-0.44985981390413016	0.8393598179625451	49.9956140901
BronxA_009	07	-0.025947372647625623	-0.6143098726977813	73.9409285645
BronxA_009	08	-0.025947372647625623	-0.3572623206021818	37.4494829812
BronxA_009	09	-0.025947372647625623	-0.1002147685065825	38.4474369971
BronxA_009	10	-0.025947372647625623	0.19620459826072864	46.879836998
BronxA_009	11	-0.025947372647625623	0.5177822081116369	47.0286782909
BronxA_009	12	-0.025947372647625623	0.8393598179625451	35.8234445991
BronxA_009	13	0.4199261980597977	-0.6143098726977813	52.0122635857
BronxA_009	14	0.4199261980597977	-0.3572623206021818	45.7438141643
BronxA_009	15	0.4199261980597977	-0.1002147685065825	34.692763943
BronxA_009	16	0.4199261980597977	0.19620459826072864	43.9229100911
BronxA_009	17	0.4199261980597977	0.5177822081116369	54.9986925002
BronxA_009	18	0.8672316371762189	-0.3572623206021818	48.6746145801
BronxA_009	19	0.8672316371762189	-0.1002147685065825	57.0052980167
BronxA_009	20	0.8672316371762189	0.19620459826072864	74.6359818761
BronxA_010	00	-0.7651222479672553	-0.301222631653004	24.1075200587
BronxA_010	01	-0.7651222479672553	-0.10161522161530818	23.0259982613
BronxA_010	02	-0.7651222479672553	0.1230336304216903	21.713996167
BronxA_010	03	-0.7651222479672553	0.3736497735182347	22.3372479789
BronxA_010	04	-0.2449473002617578	-0.5008300416907	25.6083471461
BronxA_010	05	-0.2449473002617578	-0.301222631653004	23.2380429587
BronxA_010	06	-0.2449473002617578	-0.10161522161530818	21.7026124485
BronxA_010	07	-0.2449473002617578	0.1230336304216903	21.6874444715
BronxA_010	08	-0.2449473002617578	0.3736497735182347	19.897317349
BronxA_010	09	-0.2449473002617578	0.624265916614779	22.3803897898
BronxA_010	10	0.26722958310123346	-0.5008300416907	22.7431907003
BronxA_010	11	0.26722958310123346	-0.301222631653004	24.1289473381
BronxA_010	12	0.26722958310123346	-0.10161522161530818	23.0291149914
BronxA_010	13	0.26722958310123346	0.1230336304216903	22.2779562012
BronxA_010	14	0.26722958310123346	0.3736497735182347	20.6844565931
BronxA_010	15	0.26722958310123346	0.624265916614779	23.7526915581
BronxA_010	16	0.7722883433896989	-0.301222631653004	26.4141649273
BronxA_010	17	0.7722883433896989	-0.10161522161530818	25.3769159872
BronxA_010	18	0.7722883433896989	0.1230336304216903	24.4382001539
BronxA_010	19	0.7722883433896989	0.3736497735182347	24.0208226887
BronxA_016	00	-0.8466736512122864	-0.3349125487713122	44.619144179
BronxA_016	01	-0.8466736512122864	-0.1449024386319443	44.0283574828
BronxA_016	02	-0.8466736512122864	0.050114005457365524	45.0944823551
BronxA_016	03	-0.8466736512122864	0.26121263631690367	43.8138638
BronxA_016	04	-0.2588422150335849	-0.7149327690500481	46.3219106994
BronxA_016	05	-0.2588422150335849	-0.5249226589106801	46.6584355838
BronxA_016	06	-0.2588422150335849	-0.3349125487713122	46.4117846808
BronxA_016	07	-0.2588422150335849	-0.1449024386319443	46.0422416605
BronxA_016	08	-0.2588422150335849	0.050114005457365524	44.8809512825
BronxA_016	09	-0.2588422150335849	0.26121263631690367	45.180352753
BronxA_016	10	-0.2588422150335849	0.47231126717644184	43.4128490992
BronxA_016	11	-0.2588422150335849	0.6834098980359798	40.2912262345
BronxA_016	12	0.3075167299110347	-0.5249226589106801	46.7604695655
BronxA_016	13	0.3075167299110347	-0.3349125487713122	44.485375655
BronxA_016	14	0.3075167299110347	-0.1449024386319443	44.5374425635
BronxA_016	15	0.3075167299110347	0.050114005457365524	46.5299774815
BronxA_016	16	0.3075167299110347	0.26121263631690367	45.5137215981
BronxA_016	17	0.3075167299110347	0.47231126717644184	45.0817437137
BronxA_016	18	0.3075167299110347	0.6834098980359798	42.8154238954
BronxA_016	19	0.8569815432668647	-0.1449024386319443	44.8078492155
BronxA_016	20	0.8569815432668647	0.050114005457365524	45.8590952649
BronxA_016	21	0.8569815432668647	0.26121263631690367	44.4403225636
BronxA_019	00	-0.8587176200841186	-0.3382047056087095	42.0970634302
BronxA_019	01	-0.8587176200841186	-0.14913137747289293	42.8803851577
BronxA_019	02	-0.8587176200841186	0.04484165069258589	42.4894862777
BronxA_019	03	-0.8587176200841186	0.25710870312327844	41.2485257322
BronxA_019	04	-0.2659930772907008	-0.7163513618803428	44.121965081
BronxA_019	05	-0.2659930772907008	-0.5272780337445261	43.8865603599
BronxA_019	06	-0.2659930772907008	-0.3382047056087095	44.0598784956
BronxA_019	07	-0.2659930772907008	-0.14913137747289293	43.3707373171
BronxA_019	08	-0.2659930772907008	0.04484165069258589	41.7741181889
BronxA_019	09	-0.2659930772907008	0.25710870312327844	43.3377389945
BronxA_019	10	-0.2659930772907008	0.46937575555397093	40.139222859
BronxA_019	11	-0.2659930772907008	0.6816428079846633	37.9241512434
BronxA_019	12	0.30810709665918784	-0.5272780337445261	44.0253133038
BronxA_019	13	0.30810709665918784	-0.3382047056087095	41.7598137967
BronxA_019	14	0.30810709665918784	-0.14913137747289293	42.6255001661
BronxA_019	15	0.30810709665918784	0.04484165069258589	43.612683223
BronxA_019	16	0.30810709665918784	0.25710870312327844	42.1947052684
BronxA_019	17	0.30810709665918784	0.46937575555397093	41.7217485404
BronxA_019	18	0.30810709665918784	0.6816428079846633	40.4411765615
BronxA_019	19	0.8670451154316893	-0.14913137747289293	42.6535913722
BronxA_019	20	0.8670451154316893	0.04484165069258589	43.4853841574
BronxA_019	21	0.8670451154316893	0.25710870312327844	41.8933963878
BronxA_070	00	-0.7518374519356829	-0.4463878181374036	29.8575327406
BronxA_070	01	-0.7518374519356829	-0.2249433214278876	29.6186764195
BronxA_070	02	-0.7518374519356829	-0.0034988247183715903	28.7288736065
BronxA_070	03	-0.7518374519356829	0.2194819423464145	28.9687601622
BronxA_070	04	-0.7518374519356829	0.44248737216611556	29.4913628676
BronxA_070	05	-0.2330424411463179	-0.6678323148469195	34.6252861849
BronxA_070	06	-0.2330424411463179	-0.4463878181374036	32.8373154204
BronxA_070	07	-0.2330424411463179	-0.2249433214278876	30.9958757967
BronxA_070	08	-0.2330424411463179	-0.0034988247183715903	29.3631526066
BronxA_070	09	-0.2330424411463179	0.2194819423464145	29.4319648341
BronxA_070	10	-0.2330424411463179	0.44248737216611556	30.1646059487
BronxA_070	11	-0.2330424411463179	0.6654928019858167	29.6913918988
BronxA_070	12	0.2714604707070167	-0.6678323148469195	36.2993133742
BronxA_070	13	0.2714604707070167	-0.4463878181374036	35.2222877747
BronxA_070	14	0.2714604707070167	-0.2249433214278876	32.5347623351
BronxA_070	15	0.2714604707070167	-0.0034988247183715903	31.5148222684
BronxA_070	16	0.2714604707070167	0.2194819423464145	31.2341359692
BronxA_070	17	0.2714604707070167	0.44248737216611556	31.0547481317
BronxA_070	18	0.2714604707070167	0.6654928019858167	30.0330532151
BronxA_070	19	0.7643076146723572	-0.4463878181374036	33.1608183659
BronxA_070	20	0.7643076146723572	-0.2249433214278876	32.9092146019
BronxA_070	21	0.7643076146723572	-0.0034988247183715903	32.7311769236
BronxA_070	22	0.7643076146723572	0.2194819423464145	32.0516017252
BronxA_071	00	-0.7963228497990553	-0.2863058406975909	35.4722370342
BronxA_071	01	-0.7963228497990553	-0.08240622992176676	38.0084667957
BronxA_071	02	-0.7963228497990553	0.1454842419924741	35.7277611072
BronxA_071	03	-0.7963228497990553	0.3896471758720989	28.2983906313
BronxA_071	04	-0.29909584696599373	-0.6941050622492394	33.2138936097
BronxA_071	05	-0.29909584696599373	-0.49020545147341504	36.7900458971
BronxA_071	06	-0.29909584696599373	-0.2863058406975909	34.1192067591
BronxA_071	07	-0.29909584696599373	-0.08240622992176676	34.1665891104
BronxA_071	08	-0.29909584696599373	0.1454842419924741	32.3649713303
BronxA_071	09	-0.29909584696599373	0.3896471758720989	28.3689843729
BronxA_071	10	-0.29909584696599373	0.6338101097517236	24.4647668281
BronxA_071	11	-0.29909584696599373	0.8779730436313482	22.1442267314
BronxA_071	12	0.22043000141127123	-0.6941050622492394	29.8999799964
BronxA_071	13	0.22043000141127123	-0.49020545147341504	32.2090335284
BronxA_071	14	0.22043000141127123	-0.2863058406975909	30.9309853941
BronxA_071	15	0.22043000141127123	-0.08240622992176676	27.8639619235
BronxA_071	16	0.22043000141127123	0.1454842419924741	24.8541673042
BronxA_071	17	0.22043000141127123	0.3896471758720989	22.8944344587
BronxA_071	18	0.22043000141127123	0.6338101097517236	21.0405692499
BronxA_071	19	0.22043000141127123	0.8779730436313482	21.0522336943
BronxA_071	20	0.7736178554696731	-0.49020545147341504	25.4580079982
BronxA_071	21	0.7736178554696731	-0.2863058406975909	25.1575042133
BronxA_071	22	0.7736178554696731	-0.08240622992176676	24.1199809248
BronxA_071	23	0.7736178554696731	0.1454842419924741	21.3494314726
BronxA_071	24	0.7736178554696731	0.3896471758720989	20.3098873653
BronxA_088	00	-0.8136616382308877	-0.44085009327087993	33.0551603621
BronxA_088	01	-0.8136616382308877	-0.21719248530349156	37.5363111817
BronxA_088	02	-0.8136616382308877	0.008191363541413187	36.2533534681
BronxA_088	03	-0.8136616382308877	0.29156739071171417	39.0353395268
BronxA_088	04	-0.2782954553995785	-0.6645077012382683	32.6691853035
BronxA_088	05	-0.2782954553995785	-0.44085009327087993	33.7078638443
BronxA_088	06	-0.2782954553995785	-0.21719248530349156	38.2044594462
BronxA_088	07	-0.2782954553995785	0.008191363541413187	37.8941849174
BronxA_088	08	-0.2782954553995785	0.29156739071171417	36.6270085885
BronxA_088	09	-0.2782954553995785	0.5749434178820152	36.9274019949
BronxA_088	10	-0.2782954553995785	0.858319445052316	43.5228522558
BronxA_088	11	0.2626490838220609	-0.6645077012382683	39.965975175
BronxA_088	12	0.2626490838220609	-0.44085009327087993	39.2981851076
BronxA_088	13	0.2626490838220609	-0.21719248530349156	39.3284629445
BronxA_088	14	0.2626490838220609	0.008191363541413187	36.5648378066
BronxA_088	15	0.2626490838220609	0.29156739071171417	35.3331715999
BronxA_088	16	0.2626490838220609	0.5749434178820152	31.8601394768
BronxA_088	17	0.2626490838220609	0.858319445052316	34.3767842316
BronxA_088	18	0.8096325495583514	-0.21719248530349156	37.4867799606
BronxA_088	19	0.8096325495583514	0.008191363541413187	35.6416166605
BronxA_088	20	0.8096325495583514	0.29156739071171417	33.1476359797
BronxA_088	21	0.8096325495583514	0.5749434178820152	31.3342234685
BronxA_109	00	-0.7886655856053921	-0.48296549974598824	21.3992756361
BronxA_109	01	-0.7886655856053921	-0.27616394625110596	21.1119459877
BronxA_109	02	-0.7886655856053921	-0.06936239275622368	20.971974638
BronxA_109	03	-0.7886655856053921	0.1595877025900434	21.9177703393
BronxA_109	04	-0.7886655856053921	0.39971565911224305	21.4014041641
BronxA_109	05	-0.7886655856053921	0.6398436156344427	21.7809112886
BronxA_109	06	-0.1889275933510695	-0.6897670532408705	22.6776002425
BronxA_109	07	-0.1889275933510695	-0.48296549974598824	21.4738418439
BronxA_109	08	-0.1889275933510695	-0.27616394625110596	21.9105776218
BronxA_109	09	-0.1889275933510695	-0.06936239275622368	21.3219949376
BronxA_109	10	-0.1889275933510695	0.1595877025900434	21.1937688817
BronxA_109	11	-0.1889275933510695	0.39971565911224305	21.2900330573
BronxA_109	12	-0.1889275933510695	0.6398436156344427	21.6158331717
BronxA_109	13	-0.1889275933510695	0.8799715721566423	19.8025409645
BronxA_109	14	0.33645597852977205	-0.6897670532408705	21.9999336658
BronxA_109	15	0.33645597852977205	-0.48296549974598824	21.3609673974
BronxA_109	16	0.33645597852977205	-0.27616394625110596	22.0484052184
BronxA_109	17	0.33645597852977205	-0.06936239275622368	21.2885895767
BronxA_109	18	0.33645597852977205	0.1595877025900434	21.3979161055
BronxA_109	19	0.33645597852977205	0.39971565911224305	22.4592907163
BronxA_109	20	0.33645597852977205	0.6398436156344427	20.836693019
BronxA_109	21	0.33645597852977205	0.8799715721566423	19.0568225106
BronxA_109	22	0.8276446962061469	-0.27616394625110596	21.5396978639
BronxA_075	00	-0.8220409642765851	-0.4086350139676986	24.8475018032
BronxA_075	01	-0.8220409642765851	-0.17210058296843375	21.9380769123
BronxA_075	02	-0.8220409642765851	0.05708122264866247	21.8541795963
BronxA_075	03	-0.38727755061899977	-0.6451694449669633	33.7668811893
BronxA_075	04	-0.38727755061899977	-0.4086350139676986	31.120426234
BronxA_075	05	-0.38727755061899977	-0.17210058296843375	27.7678782853
BronxA_075	06	-0.38727755061899977	0.05708122264866247	26.079388684
BronxA_075	07	-0.38727755061899977	0.26662441978137585	23.9149722531
BronxA_075	08	-0.38727755061899977	0.47616761691408915	23.6186489324
BronxA_075	09	0.043380026862064554	-0.6451694449669633	34.1421140905
BronxA_075	10	0.043380026862064554	-0.4086350139676986	33.1261052952
BronxA_075	11	0.043380026862064554	-0.17210058296843375	30.1600811152
BronxA_075	12	0.043380026862064554	0.05708122264866247	29.9829685453
BronxA_075	13	0.043380026862064554	0.26662441978137585	28.4173625444
BronxA_075	14	0.043380026862064554	0.47616761691408915	30.6230907979
BronxA_075	15	0.043380026862064554	0.6857108140468026	33.6711345346
BronxA_075	16	0.4405518872067706	-0.6451694449669633	34.7200520536
BronxA_075	17	0.4405518872067706	-0.4086350139676986	32.4401598999
BronxA_075	18	0.4405518872067706	-0.17210058296843375	36.5230541139
BronxA_075	19	0.4405518872067706	0.05708122264866247	33.7721108724
BronxA_075	20	0.4405518872067706	0.26662441978137585	33.0630355503
BronxA_075	21	0.4405518872067706	0.47616761691408915	34.7984209238
BronxA_075	22	0.8377237475514766	-0.4086350139676986	32.5392584501
BronxA_075	23	0.8377237475514766	-0.17210058296843375	38.5659315433
BronxA_075	24	0.8377237475514766	0.05708122264866247	32.1644764206
BronxA_075	25	0.8377237475514766	0.26662441978137585	31.3327678133
BronxA_119	00	-0.6657433320646724	-0.611789168877494	33.6466653153
BronxA_119	01	-0.6657433320646724	-0.44658877091291876	33.278142069
BronxA_119	02	-0.6657433320646724	-0.2813883729483436	30.963367746
BronxA_119	03	-0.6657433320646724	-0.11618797498376841	30.7942697345
BronxA_119	04	-0.6657433320646724	0.06385537058512725	29.1352189804
BronxA_119	05	-0.6657433320646724	0.2790851427791972	29.8259700161
BronxA_119	06	0.002467511240629476	-0.611789168877494	31.9146837778
BronxA_119	07	0.002467511240629476	-0.44658877091291876	29.8225732647
BronxA_119	08	0.002467511240629476	-0.2813883729483436	29.7927230647
BronxA_119	09	0.002467511240629476	-0.11618797498376841	29.1298651983
BronxA_119	10	0.002467511240629476	0.06385537058512725	29.6580308123
BronxA_119	11	0.002467511240629476	0.2790851427791972	30.2443361185
BronxA_119	12	0.002467511240629476	0.4943149149732672	29.5358614837
BronxA_119	13	0.002467511240629476	0.7095446871673372	28.5379422983
BronxA_119	14	0.002467511240629476	0.9247744593614071	27.2663325133
BronxA_119	15	0.6675857120122382	-0.2813883729483436	30.0749843384
BronxA_119	16	0.6675857120122382	-0.11618797498376841	28.9813697873
BronxA_119	17	0.6675857120122382	0.06385537058512725	29.1572751069
BronxA_119	18	0.6675857120122382	0.2790851427791972	31.8265789684
BronxA_119	19	0.6675857120122382	0.4943149149732672	31.0356652239
BronxA_119	20	0.6675857120122382	0.7095446871673372	29.7467941369
