BronxA_009	00	-0.8737722551606348	-0.1002147685065825	0.0241305882978
BronxA_009	01	-0.8737722551606348	0.19620459826072864	0.0252543526207
BronxA_009	02	-0.44985981390413016	-0.3572623206021818	0.0252465916053
BronxA_009	03	-0.44985981390413016	-0.1002147685065825	0.027773339563
BronxA_009	04	-0.44985981390413016	0.19620459826072864	0.0287642159837
BronxA_009	05	-0.44985981390413016	0.5177822081116369	0.029005560107
BronxA_009	06	-0.44985981390413016	0.8393598179625451	0.0286424068966
BronxA_009	07	-0.025947372647625623	-0.6143098726977813	0.0227554330595
BronxA_009	08	-0.025947372647625623	-0.3572623206021818	0.0308363276275
BronxA_009	09	-0.025947372647625623	-0.1002147685065825	0.0342006637338
BronxA_009	10	-0.025947372647625623	0.19620459826072864	0.0301639527362
BronxA_009	11	-0.025947372647625623	0.5177822081116369	0.0285499924555
BronxA_009	12	-0.025947372647625623	0.8393598179625451	0.033696142879
BronxA_009	13	0.4199261980597977	-0.6143098726977813	0.0269992233483
BronxA_009	14	0.4199261980597977	-0.3572623206021818	0.0299669411948
BronxA_009	15	0.4199261980597977	-0.1002147685065825	0.0354671066622
BronxA_009	16	0.4199261980597977	0.19620459826072864	0.0323205519892
BronxA_009	17	0.4199261980597977	0.5177822081116369	0.0250873750214
BronxA_009	18	0.8672316371762189	-0.3572623206021818	0.0301658804612
BronxA_009	19	0.8672316371762189	-0.1002147685065825	0.0283032849228
BronxA_009	20	0.8672316371762189	0.19620459826072864	0.0278211169839
BronxA_010	00	-0.7651222479672553	-0.301222631653004	0.0453722255413
BronxA_010	01	-0.7651222479672553	-0.10161522161530818	0.0466004961884
BronxA_010	02	-0.7651222479672553	0.1230336304216903	0.0479973911291
BronxA_010	03	-0.7651222479672553	0.3736497735182347	0.0485116921092
BronxA_010	04	-0.2449473002617578	-0.5008300416907	0.0400264478379
BronxA_010	05	-0.2449473002617578	-0.301222631653004	0.0447481064668
BronxA_010	06	-0.2449473002617578	-0.10161522161530818	0.0481630004763
BronxA_010	07	-0.2449473002617578	0.1230336304216903	0.0485952513195
BronxA_010	08	-0.2449473002617578	0.3736497735182347	0.0512422622901
BronxA_010	09	-0.2449473002617578	0.624265916614779	0.0463610405491
BronxA_010	10	0.26722958310123346	-0.5008300416907	0.0491449214365
BronxA_010	11	0.26722958310123346	-0.301222631653004	0.0450379314067
BronxA_010	12	0.26722958310123346	-0.10161522161530818	0.0472394430886
BronxA_010	13	0.26722958310123346	0.1230336304216903	0.0475640136935
BronxA_010	14	0.26722958310123346	0.3736497735182347	0.0492004310008
BronxA_010	15	0.26722958310123346	0.624265916614779	0.0466843885037
BronxA_010	16	0.7722883433896989	-0.301222631653004	0.0420795340258
BronxA_010	17	0.7722883433896989	-0.10161522161530818	0.0426283527703
BronxA_010	18	0.7722883433896989	0.1230336304216903	0.0441498959024
BronxA_010	19	0.7722883433896989	0.3736497735182347	0.0465622423346
BronxA_016	00	-0.8466736512122864	-0.3349125487713122	0.0257324388656
BronxA_016	01	-0.8466736512122864	-0.1449024386319443	0.0253075288579
BronxA_016	02	-0.8466736512122864	0.050114005457365524	0.0254697684018
BronxA_016	03	-0.8466736512122864	0.26121263631690367	0.025396412684
BronxA_016	04	-0.2588422150335849	-0.7149327690500481	0.024961075309
BronxA_016	05	-0.2588422150335849	-0.5249226589106801	0.0253251392738
BronxA_016	06	-0.2588422150335849	-0.3349125487713122	0.0257073246094
BronxA_016	07	-0.2588422150335849	-0.1449024386319443	0.0254419082613
BronxA_016	08	-0.2588422150335849	0.050114005457365524	0.0257556749328
BronxA_016	09	-0.2588422150335849	0.26121263631690367	0.0254424897674
BronxA_016	10	-0.2588422150335849	0.47231126717644184	0.0257397165936
BronxA_016	11	-0.2588422150335849	0.6834098980359798	0.0268224828587
BronxA_016	12	0.3075167299110347	-0.5249226589106801	0.0247298899968
BronxA_016	13	0.3075167299110347	-0.3349125487713122	0.0248143938324
BronxA_016	14	0.3075167299110347	-0.1449024386319443	0.0252297886726
BronxA_016	15	0.3075167299110347	0.050114005457365524	0.0251190782759
BronxA_016	16	0.3075167299110347	0.26121263631690367	0.0251439189595
BronxA_016	17	0.3075167299110347	0.47231126717644184	0.0246956761927
BronxA_016	18	0.3075167299110347	0.6834098980359798	0.0259288588985
BronxA_016	19	0.8569815432668647	-0.1449024386319443	0.0253742615721
BronxA_016	20	0.8569815432668647	0.050114005457365524	0.02493682945
BronxA_016	21	0.8569815432668647	0.26121263631690367	0.0247975283592
BronxA_019	00	-0.8587176200841186	-0.3382047056087095	0.0265678687478
BronxA_019	01	-0.8587176200841186	-0.14913137747289293	0.026155014993
BronxA_019	02	-0.8587176200841186	0.04484165069258589	0.0270594813273
BronxA_019	03	-0.8587176200841186	0.25710870312327844	0.026993096338
BronxA_019	04	-0.2659930772907008	-0.7163513618803428	0.0257939593544
BronxA_019	05	-0.2659930772907008	-0.5272780337445261	0.0259478071317
BronxA_019	06	-0.2659930772907008	-0.3382047056087095	0.026819393296
BronxA_019	07	-0.2659930772907008	-0.14913137747289293	0.0267386621978
BronxA_019	08	-0.2659930772907008	0.04484165069258589	0.0273778786914
BronxA_019	09	-0.2659930772907008	0.25710870312327844	0.0269110662229
BronxA_019	10	-0.2659930772907008	0.46937575555397093	0.0274705713326
BronxA_019	11	-0.2659930772907008	0.6816428079846633	0.0282270964795
BronxA_019	12	0.30810709665918784	-0.5272780337445261	0.0253391685261
BronxA_019	13	0.30810709665918784	-0.3382047056087095	0.0263853927334
BronxA_019	14	0.30810709665918784	-0.14913137747289293	0.0266843240227
BronxA_019	15	0.30810709665918784	0.04484165069258589	0.026770704479
BronxA_019	16	0.30810709665918784	0.25710870312327844	0.0272288062696
BronxA_019	17	0.30810709665918784	0.46937575555397093	0.026700670998
BronxA_019	18	0.30810709665918784	0.6816428079846633	0.0275252593922
BronxA_019	19	0.8670451154316893	-0.14913137747289293	0.0263164775205
BronxA_019	20	0.8670451154316893	0.04484165069258589	0.0263126823406
BronxA_019	21	0.8670451154316893	0.25710870312327844	0.0264789808313
BronxA_070	00	-0.7518374519356829	-0.4463878181374036	0.0365427119226
BronxA_070	01	-0.7518374519356829	-0.2249433214278876	0.0365654011651
BronxA_070	02	-0.7518374519356829	-0.0034988247183715903	0.0367392070702
BronxA_070	03	-0.7518374519356829	0.2194819423464145	0.0368244255482
BronxA_070	04	-0.7518374519356829	0.44248737216611556	0.0369127193906
BronxA_070	05	-0.2330424411463179	-0.6678323148469195	0.0329533647224
BronxA_070	06	-0.2330424411463179	-0.4463878181374036	0.034144319389
BronxA_070	07	-0.2330424411463179	-0.2249433214278876	0.0352516844587
BronxA_070	08	-0.2330424411463179	-0.0034988247183715903	0.036268280901
BronxA_070	09	-0.2330424411463179	0.2194819423464145	0.0365797431124
BronxA_070	10	-0.2330424411463179	0.44248737216611556	0.0358995147029
BronxA_070	11	-0.2330424411463179	0.6654928019858167	0.0364136852808
BronxA_070	12	0.2714604707070167	-0.6678323148469195	0.030673914717
BronxA_070	13	0.2714604707070167	-0.4463878181374036	0.0324299166729
BronxA_070	14	0.2714604707070167	-0.2249433214278876	0.034106299435
BronxA_070	15	0.2714604707070167	-0.0034988247183715903	0.0349054762512
BronxA_070	16	0.2714604707070167	0.2194819423464145	0.0349451023476
BronxA_070	17	0.2714604707070167	0.44248737216611556	0.0343474193951
BronxA_070	18	0.2714604707070167	0.6654928019858167	0.0356729297531
BronxA_070	19	0.7643076146723572	-0.4463878181374036	0.0336782608115
BronxA_070	20	0.7643076146723572	-0.2249433214278876	0.0339124772126
BronxA_070	21	0.7643076146723572	-0.0034988247183715903	0.0340628288798
BronxA_070	22	0.7643076146723572	0.2194819423464145	0.0347785718462
BronxA_071	00	-0.7963228497990553	-0.2863058406975909	0.0337986963984
BronxA_071	01	-0.7963228497990553	-0.08240622992176676	0.0325441170561
BronxA_071	02	-0.7963228497990553	0.1454842419924741	0.0334120104199
BronxA_071	03	-0.7963228497990553	0.3896471758720989	0.0380629027923
BronxA_071	04	-0.29909584696599373	-0.6941050622492394	0.0339655206133
BronxA_071	05	-0.29909584696599373	-0.49020545147341504	0.0324588657646
BronxA_071	06	-0.29909584696599373	-0.2863058406975909	0.0333953964462
BronxA_071	07	-0.29909584696599373	-0.08240622992176676	0.0337781055956
BronxA_071	08	-0.29909584696599373	0.1454842419924741	0.0347374981127
BronxA_071	09	-0.29909584696599373	0.3896471758720989	0.0373338025494
BronxA_071	10	-0.29909584696599373	0.6338101097517236	0.0420763491476
BronxA_071	11	-0.29909584696599373	0.8779730436313482	0.045692548789
BronxA_071	12	0.22043000141127123	-0.6941050622492394	0.0365165212646
BronxA_071	13	0.22043000141127123	-0.49020545147341504	0.0353921295822
BronxA_071	14	0.22043000141127123	-0.2863058406975909	0.0363151692029
BronxA_071	15	0.22043000141127123	-0.08240622992176676	0.0388165825759
BronxA_071	16	0.22043000141127123	0.1454842419924741	0.0363212198897
BronxA_071	17	0.22043000141127123	0.3896471758720989	0.0441462274234
BronxA_071	18	0.22043000141127123	0.6338101097517236	0.0469033367847
BronxA_071	19	0.22043000141127123	0.8779730436313482	0.0473344023872
BronxA_071	20	0.7736178554696731	-0.49020545147341504	0.0415711271389
BronxA_071	21	0.7736178554696731	-0.2863058406975909	0.0415470123495
BronxA_071	22	0.7736178554696731	-0.08240622992176676	0.0432620443099
BronxA_071	23	0.7736178554696731	0.1454842419924741	0.0475743268462
BronxA_071	24	0.7736178554696731	0.3896471758720989	0.0497725828441
BronxA_088	00	-0.8136616382308877	-0.44085009327087993	0.0374170964031
BronxA_088	01	-0.8136616382308877	-0.21719248530349156	0.0342581906443
BronxA_088	02	-0.8136616382308877	0.008191363541413187	0.0376661114628
BronxA_088	03	-0.8136616382308877	0.29156739071171417	0.0354500802908
BronxA_088	04	-0.2782954553995785	-0.6645077012382683	0.0350124867935
BronxA_088	05	-0.2782954553995785	-0.44085009327087993	0.0351401642057
BronxA_088	06	-0.2782954553995785	-0.21719248530349156	0.0317804887152
BronxA_088	07	-0.2782954553995785	0.008191363541413187	0.0337972761488
BronxA_088	08	-0.2782954553995785	0.29156739071171417	0.0354032526046
BronxA_088	09	-0.2782954553995785	0.5749434178820152	0.0336510655613
BronxA_088	10	-0.2782954553995785	0.858319445052316	0.0319775444995
BronxA_088	11	0.2626490838220609	-0.6645077012382683	0.0340292421071
BronxA_088	12	0.2626490838220609	-0.44085009327087993	0.0321708945113
BronxA_088	13	0.2626490838220609	-0.21719248530349156	0.0320262035731
BronxA_088	14	0.2626490838220609	0.008191363541413187	0.0342348115474
BronxA_088	15	0.2626490838220609	0.29156739071171417	0.0366270859597
BronxA_088	16	0.2626490838220609	0.5749434178820152	0.0370357507622
BronxA_088	17	0.2626490838220609	0.858319445052316	0.035500269579
BronxA_088	18	0.8096325495583514	-0.21719248530349156	0.0330385549397
BronxA_088	19	0.8096325495583514	0.008191363541413187	0.0345675820668
BronxA_088	20	0.8096325495583514	0.29156739071171417	0.0367603543598
BronxA_088	21	0.8096325495583514	0.5749434178820152	0.0377009095948
BronxA_109	00	-0.7886655856053921	-0.48296549974598824	0.0478307823823
BronxA_109	01	-0.7886655856053921	-0.27616394625110596	0.0482333474999
BronxA_109	02	-0.7886655856053921	-0.06936239275622368	0.0491852390767
BronxA_109	03	-0.7886655856053921	0.1595877025900434	0.0471122255312
BronxA_109	04	-0.7886655856053921	0.39971565911224305	0.0474938516369
BronxA_109	05	-0.7886655856053921	0.6398436156344427	0.0484191952398
BronxA_109	06	-0.1889275933510695	-0.6897670532408705	0.0441215271941
BronxA_109	07	-0.1889275933510695	-0.48296549974598824	0.0469780169469
BronxA_109	08	-0.1889275933510695	-0.27616394625110596	0.0463252632414
BronxA_109	09	-0.1889275933510695	-0.06936239275622368	0.0475116068352
BronxA_109	10	-0.1889275933510695	0.1595877025900434	0.0476657789824
BronxA_109	11	-0.1889275933510695	0.39971565911224305	0.0476643540517
BronxA_109	12	-0.1889275933510695	0.6398436156344427	0.0475231131826
BronxA_109	13	-0.1889275933510695	0.8799715721566423	0.0500105457395
BronxA_109	14	0.33645597852977205	-0.6897670532408705	0.0461154309286
BronxA_109	15	0.33645597852977205	-0.48296549974598824	0.0474995893455
BronxA_109	16	0.33645597852977205	-0.27616394625110596	0.0468378309061
BronxA_109	17	0.33645597852977205	-0.06936239275622368	0.0473545274208
BronxA_109	18	0.33645597852977205	0.1595877025900434	0.047350044559
BronxA_109	19	0.33645597852977205	0.39971565911224305	0.0459464633883
BronxA_109	20	0.33645597852977205	0.6398436156344427	0.0485646274973
BronxA_109	21	0.33645597852977205	0.8799715721566423	0.0533122586655
BronxA_109	22	0.8276446962061469	-0.27616394625110596	0.0490943524595
BronxA_075	00	-0.8220409642765851	-0.4086350139676986	0.0398435178829
BronxA_075	01	-0.8220409642765851	-0.17210058296843375	0.0448007551395
BronxA_075	02	-0.8220409642765851	0.05708122264866247	0.0451645761609
BronxA_075	03	-0.38727755061899977	-0.6451694449669633	0.0302857989128
BronxA_075	04	-0.38727755061899977	-0.4086350139676986	0.0354502278406
BronxA_075	05	-0.38727755061899977	-0.17210058296843375	0.037919958263
BronxA_075	06	-0.38727755061899977	0.05708122264866247	0.0397563594978
BronxA_075	07	-0.38727755061899977	0.26662441978137585	0.0416926649243
BronxA_075	08	-0.38727755061899977	0.47616761691408915	0.041886045181
BronxA_075	09	0.043380026862064554	-0.6451694449669633	0.0319680287158
BronxA_075	10	0.043380026862064554	-0.4086350139676986	0.0330933730897
BronxA_075	11	0.043380026862064554	-0.17210058296843375	0.0343305411344
BronxA_075	12	0.043380026862064554	0.05708122264866247	0.0352727993918
BronxA_075	13	0.043380026862064554	0.26662441978137585	0.0365995492644
BronxA_075	14	0.043380026862064554	0.47616761691408915	0.0346319912495
BronxA_075	15	0.043380026862064554	0.6857108140468026	0.0315613741167
BronxA_075	16	0.4405518872067706	-0.6451694449669633	0.0324799244288
BronxA_075	17	0.4405518872067706	-0.4086350139676986	0.0343840629716
BronxA_075	18	0.4405518872067706	-0.17210058296843375	0.0317792258147
BronxA_075	19	0.4405518872067706	0.05708122264866247	0.0333956338584
BronxA_075	20	0.4405518872067706	0.26662441978137585	0.0345724875161
BronxA_075	21	0.4405518872067706	0.47616761691408915	0.0327354684027
BronxA_075	22	0.8377237475514766	-0.4086350139676986	0.0347067697428
BronxA_075	23	0.8377237475514766	-0.17210058296843375	0.030609454986
BronxA_075	24	0.8377237475514766	0.05708122264866247	0.0346554530235
BronxA_075	25	0.8377237475514766	0.26662441978137585	0.0361649062419
BronxA_119	00	-0.6657433320646724	-0.611789168877494	0.0341008660022
BronxA_119	01	-0.6657433320646724	-0.44658877091291876	0.0341678659301
BronxA_119	02	-0.6657433320646724	-0.2813883729483436	0.0354187000928
BronxA_119	03	-0.6657433320646724	-0.11618797498376841	0.0357003996047
BronxA_119	04	-0.6657433320646724	0.06385537058512725	0.0372464487514
BronxA_119	05	-0.6657433320646724	0.2790851427791972	0.037218932671
BronxA_119	06	0.002467511240629476	-0.611789168877494	0.0341553124152
BronxA_119	07	0.002467511240629476	-0.44658877091291876	0.0356521060536
BronxA_119	08	0.002467511240629476	-0.2813883729483436	0.035431540413
BronxA_119	09	0.002467511240629476	-0.11618797498376841	0.0366552958369
BronxA_119	10	0.002467511240629476	0.06385537058512725	0.0365229829241
BronxA_119	11	0.002467511240629476	0.2790851427791972	0.0356786794763
BronxA_119	12	0.002467511240629476	0.4943149149732672	0.0360779323857
BronxA_119	13	0.002467511240629476	0.7095446871673372	0.0368383025472
BronxA_119	14	0.002467511240629476	0.9247744593614071	0.0376489810775
BronxA_119	15	0.6675857120122382	-0.2813883729483436	0.0357908816786
BronxA_119	16	0.6675857120122382	-0.11618797498376841	0.0377979037479
BronxA_119	17	0.6675857120122382	0.06385537058512725	0.0367771826915
BronxA_119	18	0.6675857120122382	0.2790851427791972	0.0352495156359
BronxA_119	19	0.6675857120122382	0.4943149149732672	0.0361436818501
BronxA_119	20	0.6675857120122382	0.7095446871673372	0.0371507357076
