BronxA_009	00	-0.8737722551606348	-0.1002147685065825	9.2842807938973
BronxA_009	01	-0.8737722551606348	0.19620459826072864	9.363786549783338
BronxA_009	02	-0.44985981390413016	-0.3572623206021818	8.809028305035461
BronxA_009	03	-0.44985981390413016	-0.1002147685065825	8.740873681366779
BronxA_009	04	-0.44985981390413016	0.19620459826072864	9.064044497054681
BronxA_009	05	-0.44985981390413016	0.5177822081116369	8.965726932646856
BronxA_009	06	-0.44985981390413016	0.8393598179625451	9.090336182420268
BronxA_009	07	-0.025947372647625623	-0.6143098726977813	15.15814482875189
BronxA_009	08	-0.025947372647625623	-0.3572623206021818	11.795983644470247
BronxA_009	09	-0.025947372647625623	-0.1002147685065825	10.430117557311092
BronxA_009	10	-0.025947372647625623	0.19620459826072864	10.816933420507455
BronxA_009	11	-0.025947372647625623	0.5177822081116369	10.29645255509414
BronxA_009	12	-0.025947372647625623	0.8393598179625451	9.164914080670803
BronxA_009	13	0.4199261980597977	-0.6143098726977813	9.047543241684906
BronxA_009	14	0.4199261980597977	-0.3572623206021818	9.244015035799368
BronxA_009	15	0.4199261980597977	-0.1002147685065825	9.141376177181874
BronxA_009	16	0.4199261980597977	0.19620459826072864	9.289147983528785
BronxA_009	17	0.4199261980597977	0.5177822081116369	9.235769210933487
BronxA_009	18	0.8672316371762189	-0.3572623206021818	9.035949051882723
BronxA_009	19	0.8672316371762189	-0.1002147685065825	9.261397044465253
BronxA_009	20	0.8672316371762189	0.19620459826072864	9.156504485332364
BronxA_010	00	-0.7651222479672553	-0.301222631653004	8.23715167204753
BronxA_010	01	-0.7651222479672553	-0.10161522161530818	8.493011179173267
BronxA_010	02	-0.7651222479672553	0.1230336304216903	8.496148190548826
BronxA_010	03	-0.7651222479672553	0.3736497735182347	8.73774649471714
BronxA_010	04	-0.2449473002617578	-0.5008300416907	10.074451649701864
BronxA_010	05	-0.2449473002617578	-0.301222631653004	9.547306526475797
BronxA_010	06	-0.2449473002617578	-0.10161522161530818	9.60831490345453
BronxA_010	07	-0.2449473002617578	0.1230336304216903	9.469331109607488
BronxA_010	08	-0.2449473002617578	0.3736497735182347	9.475621768720753
BronxA_010	09	-0.2449473002617578	0.624265916614779	8.400891614206898
BronxA_010	10	0.26722958310123346	-0.5008300416907	12.221136796158634
BronxA_010	11	0.26722958310123346	-0.301222631653004	7.979303389315593
BronxA_010	12	0.26722958310123346	-0.10161522161530818	8.46806137601085
BronxA_010	13	0.26722958310123346	0.1230336304216903	8.77886814343259
BronxA_010	14	0.26722958310123346	0.3736497735182347	9.09265027871872
BronxA_010	15	0.26722958310123346	0.624265916614779	8.388417723313074
BronxA_010	16	0.7722883433896989	-0.301222631653004	8.22594760422927
BronxA_010	17	0.7722883433896989	-0.10161522161530818	8.014880373738512
BronxA_010	18	0.7722883433896989	0.1230336304216903	8.36468847669487
BronxA_010	19	0.7722883433896989	0.3736497735182347	8.177679248762008
BronxA_016	00	-0.8466736512122864	-0.3349125487713122	9.587990101011586
BronxA_016	01	-0.8466736512122864	-0.1449024386319443	9.203014829170668
BronxA_016	02	-0.8466736512122864	0.050114005457365524	9.331464828388349
BronxA_016	03	-0.8466736512122864	0.26121263631690367	9.287740487369906
BronxA_016	04	-0.2588422150335849	-0.7149327690500481	10.827275724436161
BronxA_016	05	-0.2588422150335849	-0.5249226589106801	10.817936466552476
BronxA_016	06	-0.2588422150335849	-0.3349125487713122	11.759799241590997
BronxA_016	07	-0.2588422150335849	-0.1449024386319443	12.004091273697313
BronxA_016	08	-0.2588422150335849	0.050114005457365524	11.361459027912893
BronxA_016	09	-0.2588422150335849	0.26121263631690367	12.715161753040096
BronxA_016	10	-0.2588422150335849	0.47231126717644184	11.890230789237034
BronxA_016	11	-0.2588422150335849	0.6834098980359798	15.949042744033106
BronxA_016	12	0.3075167299110347	-0.5249226589106801	9.376257177727272
BronxA_016	13	0.3075167299110347	-0.3349125487713122	9.315664124936859
BronxA_016	14	0.3075167299110347	-0.1449024386319443	10.732268994732655
BronxA_016	15	0.3075167299110347	0.050114005457365524	11.092290038374115
BronxA_016	16	0.3075167299110347	0.26121263631690367	10.793690927818332
BronxA_016	17	0.3075167299110347	0.47231126717644184	10.013458461268849
BronxA_016	18	0.3075167299110347	0.6834098980359798	9.091407392245777
BronxA_016	19	0.8569815432668647	-0.1449024386319443	9.050811228213842
BronxA_016	20	0.8569815432668647	0.050114005457365524	8.994714282437801
BronxA_016	21	0.8569815432668647	0.26121263631690367	8.953880078685083
BronxA_019	00	-0.8587176200841186	-0.3382047056087095	9.66740612812784
BronxA_019	01	-0.8587176200841186	-0.14913137747289293	9.492900841246254
BronxA_019	02	-0.8587176200841186	0.04484165069258589	9.466820130504798
BronxA_019	03	-0.8587176200841186	0.25710870312327844	9.312224464972726
BronxA_019	04	-0.2659930772907008	-0.7163513618803428	10.662781203331976
BronxA_019	05	-0.2659930772907008	-0.5272780337445261	10.41097170990236
BronxA_019	06	-0.2659930772907008	-0.3382047056087095	11.052416972690441
BronxA_019	07	-0.2659930772907008	-0.14913137747289293	10.88232528373739
BronxA_019	08	-0.2659930772907008	0.04484165069258589	10.955525538634358
BronxA_019	09	-0.2659930772907008	0.25710870312327844	11.51573570409243
BronxA_019	10	-0.2659930772907008	0.46937575555397093	11.071471069203758
BronxA_019	11	-0.2659930772907008	0.6816428079846633	12.922744843205471
BronxA_019	12	0.30810709665918784	-0.5272780337445261	9.239679830717215
BronxA_019	13	0.30810709665918784	-0.3382047056087095	9.787515382928564
BronxA_019	14	0.30810709665918784	-0.14913137747289293	10.640385626711726
BronxA_019	15	0.30810709665918784	0.04484165069258589	10.414363373480056
BronxA_019	16	0.30810709665918784	0.25710870312327844	9.998113836945937
BronxA_019	17	0.30810709665918784	0.46937575555397093	9.737222732427396
BronxA_019	18	0.30810709665918784	0.6816428079846633	9.762559537295905
BronxA_019	19	0.8670451154316893	-0.14913137747289293	9.365242641628269
BronxA_019	20	0.8670451154316893	0.04484165069258589	9.440022288724908
BronxA_019	21	0.8670451154316893	0.25710870312327844	9.637092287266128
BronxA_070	00	-0.7518374519356829	-0.4463878181374036	10.879494666216187
BronxA_070	01	-0.7518374519356829	-0.2249433214278876	11.148932109228618
BronxA_070	02	-0.7518374519356829	-0.0034988247183715903	10.888804639819458
BronxA_070	03	-0.7518374519356829	0.2194819423464145	10.980337493435961
BronxA_070	04	-0.7518374519356829	0.44248737216611556	11.378858505524052
BronxA_070	05	-0.2330424411463179	-0.6678323148469195	11.768968989641634
BronxA_070	06	-0.2330424411463179	-0.4463878181374036	11.376238269337891
BronxA_070	07	-0.2330424411463179	-0.2249433214278876	11.786740365177886
BronxA_070	08	-0.2330424411463179	-0.0034988247183715903	11.837317964284422
BronxA_070	09	-0.2330424411463179	0.2194819423464145	11.546526707042561
BronxA_070	10	-0.2330424411463179	0.44248737216611556	11.187841329159621
BronxA_070	11	-0.2330424411463179	0.6654928019858167	10.980963759937875
BronxA_070	12	0.2714604707070167	-0.6678323148469195	13.719057117250195
BronxA_070	13	0.2714604707070167	-0.4463878181374036	12.915267820340167
BronxA_070	14	0.2714604707070167	-0.2249433214278876	12.392099419442152
BronxA_070	15	0.2714604707070167	-0.0034988247183715903	12.085472003684297
BronxA_070	16	0.2714604707070167	0.2194819423464145	11.418086832153971
BronxA_070	17	0.2714604707070167	0.44248737216611556	11.10343693911744
BronxA_070	18	0.2714604707070167	0.6654928019858167	11.325603186852424
BronxA_070	19	0.7643076146723572	-0.4463878181374036	10.789310956363126
BronxA_070	20	0.7643076146723572	-0.2249433214278876	10.95002947224293
BronxA_070	21	0.7643076146723572	-0.0034988247183715903	10.93736954388413
BronxA_070	22	0.7643076146723572	0.2194819423464145	11.283390048523996
BronxA_071	00	-0.7963228497990553	-0.2863058406975909	8.88731767047402
BronxA_071	01	-0.7963228497990553	-0.08240622992176676	8.936187594271752
BronxA_071	02	-0.7963228497990553	0.1454842419924741	9.409296821481579
BronxA_071	03	-0.7963228497990553	0.3896471758720989	9.700547489623805
BronxA_071	04	-0.29909584696599373	-0.6941050622492394	13.125285998207454
BronxA_071	05	-0.29909584696599373	-0.49020545147341504	10.874887671802425
BronxA_071	06	-0.29909584696599373	-0.2863058406975909	11.031362039989023
BronxA_071	07	-0.29909584696599373	-0.08240622992176676	10.859668786771183
BronxA_071	08	-0.29909584696599373	0.1454842419924741	10.40845825107516
BronxA_071	09	-0.29909584696599373	0.3896471758720989	10.050464513341225
BronxA_071	10	-0.29909584696599373	0.6338101097517236	9.869494654290147
BronxA_071	11	-0.29909584696599373	0.8779730436313482	10.293928364753977
BronxA_071	12	0.22043000141127123	-0.6941050622492394	11.538415422796156
BronxA_071	13	0.22043000141127123	-0.49020545147341504	10.739600829266962
BronxA_071	14	0.22043000141127123	-0.2863058406975909	9.863732263159493
BronxA_071	15	0.22043000141127123	-0.08240622992176676	10.045383092309907
BronxA_071	16	0.22043000141127123	0.1454842419924741	10.827122762882961
BronxA_071	17	0.22043000141127123	0.3896471758720989	9.986179827827343
BronxA_071	18	0.22043000141127123	0.6338101097517236	9.829369297626759
BronxA_071	19	0.22043000141127123	0.8779730436313482	10.313694591780095
BronxA_071	20	0.7736178554696731	-0.49020545147341504	10.277045005879275
BronxA_071	21	0.7736178554696731	-0.2863058406975909	9.73899077875702
BronxA_071	22	0.7736178554696731	-0.08240622992176676	9.70918019745601
BronxA_071	23	0.7736178554696731	0.1454842419924741	9.870620390514977
BronxA_071	24	0.7736178554696731	0.3896471758720989	9.733437179559791
BronxA_088	00	-0.8136616382308877	-0.44085009327087993	5.896391476849461
BronxA_088	01	-0.8136616382308877	-0.21719248530349156	6.00614692352741
BronxA_088	02	-0.8136616382308877	0.008191363541413187	5.7195809410080205
BronxA_088	03	-0.8136616382308877	0.29156739071171417	6.008277837240377
BronxA_088	04	-0.2782954553995785	-0.6645077012382683	7.682243418941955
BronxA_088	05	-0.2782954553995785	-0.44085009327087993	6.258681755619678
BronxA_088	06	-0.2782954553995785	-0.21719248530349156	6.987464385788807
BronxA_088	07	-0.2782954553995785	0.008191363541413187	6.412124708272617
BronxA_088	08	-0.2782954553995785	0.29156739071171417	6.012820975860871
BronxA_088	09	-0.2782954553995785	0.5749434178820152	5.71720010346657
BronxA_088	10	-0.2782954553995785	0.858319445052316	6.096654940990176
BronxA_088	11	0.2626490838220609	-0.6645077012382683	10.902421978752722
BronxA_088	12	0.2626490838220609	-0.44085009327087993	7.0955831092454344
BronxA_088	13	0.2626490838220609	-0.21719248530349156	7.128333558242574
BronxA_088	14	0.2626490838220609	0.008191363541413187	7.032686152690017
BronxA_088	15	0.2626490838220609	0.29156739071171417	6.873630370354451
BronxA_088	16	0.2626490838220609	0.5749434178820152	6.704708796567237
BronxA_088	17	0.2626490838220609	0.858319445052316	6.84495204100391
BronxA_088	18	0.8096325495583514	-0.21719248530349156	6.289570453624997
BronxA_088	19	0.8096325495583514	0.008191363541413187	6.35113409045119
BronxA_088	20	0.8096325495583514	0.29156739071171417	6.441887780774497
BronxA_088	21	0.8096325495583514	0.5749434178820152	6.941680511605802
BronxA_109	00	-0.7886655856053921	-0.48296549974598824	8.886442055041744
BronxA_109	01	-0.7886655856053921	-0.27616394625110596	8.861338273588347
BronxA_109	02	-0.7886655856053921	-0.06936239275622368	8.808047504627208
BronxA_109	03	-0.7886655856053921	0.1595877025900434	8.98556753285058
BronxA_109	04	-0.7886655856053921	0.39971565911224305	9.128716297564635
BronxA_109	05	-0.7886655856053921	0.6398436156344427	9.349589595445924
BronxA_109	06	-0.1889275933510695	-0.6897670532408705	12.438017108937679
BronxA_109	07	-0.1889275933510695	-0.48296549974598824	9.895279732371748
BronxA_109	08	-0.1889275933510695	-0.27616394625110596	9.580084168577972
BronxA_109	09	-0.1889275933510695	-0.06936239275622368	9.54009624321853
BronxA_109	10	-0.1889275933510695	0.1595877025900434	9.34750056451752
BronxA_109	11	-0.1889275933510695	0.39971565911224305	9.024197806766146
BronxA_109	12	-0.1889275933510695	0.6398436156344427	8.799490492992762
BronxA_109	13	-0.1889275933510695	0.8799715721566423	9.160174148110773
BronxA_109	14	0.33645597852977205	-0.6897670532408705	9.196088842203562
BronxA_109	15	0.33645597852977205	-0.48296549974598824	8.43706612086564
BronxA_109	16	0.33645597852977205	-0.27616394625110596	8.090834497290166
BronxA_109	17	0.33645597852977205	-0.06936239275622368	8.023297182887447
BronxA_109	18	0.33645597852977205	0.1595877025900434	8.036827816221027
BronxA_109	19	0.33645597852977205	0.39971565911224305	8.009966970018496
BronxA_109	20	0.33645597852977205	0.6398436156344427	8.208649980526095
BronxA_109	21	0.33645597852977205	0.8799715721566423	8.260660516471939
BronxA_109	22	0.8276446962061469	-0.27616394625110596	8.773729372636291
BronxA_075	00	-0.8220409642765851	-0.4086350139676986	11.197299726288135
BronxA_075	01	-0.8220409642765851	-0.17210058296843375	10.220171106282868
BronxA_075	02	-0.8220409642765851	0.05708122264866247	10.42298330439367
BronxA_075	03	-0.38727755061899977	-0.6451694449669633	11.909737782999903
BronxA_075	04	-0.38727755061899977	-0.4086350139676986	9.576924339381998
BronxA_075	05	-0.38727755061899977	-0.17210058296843375	10.364594655019536
BronxA_075	06	-0.38727755061899977	0.05708122264866247	9.950312449508454
BronxA_075	07	-0.38727755061899977	0.26662441978137585	10.098927262801537
BronxA_075	08	-0.38727755061899977	0.47616761691408915	10.794786866740244
BronxA_075	09	0.043380026862064554	-0.6451694449669633	10.317940550467418
BronxA_075	10	0.043380026862064554	-0.4086350139676986	11.121934993665953
BronxA_075	11	0.043380026862064554	-0.17210058296843375	11.219444885683506
BronxA_075	12	0.043380026862064554	0.05708122264866247	10.356860225835133
BronxA_075	13	0.043380026862064554	0.26662441978137585	10.273537911142558
BronxA_075	14	0.043380026862064554	0.47616761691408915	10.22137544268728
BronxA_075	15	0.043380026862064554	0.6857108140468026	10.122864526064198
BronxA_075	16	0.4405518872067706	-0.6451694449669633	8.50821461882992
BronxA_075	17	0.4405518872067706	-0.4086350139676986	8.747531863439198
BronxA_075	18	0.4405518872067706	-0.17210058296843375	8.440233684476324
BronxA_075	19	0.4405518872067706	0.05708122264866247	9.590761260560082
BronxA_075	20	0.4405518872067706	0.26662441978137585	8.44525502171207
BronxA_075	21	0.4405518872067706	0.47616761691408915	7.970585027949261
BronxA_075	22	0.8377237475514766	-0.4086350139676986	8.488218735504644
BronxA_075	23	0.8377237475514766	-0.17210058296843375	7.746923114102193
BronxA_075	24	0.8377237475514766	0.05708122264866247	8.762365474356594
BronxA_075	25	0.8377237475514766	0.26662441978137585	9.127632694888748
BronxA_119	00	-0.6657433320646724	-0.611789168877494	9.901003044266618
BronxA_119	01	-0.6657433320646724	-0.44658877091291876	9.86461416089409
BronxA_119	02	-0.6657433320646724	-0.2813883729483436	9.95850953607907
BronxA_119	03	-0.6657433320646724	-0.11618797498376841	9.819571802950456
BronxA_119	04	-0.6657433320646724	0.06385537058512725	9.758398674892875
BronxA_119	05	-0.6657433320646724	0.2790851427791972	9.56957296138904
BronxA_119	06	0.002467511240629476	-0.611789168877494	11.021107151603868
BronxA_119	07	0.002467511240629476	-0.44658877091291876	10.915558445204873
BronxA_119	08	0.002467511240629476	-0.2813883729483436	11.23755340270109
BronxA_119	09	0.002467511240629476	-0.11618797498376841	10.660360299929737
BronxA_119	10	0.002467511240629476	0.06385537058512725	10.71000597485732
BronxA_119	11	0.002467511240629476	0.2790851427791972	11.026865761023204
BronxA_119	12	0.002467511240629476	0.4943149149732672	10.892386770478762
BronxA_119	13	0.002467511240629476	0.7095446871673372	11.380969067395752
BronxA_119	14	0.002467511240629476	0.9247744593614071	11.759648778296718
BronxA_119	15	0.6675857120122382	-0.2813883729483436	10.103200968937436
BronxA_119	16	0.6675857120122382	-0.11618797498376841	9.839939288324427
BronxA_119	17	0.6675857120122382	0.06385537058512725	10.168233581593368
BronxA_119	18	0.6675857120122382	0.2790851427791972	9.683016239869277
BronxA_119	19	0.6675857120122382	0.4943149149732672	9.874676279803474
BronxA_119	20	0.6675857120122382	0.7095446871673372	9.862997126382071
