0	 1961.0	 376.8
1	 1792.5	 1152.75
2	 865.6	 599.8
3	 1999.0	 320.2
4	 1942.2	 295.8
5	 1889.5	 257.15
6	 1935.0	 226.6
7	 1963.25	 301.75
8	 932.0	 611.5
9	 1998.9	 271.9
10	 2082.25	 1338.0
11	 1973.25	 251.25
12	 1796.7	 201.8
13	 1752.55	 140.25
14	 1775.3	 153.0
15	 580.2	 1263.4
16	 599.2	 1256.8
17	 1811.1	 188.0
18	 1974.4	 318.8
19	 1832.5	 198.6
20	 1849.25	 179.5
21	 2097.3	 221.05
22	 1793.25	 136.5
23	 1802.8	 163.8
24	 1812.2	 166.6
25	 1839.8	 123.8
26	 2031.4	 159.0
27	 2035.5	 1246.25
28	 1798.75	 106.25
29	 2056.5	 1242.75
30	 1794.5	 99.0
31	 1759.8	 76.1
32	 1760.75	 61.0
33	 1757.1	 50.7
34	 1811.25	 93.75
35	 480.6	 1194.6
36	 2079.0	 1300.75
37	 1817.75	 83.05
38	 2072.35	 154.7
39	 2359.7	 388.4
40	 1907.55	 214.2
41	 1847.95	 146.8
42	 1895.75	 155.75
43	 2119.5	 1272.75
44	 2120.75	 180.5
45	 1856.4	 936.8
46	 499.0	 1195.2
47	 1975.3	 198.0
48	 1952.6	 171.8
49	 1857.0	 137.0
50	 1896.3	 121.9
51	 1914.0	 115.5
52	 1884.4	 151.4
53	 1873.5	 99.2
54	 547.0	 544.0
55	 1939.3	 143.4
56	 1928.5	 142.8
57	 1988.3	 136.8
58	 1986.75	 122.25
59	 486.25	 519.0
60	 560.75	 1171.0
61	 1988.1	 114.55
62	 2179.8	 1301.6
63	 1500.25	 710.0
64	 1518.5	 397.25
65	 2064.6	 774.3
66	 2166.0	 219.0
67	 2017.25	 752.0
68	 2028.85	 694.55
69	 2088.9	 724.5
70	 2039.0	 696.5
71	 2114.75	 766.75
72	 2077.1	 690.8
73	 2138.0	 1256.75
74	 2164.95	 737.15
75	 2144.75	 675.75
76	 2111.25	 682.0
77	 2165.55	 663.7
78	 483.5	 453.25
79	 634.7	 1263.8
80	 2671.8	 882.0
81	 2012.9	 272.8
82	 2040.3	 618.6
83	 524.0	 508.0
84	 654.75	 1272.75
85	 2049.0	 595.5
86	 2228.5	 230.1
87	 2094.0	 625.8
88	 2220.0	 1235.75
89	 2247.75	 1252.5
90	 1746.85	 1263.45
91	 545.2	 494.4
92	 2120.6	 677.85
93	 2108.3	 587.6
94	 2115.75	 579.75
95	 2127.8	 588.8
96	 2208.6	 766.2
97	 2184.5	 754.2
98	 2166.0	 192.0
99	 2221.75	 743.0
100	 2174.3	 745.6
101	 2265.5	 734.0
102	 552.0	 431.0
103	 2338.35	 754.65
104	 2051.5	 1136.5
105	 2097.8	 1171.8
106	 2190.9	 669.95
107	 2236.4	 724.4
108	 2216.0	 707.35
109	 2223.4	 649.6
110	 2205.75	 565.25
111	 981.15	 299.35
112	 2297.25	 715.25
113	 2361.0	 704.25
114	 2118.0	 1181.25
115	 2245.8	 598.4
116	 2281.95	 634.65
117	 2332.25	 628.0
118	 660.25	 1168.75
119	 2362.8	 675.0
120	 2364.5	 620.5
121	 2015.8	 539.85
122	 2025.3	 536.4
123	 1768.45	 130.6
124	 2091.0	 538.0
125	 2066.85	 541.55
126	 2047.0	 1112.2
127	 940.9	 1149.2
128	 2090.0	 535.25
129	 2148.8	 571.8
130	 2341.5	 376.5
131	 695.0	 1170.5
132	 2035.5	 1073.0
133	 2121.5	 530.5
134	 2163.6	 525.1
135	 2056.75	 503.75
136	 2059.0	 492.9
137	 2088.7	 497.4
138	 1729.15	 1159.1
139	 2018.2	 475.3
140	 1845.75	 168.0
141	 2023.75	 456.0
142	 2103.0	 456.6
143	 2129.8	 488.5
144	 2134.8	 511.3
145	 2117.5	 482.5
146	 2217.4	 568.5
147	 693.0	 472.0
148	 381.0	 1101.7
149	 2258.4	 529.0
150	 451.0	 1155.0
151	 473.5	 1158.25
152	 2361.0	 621.0
153	 2373.1	 546.0
154	 2292.1	 504.8
155	 442.0	 1110.25
156	 567.3	 414.0
157	 544.4	 387.8
158	 2297.5	 341.25
159	 2315.0	 352.5
160	 2231.3	 489.6
161	 509.0	 1114.0
162	 609.0	 411.25
163	 2313.5	 321.5
164	 1403.0	 601.0
165	 2280.55	 470.65
166	 2160.8	 1184.8
167	 1731.2	 1149.4
168	 2308.4	 467.0
169	 2368.1	 474.6
170	 1830.0	 228.0
171	 2417.25	 774.5
172	 2399.4	 880.6
173	 2446.7	 747.7
174	 2446.2	 734.3
175	 2374.25	 338.25
176	 643.9	 384.3
177	 2510.2	 760.6
178	 668.4	 371.4
179	 1785.25	 128.25
180	 2480.25	 748.5
181	 2423.5	 685.75
182	 2463.3	 699.9
183	 2418.85	 686.35
184	 2443.0	 363.25
185	 2462.25	 676.0
186	 2460.8	 661.7
187	 607.0	 355.4
188	 2543.5	 721.5
189	 2568.5	 711.5
190	 533.5	 1153.5
191	 2518.6	 682.0
192	 2245.25	 1216.5
193	 2547.0	 679.0
194	 2591.05	 754.65
195	 2595.7	 780.3
196	 675.75	 364.25
197	 2652.25	 734.0
198	 2707.4	 764.9
199	 585.6	 1118.4
200	 2512.4	 428.2
201	 606.6	 1124.8
202	 2178.0	 1124.0
203	 2714.8	 716.6
204	 2604.75	 702.0
205	 2599.6	 679.4
206	 2633.95	 674.75
207	 2642.5	 683.55
208	 686.6	 1142.2
209	 2692.9	 660.2
210	 2714.75	 660.75
211	 2672.0	 781.25
212	 2388.25	 613.5
213	 1068.7	 778.0
214	 2947.8	 417.4
215	 1819.6	 96.8
216	 2438.5	 599.25
217	 2413.6	 538.4
218	 2228.6	 1119.2
219	 2467.0	 656.75
220	 2444.0	 597.0
221	 2482.75	 657.5
222	 2513.6	 662.7
223	 2511.5	 584.5
224	 2497.0	 650.25
225	 2494.55	 589.05
226	 2457.0	 539.0
227	 2476.3	 525.75
228	 2253.25	 1082.75
229	 2442.2	 504.3
230	 2530.2	 510.55
231	 2567.4	 345.95
232	 3055.55	 343.9
233	 1619.75	 210.25
234	 2429.0	 496.5
235	 2431.5	 478.5
236	 2434.05	 474.05
237	 741.75	 397.2
238	 2440.7	 447.9
239	 2465.5	 498.75
240	 541.2	 1111.2
241	 302.0	 1007.25
242	 2502.0	 496.05
243	 2468.7	 464.4
244	 2522.75	 471.5
245	 2307.6	 1240.9
246	 2536.5	 655.0
247	 543.0	 1060.2
248	 2532.6	 640.0
249	 593.25	 1066.75
250	 2617.0	 645.1
251	 2589.0	 630.4
252	 2562.25	 573.0
253	 2585.25	 559.0
254	 2636.3	 620.8
255	 2697.7	 591.5
256	 2675.75	 640.0
257	 719.0	 298.0
258	 2345.8	 1209.4
259	 2701.5	 600.5
260	 2536.8	 478.9
261	 2545.1	 499.1
262	 2645.5	 538.75
263	 709.5	 1100.5
264	 2614.6	 540.85
265	 719.0	 1083.0
266	 2699.0	 518.5
267	 2998.2	 202.8
268	 737.8	 1084.7
269	 2920.4	 591.0
270	 2828.25	 494.75
271	 491.8	 1232.5
272	 2957.8	 551.2
273	 512.8	 1248.0
274	 513.3	 1232.5
275	 2957.5	 450.5
276	 2922.5	 478.25
277	 2051.75	 403.0
278	 2082.9	 431.5
279	 2368.8	 1188.25
280	 617.0	 1051.4
281	 557.0	 1267.6
282	 2082.75	 406.75
283	 575.5	 1279.25
284	 588.5	 1272.05
285	 600.6	 1259.2
286	 556.0	 1230.25
287	 562.8	 1213.1
288	 2161.4	 406.1
289	 605.75	 1211.0
290	 2113.5	 368.4
291	 466.9	 1189.2
292	 458.0	 1210.7
293	 2156.0	 360.75
294	 420.0	 1179.5
295	 801.8	 1347.2
296	 466.9	 1166.9
297	 2931.25	 1201.75
298	 2078.6	 330.8
299	 472.0	 1162.25
300	 2019.25	 284.75
301	 2054.6	 321.4
302	 2058.5	 307.75
303	 2284.2	 1146.6
304	 510.8	 1175.3
305	 789.3	 507.4
306	 584.2	 1166.0
307	 2158.7	 341.7
308	 628.2	 1306.4
309	 597.6	 1267.8
310	 2313.9	 1127.3
311	 820.4	 517.8
312	 2195.35	 424.85
313	 2212.1	 438.3
314	 2203.7	 409.3
315	 617.5	 1251.8
316	 633.9	 1252.9
317	 1942.5	 219.0
318	 660.8	 1250.0
319	 847.5	 520.0
320	 2268.4	 432.2
321	 724.5	 1323.5
322	 694.6	 1304.0
323	 2245.4	 376.0
324	 2265.75	 368.25
325	 2264.25	 363.0
326	 2268.1	 381.3
327	 868.5	 1311.5
328	 648.5	 1200.5
329	 2378.4	 1144.4
330	 2164.2	 275.7
331	 2197.7	 310.7
332	 679.2	 1232.75
333	 2222.2	 355.1
334	 871.6	 516.4
335	 716.5	 1231.5
336	 2219.8	 292.5
337	 2408.5	 1136.25
338	 689.7	 1183.35
339	 712.7	 1187.75
340	 2269.4	 285.0
341	 813.5	 569.0
342	 730.8	 1167.8
343	 728.0	 1183.7
344	 386.65	 1141.25
345	 2069.25	 255.0
346	 2019.25	 194.75
347	 2107.15	 830.25
348	 411.6	 1097.2
349	 453.25	 1159.25
350	 2077.7	 238.15
351	 2289.4	 1048.8
352	 2104.0	 233.5
353	 2088.95	 799.95
354	 783.25	 408.75
355	 2354.5	 1048.5
356	 2044.0	 155.2
357	 2355.25	 1095.0
358	 363.0	 1067.0
359	 830.8	 452.9
360	 464.1	 1089.0
361	 942.25	 1379.25
362	 847.75	 473.25
363	 2108.85	 149.95
364	 2117.75	 148.0
365	 413.2	 1085.6
366	 573.0	 1158.0
367	 522.2	 1152.2
368	 497.0	 1177.5
369	 2147.2	 261.4
370	 656.4	 1145.9
371	 929.25	 1347.0
372	 563.95	 1118.95
373	 613.75	 1130.75
374	 633.0	 1109.75
375	 2156.6	 232.8
376	 917.0	 1273.5
377	 722.2	 1148.1
378	 737.5	 1143.5
379	 2399.6	 1031.2
380	 665.75	 1127.5
381	 676.4	 1118.3
382	 723.9	 1127.7
383	 713.3	 1134.8
384	 2418.0	 1090.25
385	 980.5	 1340.5
386	 574.7	 1109.7
387	 2229.6	 234.35
388	 616.7	 1104.8
389	 2432.4	 1125.6
390	 2141.0	 181.7
391	 2181.2	 175.6
392	 2193.0	 172.5
393	 685.5	 1113.25
394	 721.45	 1092.9
395	 727.0	 1095.8
396	 967.45	 1271.9
397	 671.25	 1066.25
398	 675.7	 1061.4
399	 1955.0	 525.7
400	 2205.7	 198.6
401	 795.25	 1355.75
402	 2468.25	 1108.25
403	 862.4	 1370.4
404	 869.0	 1353.75
405	 775.0	 1342.75
406	 2346.75	 415.0
407	 1538.6	 602.8
408	 776.75	 1271.75
409	 2367.0	 440.5
410	 2382.9	 408.2
411	 788.25	 1264.5
412	 2389.8	 421.4
413	 1233.25	 780.75
414	 814.9	 1256.2
415	 2435.0	 400.4
416	 2437.75	 374.25
417	 773.4	 1172.2
418	 839.8	 1284.2
419	 987.75	 474.0
420	 840.7	 1271.4
421	 2300.8	 345.95
422	 2298.4	 355.6
423	 870.75	 1274.25
424	 2310.0	 346.0
425	 2332.5	 336.5
426	 2322.25	 313.5
427	 896.1	 1383.95
428	 893.2	 1354.2
429	 904.9	 442.5
430	 2372.25	 360.4
431	 901.75	 1369.5
432	 2416.4	 355.2
433	 940.75	 1357.25
434	 965.2	 1407.75
435	 600.75	 1184.5
436	 2529.6	 1058.8
437	 994.5	 1420.75
438	 2433.8	 322.0
439	 2482.25	 434.75
440	 992.8	 1388.75
441	 2190.6	 247.2
442	 932.1	 1347.6
443	 889.7	 1333.5
444	 2456.75	 411.75
445	 2440.6	 391.3
446	 897.0	 1293.6
447	 901.6	 1301.4
448	 2768.0	 418.2
449	 922.2	 1277.6
450	 977.1	 1332.9
451	 1667.4	 332.2
452	 979.75	 1320.5
453	 958.0	 1267.5
454	 2480.5	 374.0
455	 970.75	 1255.85
456	 2483.6	 364.7
457	 761.8	 1228.3
458	 796.5	 1226.0
459	 2301.4	 280.95
460	 2291.25	 286.75
461	 752.5	 1154.2
462	 758.4	 1150.7
463	 2370.0	 274.2
464	 780.2	 1166.15
465	 789.25	 1168.0
466	 2285.1	 275.9
467	 1685.5	 323.5
468	 1980.65	 392.9
469	 796.25	 1249.25
470	 815.0	 1206.7
471	 859.1	 1217.3
472	 834.75	 1215.75
473	 2095.75	 1032.25
474	 2277.0	 273.1
475	 814.5	 1155.25
476	 863.5	 1175.0
477	 784.4	 1132.2
478	 842.9	 1204.3
479	 997.5	 392.7
480	 767.5	 1131.5
481	 776.1	 1128.1
482	 806.0	 1126.5
483	 783.25	 1111.25
484	 786.6	 333.4
485	 754.8	 1094.9
486	 775.2	 1061.4
487	 808.6	 1114.4
488	 2180.5	 1008.0
489	 2189.25	 1006.5
490	 2068.0	 296.7
491	 712.75	 1019.75
492	 889.75	 1229.25
493	 923.9	 1240.9
494	 835.35	 1142.8
495	 909.5	 1160.25
496	 2183.8	 986.55
497	 941.35	 1206.1
498	 965.2	 1233.6
499	 983.5	 1215.5
500	 946.2	 1204.4
501	 894.25	 1244.75
502	 748.3	 407.2
503	 952.8	 1159.4
504	 893.75	 1145.5
505	 890.0	 1225.0
506	 881.6	 1121.3
507	 897.7	 1156.7
508	 904.45	 1115.7
509	 910.5	 1115.0
510	 839.6	 337.4
511	 1914.0	 1330.75
512	 880.0	 1067.0
513	 933.0	 1096.5
514	 896.75	 1181.25
515	 914.3	 1053.9
516	 874.0	 321.6
517	 966.3	 1136.1
518	 990.3	 1125.6
519	 961.85	 1091.25
520	 946.6	 1076.0
521	 328.4	 1029.0
522	 316.1	 1015.95
523	 2370.7	 344.1
524	 270.25	 986.0
525	 306.0	 1007.2
526	 302.5	 984.5
527	 396.1	 1041.2
528	 397.45	 1031.3
529	 411.7	 1016.6
530	 363.25	 997.7
531	 403.1	 1001.0
532	 1673.0	 1172.0
533	 269.8	 945.2
534	 310.0	 962.2
535	 305.6	 948.1
536	 334.25	 951.0
537	 329.7	 937.6
538	 2263.2	 993.4
539	 412.3	 926.3
540	 486.6	 1028.4
541	 483.4	 1024.1
542	 460.9	 1012.35
543	 455.0	 989.75
544	 506.2	 1013.8
545	 587.25	 1026.0
546	 508.45	 1009.05
547	 953.5	 375.25
548	 409.5	 956.0
549	 490.75	 987.15
550	 1647.6	 699.9
551	 508.0	 958.6
552	 961.2	 1126.2
553	 434.05	 923.65
554	 438.3	 942.0
555	 495.25	 939.75
556	 486.5	 934.5
557	 1831.4	 1277.8
558	 480.9	 925.0
559	 2011.85	 579.7
560	 568.9	 960.6
561	 556.05	 961.5
562	 244.0	 902.6
563	 232.2	 906.4
564	 967.8	 310.95
565	 228.75	 863.5
566	 239.25	 861.0
567	 285.8	 869.3
568	 303.6	 871.6
569	 351.5	 910.25
570	 386.6	 918.2
571	 355.1	 917.8
572	 346.8	 876.8
573	 229.0	 833.0
574	 256.25	 835.25
575	 282.0	 850.25
576	 331.0	 986.4
577	 258.2	 845.7
578	 230.1	 810.6
579	 237.6	 807.4
580	 278.75	 812.5
581	 272.55	 813.6
582	 921.8	 198.0
583	 330.25	 823.25
584	 322.0	 823.7
585	 355.5	 819.5
586	 406.0	 906.75
587	 2375.4	 950.6
588	 392.6	 906.3
589	 455.25	 901.75
590	 423.8	 870.4
591	 488.5	 873.25
592	 2382.5	 925.75
593	 538.7	 899.9
594	 576.4	 908.1
595	 538.8	 888.2
596	 574.1	 890.6
597	 497.5	 890.5
598	 519.7	 873.9
599	 985.4	 167.0
600	 562.1	 883.1
601	 417.2	 852.8
602	 408.05	 843.6
603	 457.25	 856.5
604	 472.05	 846.65
605	 1039.75	 781.25
606	 432.5	 804.0
607	 484.75	 843.0
608	 2121.85	 905.75
609	 536.25	 837.75
610	 575.0	 847.75
611	 1678.6	 686.2
612	 535.5	 828.75
613	 571.5	 809.0
614	 2108.4	 853.4
615	 393.9	 796.5
616	 1052.6	 729.8
617	 626.7	 1027.35
618	 2143.5	 897.5
619	 620.0	 1023.5
620	 1280.5	 468.5
621	 624.8	 998.3
622	 656.8	 998.9
623	 716.0	 1043.0
624	 704.85	 1050.2
625	 1078.0	 768.5
626	 1108.6	 766.6
627	 752.4	 1046.4
628	 744.6	 1042.2
629	 750.85	 1028.25
630	 379.25	 973.75
631	 2113.1	 288.75
632	 2142.5	 872.0
633	 1591.25	 312.5
634	 2210.5	 753.5
635	 784.1	 1015.2
636	 2223.0	 859.4
637	 613.25	 984.0
638	 661.3	 991.7
639	 385.4	 926.5
640	 658.7	 975.7
641	 676.6	 973.5
642	 615.5	 965.25
643	 1787.2	 1152.95
644	 637.25	 940.0
645	 703.5	 990.25
646	 688.8	 995.95
647	 700.95	 979.85
648	 756.0	 992.0
649	 757.1	 984.4
650	 717.2	 961.2
651	 470.1	 1051.5
652	 694.0	 943.25
653	 751.0	 949.5
654	 442.75	 993.0
655	 1067.0	 745.0
656	 862.9	 1061.85
657	 870.2	 1045.0
658	 791.8	 995.8
659	 905.7	 1030.2
660	 964.3	 1041.75
661	 961.25	 1026.0
662	 894.25	 1012.0
663	 923.75	 997.5
664	 796.5	 987.0
665	 792.6	 978.55
666	 855.0	 995.0
667	 814.45	 935.95
668	 929.8	 993.2
669	 985.25	 999.25
670	 910.4	 940.0
671	 962.0	 959.4
672	 669.5	 928.25
673	 647.1	 929.1
674	 617.5	 891.75
675	 644.0	 908.5
676	 675.4	 885.45
677	 679.8	 893.75
678	 679.3	 905.1
679	 712.0	 898.75
680	 607.9	 866.5
681	 671.0	 862.5
682	 2181.25	 786.25
683	 646.25	 851.5
684	 472.4	 925.6
685	 1141.5	 779.0
686	 678.75	 814.0
687	 737.0	 846.5
688	 745.0	 814.5
689	 789.8	 828.8
690	 832.9	 925.55
691	 835.5	 912.5
692	 543.5	 963.2
693	 805.25	 887.5
694	 879.0	 944.0
695	 886.65	 923.2
696	 888.5	 916.0
697	 980.3	 922.0
698	 806.2	 873.8
699	 881.25	 842.75
700	 2347.8	 908.6
701	 798.5	 824.5
702	 771.8	 811.9
703	 858.5	 836.0
704	 869.0	 812.8
705	 906.0	 848.5
706	 933.0	 848.0
707	 995.05	 842.9
708	 980.0	 838.0
709	 814.05	 893.9
710	 841.0	 933.0
711	 592.75	 811.0
712	 269.0	 876.4
713	 1016.0	 1426.75
714	 1071.4	 1444.4
715	 1134.4	 1459.8
716	 1067.4	 1432.4
717	 2531.5	 898.5
718	 1048.9	 1396.7
719	 1006.2	 1375.8
720	 1063.75	 1344.65
721	 2280.5	 836.3
722	 1180.5	 523.75
723	 1087.5	 1351.5
724	 1065.2	 1351.2
725	 1128.0	 1346.2
726	 1184.05	 1459.3
727	 1181.9	 1473.8
728	 1236.75	 682.5
729	 1221.0	 662.75
730	 1229.15	 1479.4
731	 1217.6	 1434.8
732	 1036.25	 701.0
733	 1223.3	 1432.0
734	 1232.4	 1432.0
735	 1193.25	 1427.55
736	 1167.5	 1414.0
737	 1178.25	 1406.35
738	 1180.8	 1390.0
739	 1184.9	 1380.4
740	 1160.0	 1425.1
741	 1146.75	 1360.75
742	 1210.75	 1403.25
743	 1246.2	 1400.0
744	 2391.8	 821.2
745	 336.0	 841.0
746	 1193.4	 1340.65
747	 1244.2	 1374.0
748	 994.3	 1295.1
749	 1020.8	 1311.4
750	 1056.5	 1283.5
751	 998.5	 1280.75
752	 1026.5	 1265.5
753	 1114.85	 1306.65
754	 1086.8	 1308.9
755	 1103.75	 1305.15
756	 1060.8	 1335.6
757	 1024.5	 1224.9
758	 1034.1	 1244.75
759	 1437.0	 545.4
760	 1012.4	 1175.7
761	 1035.25	 1202.25
762	 1040.6	 1196.5
763	 1035.5	 526.0
764	 1084.5	 1249.5
765	 1085.8	 1231.2
766	 1080.95	 1224.2
767	 1088.9	 1209.4
768	 457.8	 903.3
769	 2428.25	 965.0
770	 1076.6	 1180.8
771	 1086.6	 1186.0
772	 1108.1	 1198.8
773	 1106.7	 1186.1
774	 2682.5	 741.8
775	 1120.0	 1323.75
776	 1119.6	 1317.0
777	 2475.0	 975.5
778	 1125.9	 1266.7
779	 1213.2	 1331.2
780	 1212.4	 1325.8
781	 1098.5	 507.25
782	 1205.5	 1277.5
783	 1998.85	 701.35
784	 1111.25	 503.75
785	 1168.75	 1240.0
786	 1163.6	 1227.9
787	 1185.5	 1219.75
788	 1155.3	 1196.3
789	 1160.0	 1187.0
790	 575.6	 914.2
791	 1240.7	 1230.8
792	 2544.5	 966.5
793	 1252.5	 1218.25
794	 1294.15	 1490.5
795	 2449.6	 938.6
796	 1295.1	 1466.1
797	 1280.0	 1431.65
798	 1347.3	 1491.3
799	 1058.0	 437.25
800	 2499.5	 945.25
801	 520.0	 869.25
802	 1253.6	 1405.8
803	 1272.0	 1358.0
804	 1297.75	 1376.3
805	 1313.9	 1364.55
806	 1332.7	 1423.1
807	 2667.4	 739.85
808	 1376.5	 1395.5
809	 1124.25	 457.25
810	 2499.5	 918.25
811	 1337.0	 1395.25
812	 2524.4	 907.0
813	 1398.3	 1487.7
814	 1107.0	 437.6
815	 1410.6	 1441.2
816	 1418.75	 1438.75
817	 1505.6	 1467.8
818	 1510.5	 1457.5
819	 442.25	 826.75
820	 1398.15	 1389.9
821	 1174.9	 570.7
822	 1393.7	 1369.3
823	 1402.7	 1373.3
824	 1419.75	 1390.75
825	 1423.75	 1374.25
826	 1533.5	 1056.5
827	 1467.3	 1413.8
828	 1713.4	 670.0
829	 1494.5	 1407.75
830	 1462.3	 1367.05
831	 1471.55	 1368.45
832	 1173.5	 528.0
833	 1449.6	 1348.6
834	 2405.4	 837.0
835	 1272.25	 1315.5
836	 1164.75	 505.5
837	 1331.75	 1344.0
838	 1348.75	 1320.85
839	 1374.0	 1324.75
840	 1365.4	 1315.3
841	 869.25	 1267.25
842	 1323.0	 1281.0
843	 1333.25	 1284.75
844	 1372.65	 1286.8
845	 2585.75	 942.25
846	 1280.0	 1238.75
847	 1278.5	 1260.0
848	 1314.5	 1222.25
849	 1304.6	 1224.3
850	 1260.7	 1188.4
851	 1279.6	 1180.9
852	 1223.8	 548.8
853	 1296.5	 779.0
854	 1357.0	 1262.5
855	 1368.3	 1256.4
856	 1372.25	 1247.25
857	 1343.5	 1205.15
858	 1389.5	 1185.1
859	 1375.0	 1336.0
860	 1413.7	 1318.9
861	 1425.3	 1308.55
862	 662.8	 1010.8
863	 1397.95	 1283.85
864	 1428.75	 1296.5
865	 1431.9	 1294.1
866	 1152.25	 480.5
867	 694.0	 1037.2
868	 1437.8	 1270.8
869	 1448.5	 1297.5
870	 1307.65	 689.85
871	 1462.2	 1321.2
872	 1457.0	 1299.5
873	 723.8	 1048.6
874	 1487.25	 1314.75
875	 2558.75	 872.5
876	 1484.25	 1300.0
877	 1447.2	 1274.8
878	 1481.6	 1281.8
879	 1473.8	 1297.2
880	 2422.0	 884.0
881	 1428.7	 1239.7
882	 1399.2	 1206.4
883	 1393.0	 1171.25
884	 1425.0	 1198.2
885	 2403.6	 848.9
886	 2416.25	 844.75
887	 1478.0	 1223.7
888	 1511.25	 1247.5
889	 1496.9	 1240.9
890	 1509.85	 1189.4
891	 1209.8	 456.0
892	 1453.7	 1169.6
893	 1014.2	 1151.4
894	 1019.25	 1138.25
895	 1017.0	 1150.5
896	 2525.2	 878.0
897	 1026.2	 1122.1
898	 1253.75	 442.25
899	 1003.75	 1106.75
900	 1039.25	 1114.5
901	 1083.0	 1133.0
902	 1051.0	 1075.75
903	 1094.0	 1111.75
904	 1015.25	 1057.25
905	 1011.5	 1040.5
906	 1028.7	 1021.45
907	 1026.0	 1027.8
908	 2574.5	 845.5
909	 1073.3	 1064.7
910	 1074.4	 1071.8
911	 1071.5	 1059.75
912	 1108.75	 1073.75
913	 1113.0	 1054.2
914	 1083.5	 1018.75
915	 2438.25	 825.75
916	 1106.2	 1020.5
917	 1108.5	 1001.2
918	 1118.85	 1159.85
919	 2444.5	 840.0
920	 1118.5	 1139.0
921	 732.4	 987.4
922	 1130.25	 1122.5
923	 1298.5	 684.2
924	 1183.65	 1144.3
925	 1167.75	 1162.0
926	 1185.25	 1119.75
927	 1177.55	 1110.85
928	 1154.5	 1075.8
929	 1348.0	 726.0
930	 1226.5	 1162.25
931	 1376.5	 723.5
932	 1173.25	 1084.25
933	 1152.0	 1064.0
934	 1154.4	 1072.2
935	 1134.0	 1044.75
936	 1128.25	 1036.75
937	 1179.4	 1048.0
938	 591.0	 938.75
939	 784.0	 1055.5
940	 1147.75	 995.25
941	 1607.0	 1022.5
942	 1226.0	 1045.6
943	 1373.25	 691.5
944	 1247.8	 1039.9
945	 1202.6	 1024.3
946	 2528.0	 785.5
947	 1206.25	 1009.5
948	 798.0	 1028.5
949	 1245.7	 1014.6
950	 1028.6	 966.45
951	 1026.2	 960.2
952	 1052.25	 960.0
953	 823.25	 1000.5
954	 1033.25	 942.0
955	 1036.5	 939.0
956	 566.0	 666.0
957	 1053.25	 964.75
958	 1077.6	 963.6
959	 1092.0	 978.75
960	 1096.9	 984.5
961	 2654.0	 869.0
962	 1085.65	 964.75
963	 1054.9	 914.3
964	 890.0	 1029.0
965	 1106.3	 935.1
966	 1092.6	 919.8
967	 2595.75	 872.75
968	 2621.1	 852.5
969	 2636.7	 852.15
970	 2222.75	 516.5
971	 1305.75	 578.75
972	 1036.6	 884.8
973	 1014.0	 831.5
974	 1029.9	 825.5
975	 1063.25	 876.75
976	 1094.5	 888.25
977	 2652.1	 842.7
978	 1048.25	 823.0
979	 1074.0	 819.25
980	 1144.5	 982.75
981	 1126.9	 954.6
982	 1147.5	 934.75
983	 1130.5	 940.5
984	 1139.8	 934.2
985	 1163.75	 913.75
986	 1217.8	 978.4
987	 1262.5	 959.5
988	 1200.0	 929.7
989	 1213.3	 947.8
990	 1224.75	 949.25
991	 1240.8	 923.2
992	 1245.25	 909.65
993	 1129.4	 891.95
994	 1150.0	 902.5
995	 1141.5	 882.25
996	 1162.6	 908.1
997	 1175.0	 875.75
998	 1165.75	 881.0
999	 1133.35	 808.5
1000	 802.25	 937.75
1001	 816.75	 943.0
1002	 1206.6	 876.5
1003	 1672.2	 1068.8
1004	 1246.4	 895.0
1005	 1250.5	 847.9
1006	 1191.0	 794.5
1007	 1221.1	 848.4
1008	 1245.0	 842.0
1009	 1310.5	 1128.5
1010	 1309.6	 1143.4
1011	 939.5	 991.5
1012	 1304.5	 1080.75
1013	 1336.6	 1129.1
1014	 1372.0	 1155.8
1015	 1353.8	 1141.4
1016	 1499.5	 722.5
1017	 1344.5	 1108.75
1018	 1339.4	 1076.8
1019	 1368.15	 1059.7
1020	 1313.75	 1030.75
1021	 1521.0	 692.4
1022	 1263.25	 973.0
1023	 957.0	 969.5
1024	 1285.1	 994.3
1025	 833.45	 1053.25
1026	 2360.3	 517.6
1027	 1365.75	 1055.25
1028	 1363.25	 1054.5
1029	 1343.85	 1020.0
1030	 1336.0	 1018.0
1031	 1554.5	 711.5
1032	 1329.4	 989.8
1033	 1373.5	 1006.0
1034	 1312.2	 1041.0
1035	 1377.6	 1129.45
1036	 1404.5	 1152.0
1037	 1388.5	 1109.75
1038	 1377.25	 1069.4
1039	 2613.25	 804.25
1040	 1413.5	 1086.0
1041	 1437.25	 1098.25
1042	 1444.5	 1169.75
1043	 1493.8	 1152.2
1044	 1465.5	 1127.5
1045	 1429.5	 1110.75
1046	 1486.25	 1123.0
1047	 1386.25	 1065.0
1048	 1381.0	 1032.0
1049	 1616.5	 727.25
1050	 1381.4	 1022.8
1051	 1407.0	 1005.25
1052	 1425.5	 1005.0
1053	 1451.75	 1078.5
1054	 1504.7	 1079.65
1055	 1773.1	 1085.1
1056	 1482.75	 1043.0
1057	 2267.0	 458.75
1058	 1489.75	 1033.75
1059	 1439.5	 989.3
1060	 1498.75	 1002.25
1061	 1279.3	 924.8
1062	 2264.5	 452.75
1063	 1264.9	 880.7
1064	 1742.9	 927.6
1065	 1299.95	 904.65
1066	 1289.3	 879.4
1067	 1319.5	 901.5
1068	 1340.95	 962.85
1069	 1363.0	 966.55
1070	 1335.9	 892.7
1071	 1389.6	 931.5
1072	 1283.6	 835.5
1073	 1302.25	 856.75
1074	 1279.0	 776.5
1075	 1313.0	 779.0
1076	 1336.2	 854.2
1077	 1327.4	 842.6
1078	 1379.3	 847.7
1079	 1310.4	 561.2
1080	 1354.4	 846.4
1081	 1275.25	 517.5
1082	 1579.6	 633.6
1083	 1373.4	 811.8
1084	 1373.0	 779.25
1085	 1412.8	 974.6
1086	 1305.15	 525.4
1087	 1035.2	 678.1
1088	 1415.2	 894.2
1089	 1334.0	 526.0
1090	 1455.9	 912.7
1091	 1353.2	 558.2
1092	 1474.5	 945.25
1093	 1471.7	 980.95
1094	 1386.7	 557.9
1095	 1516.65	 948.9
1096	 1612.5	 571.25
1097	 1340.8	 509.0
1098	 1385.5	 779.0
1099	 1425.4	 832.5
1100	 1414.0	 776.5
1101	 1630.75	 730.25
1102	 735.6	 851.8
1103	 1466.8	 841.6
1104	 1451.4	 817.8
1105	 1456.25	 793.6
1106	 1492.75	 812.25
1107	 1488.8	 789.6
1108	 1264.75	 423.75
1109	 1299.0	 460.25
1110	 1309.0	 442.0
1111	 332.4	 785.0
1112	 1372.2	 493.2
1113	 374.15	 786.55
1114	 1349.25	 451.0
1115	 1341.2	 416.6
1116	 1367.0	 440.25
1117	 835.5	 903.5
1118	 1746.0	 603.75
1119	 1400.25	 571.5
1120	 1548.0	 515.0
1121	 305.0	 692.25
1122	 319.7	 724.0
1123	 374.2	 734.0
1124	 404.5	 740.5
1125	 373.6	 719.6
1126	 321.75	 701.0
1127	 344.25	 718.25
1128	 2558.1	 769.1
1129	 404.0	 710.5
1130	 385.0	 706.7
1131	 449.9	 797.15
1132	 1725.3	 1239.8
1133	 2536.4	 747.9
1134	 485.65	 757.4
1135	 809.4	 869.8
1136	 1007.5	 382.75
1137	 543.0	 773.25
1138	 552.6	 806.0
1139	 543.25	 766.15
1140	 557.1	 759.1
1141	 590.35	 754.25
1142	 1704.0	 626.25
1143	 815.4	 809.8
1144	 515.95	 730.0
1145	 431.6	 699.1
1146	 466.3	 705.2
1147	 513.0	 707.4
1148	 1969.0	 852.5
1149	 1672.2	 600.2
1150	 558.5	 727.5
1151	 611.9	 725.2
1152	 558.5	 694.75
1153	 559.25	 689.0
1154	 597.5	 716.5
1155	 967.0	 813.2
1156	 266.0	 678.5
1157	 1735.0	 611.25
1158	 303.75	 677.75
1159	 349.2	 665.0
1160	 324.6	 657.2
1161	 299.75	 650.5
1162	 280.0	 647.25
1163	 1408.2	 439.2
1164	 311.05	 645.65
1165	 1424.6	 425.4
1166	 390.25	 654.0
1167	 420.7	 652.4
1168	 354.4	 668.6
1169	 1733.8	 583.2
1170	 309.0	 618.25
1171	 312.3	 624.9
1172	 335.65	 622.85
1173	 333.3	 619.6
1174	 1453.7	 437.1
1175	 1599.75	 501.25
1176	 408.25	 613.25
1177	 403.25	 604.5
1178	 375.25	 585.0
1179	 2492.4	 701.5
1180	 365.8	 571.75
1181	 1251.5	 726.25
1182	 405.75	 560.75
1183	 1511.25	 424.75
1184	 438.75	 672.0
1185	 474.5	 681.7
1186	 493.5	 676.0
1187	 493.8	 665.1
1188	 1550.6	 483.6
1189	 1575.7	 524.1
1190	 485.2	 634.4
1191	 1582.2	 504.2
1192	 561.8	 680.1
1193	 1017.6	 359.4
1194	 606.2	 668.6
1195	 556.8	 631.5
1196	 579.25	 639.5
1197	 457.0	 620.5
1198	 1079.5	 1377.5
1199	 474.75	 628.5
1200	 1063.7	 408.5
1201	 1101.2	 1373.8
1202	 1139.9	 1375.7
1203	 1134.7	 412.5
1204	 576.35	 595.05
1205	 1088.5	 1347.5
1206	 1120.75	 1357.0
1207	 599.75	 573.25
1208	 641.25	 784.25
1209	 1576.55	 463.15
1210	 704.4	 813.8
1211	 676.2	 763.1
1212	 1386.35	 526.75
1213	 635.85	 802.35
1214	 1114.75	 366.25
1215	 689.4	 749.4
1216	 1146.8	 1424.4
1217	 1162.4	 1430.4
1218	 1140.25	 357.0
1219	 725.1	 807.85
1220	 790.25	 779.25
1221	 716.8	 743.0
1222	 753.5	 750.65
1223	 803.8	 751.6
1224	 807.5	 764.5
1225	 2436.7	 657.8
1226	 1078.25	 377.25
1227	 1574.25	 398.0
1228	 669.6	 716.6
1229	 2713.5	 736.5
1230	 720.75	 726.25
1231	 1186.15	 1430.5
1232	 1030.4	 330.4
1233	 635.7	 678.4
1234	 661.7	 682.7
1235	 801.9	 719.0
1236	 1619.5	 446.5
1237	 790.5	 681.0
1238	 838.0	 790.5
1239	 1044.8	 261.6
1240	 896.6	 792.0
1241	 568.3	 628.2
1242	 887.0	 780.5
1243	 1174.6	 1378.0
1244	 849.75	 746.25
1245	 941.0	 787.25
1246	 978.6	 770.8
1247	 975.25	 761.25
1248	 994.0	 757.4
1249	 1189.2	 1373.6
1250	 2303.0	 246.0
1251	 1192.8	 1346.2
1252	 1131.2	 295.2
1253	 877.25	 698.0
1254	 865.0	 688.6
1255	 912.0	 731.75
1256	 1210.25	 1406.0
1257	 1098.5	 251.75
1258	 1231.5	 1424.0
1259	 908.1	 697.6
1260	 921.7	 683.65
1261	 995.05	 728.55
1262	 974.5	 685.5
1263	 1000.25	 683.25
1264	 675.7	 674.7
1265	 1156.0	 401.0
1266	 1149.25	 385.75
1267	 703.4	 671.65
1268	 1649.1	 833.7
1269	 703.7	 653.5
1270	 704.5	 625.5
1271	 708.5	 647.75
1272	 729.5	 651.95
1273	 774.5	 681.0
1274	 772.5	 622.0
1275	 646.0	 608.5
1276	 641.95	 604.35
1277	 680.4	 612.2
1278	 1704.75	 497.5
1279	 1731.25	 530.75
1280	 614.2	 570.2
1281	 655.95	 577.25
1282	 650.75	 564.1
1283	 731.55	 618.6
1284	 750.15	 573.8
1285	 794.2	 567.2
1286	 1734.0	 488.25
1287	 861.25	 661.75
1288	 886.25	 666.5
1289	 897.75	 679.0
1290	 812.7	 636.9
1291	 1683.5	 433.0
1292	 897.0	 683.7
1293	 918.5	 673.5
1294	 945.5	 680.75
1295	 978.6	 626.95
1296	 927.5	 655.9
1297	 1077.4	 1254.6
1298	 840.5	 624.25
1299	 1666.0	 401.5
1300	 798.3	 578.5
1301	 800.5	 595.25
1302	 873.0	 599.8
1303	 2235.0	 812.0
1304	 905.6	 618.6
1305	 922.8	 612.0
1306	 1091.25	 1253.75
1307	 949.0	 583.0
1308	 1015.5	 1245.25
1309	 918.1	 573.5
1310	 988.05	 576.35
1311	 976.0	 567.0
1312	 1158.5	 322.75
1313	 1171.75	 299.0
1314	 383.5	 547.6
1315	 1726.75	 395.5
1316	 515.75	 550.75
1317	 2682.25	 682.0
1318	 1755.5	 395.5
1319	 498.75	 518.0
1320	 1782.5	 707.25
1321	 490.25	 510.5
1322	 491.9	 514.9
1323	 491.5	 463.0
1324	 540.8	 477.8
1325	 1242.75	 333.5
1326	 517.75	 471.75
1327	 1264.0	 328.25
1328	 531.6	 441.5
1329	 506.0	 458.2
1330	 554.75	 476.75
1331	 1790.5	 680.75
1332	 1765.5	 671.25
1333	 1224.1	 306.5
1334	 1206.5	 1479.25
1335	 1068.75	 1198.25
1336	 658.6	 526.9
1337	 595.6	 503.2
1338	 601.55	 514.8
1339	 603.5	 482.65
1340	 642.5	 510.5
1341	 1486.6	 529.4
1342	 763.7	 538.5
1343	 697.75	 519.25
1344	 761.5	 501.9
1345	 2490.8	 523.8
1346	 579.2	 471.1
1347	 1132.5	 1326.5
1348	 1125.75	 1295.75
1349	 607.2	 446.3
1350	 1168.8	 1329.75
1351	 587.6	 439.6
1352	 662.2	 445.4
1353	 708.1	 483.6
1354	 702.75	 470.25
1355	 2431.0	 602.5
1356	 1884.0	 666.0
1357	 696.5	 431.9
1358	 663.5	 430.5
1359	 1171.8	 1269.6
1360	 581.8	 402.7
1361	 620.75	 424.25
1362	 615.3	 410.2
1363	 620.3	 395.8
1364	 1240.5	 1330.75
1365	 643.75	 397.75
1366	 674.2	 371.4
1367	 589.5	 367.75
1368	 1789.9	 585.2
1369	 1206.8	 1259.8
1370	 607.5	 359.0
1371	 612.85	 363.2
1372	 1256.0	 1283.5
1373	 1540.75	 479.75
1374	 1864.25	 636.0
1375	 2402.6	 413.1
1376	 1127.0	 233.25
1377	 1838.5	 611.2
1378	 655.0	 318.5
1379	 1869.25	 617.0
1380	 1576.8	 130.4
1381	 1871.95	 625.2
1382	 647.5	 304.8
1383	 1849.2	 568.6
1384	 2154.0	 260.4
1385	 671.4	 288.4
1386	 1108.7	 210.0
1387	 682.4	 420.4
1388	 683.7	 407.5
1389	 707.0	 404.25
1390	 716.0	 396.2
1391	 710.2	 367.3
1392	 1960.5	 775.0
1393	 1072.65	 164.35
1394	 1945.0	 754.25
1395	 765.5	 381.5
1396	 765.5	 324.25
1397	 758.7	 341.25
1398	 1914.0	 656.25
1399	 695.0	 319.8
1400	 704.2	 274.0
1401	 679.6	 302.7
1402	 742.75	 278.25
1403	 748.7	 316.3
1404	 1213.4	 1228.4
1405	 1980.75	 752.75
1406	 764.7	 238.3
1407	 783.1	 498.0
1408	 2050.5	 185.0
1409	 317.0	 832.0
1410	 800.5	 710.0
1411	 1992.0	 668.0
1412	 862.2	 565.0
1413	 2476.0	 587.0
1414	 861.1	 516.1
1415	 861.0	 480.0
1416	 887.3	 474.2
1417	 801.5	 452.0
1418	 812.75	 454.25
1419	 777.05	 402.9
1420	 781.5	 396.75
1421	 1113.25	 185.0
1422	 819.95	 465.4
1423	 849.3	 478.2
1424	 1162.5	 216.75
1425	 1917.75	 574.5
1426	 862.75	 389.75
1427	 866.1	 400.4
1428	 900.7	 542.8
1429	 1193.0	 182.75
1430	 1958.9	 609.9
1431	 897.6	 486.4
1432	 932.9	 488.5
1433	 940.25	 470.0
1434	 1326.0	 1565.0
1435	 2012.6	 617.6
1436	 989.75	 492.75
1437	 996.0	 493.5
1438	 1954.0	 590.3
1439	 906.0	 453.6
1440	 902.2	 446.6
1441	 932.0	 462.1
1442	 1516.9	 385.9
1443	 1372.75	 1449.0
1444	 856.75	 769.5
1445	 961.0	 425.0
1446	 990.9	 431.1
1447	 984.6	 427.2
1448	 1289.25	 1431.0
1449	 966.5	 424.75
1450	 962.25	 398.25
1451	 813.3	 381.3
1452	 2288.15	 1253.1
1453	 1808.75	 526.5
1454	 801.75	 332.9
1455	 1289.4	 1391.0
1456	 807.7	 328.4
1457	 809.0	 303.75
1458	 1318.75	 1368.0
1459	 1819.8	 478.6
1460	 843.25	 366.25
1461	 1343.0	 1428.0
1462	 830.9	 385.65
1463	 1189.75	 165.25
1464	 1190.25	 143.0
1465	 1371.0	 1422.75
1466	 785.5	 279.25
1467	 1373.8	 1404.7
1468	 1161.5	 131.5
1469	 786.2	 264.6
1470	 2474.6	 479.0
1471	 789.8	 294.8
1472	 1182.25	 131.0
1473	 798.9	 256.7
1474	 849.75	 279.75
1475	 1885.0	 543.75
1476	 1842.5	 510.5
1477	 1849.5	 477.0
1478	 2071.0	 265.8
1479	 1825.75	 492.5
1480	 886.25	 330.75
1481	 902.8	 378.5
1482	 921.3	 300.6
1483	 963.3	 367.85
1484	 959.9	 344.8
1485	 990.5	 375.75
1486	 1726.2	 164.6
1487	 971.85	 286.95
1488	 1303.75	 388.0
1489	 1818.25	 457.75
1490	 1779.25	 417.25
1491	 2514.8	 462.4
1492	 988.9	 752.9
1493	 957.95	 187.95
1494	 1006.5	 178.25
1495	 981.5	 168.75
1496	 1299.25	 344.75
1497	 1429.4	 1395.4
1498	 1045.4	 773.8
1499	 1000.7	 719.8
1500	 1882.25	 444.25
1501	 1887.2	 420.4
1502	 1085.75	 817.75
1503	 1068.0	 739.6
1504	 1089.05	 729.9
1505	 1004.75	 677.5
1506	 1034.75	 674.75
1507	 1030.75	 663.25
1508	 1461.5	 1427.9
1509	 1078.35	 698.9
1510	 1089.25	 677.0
1511	 1107.6	 680.2
1512	 1077.1	 652.5
1513	 1103.5	 654.75
1514	 1063.15	 645.6
1515	 2626.1	 651.4
1516	 1065.25	 620.3
1517	 1122.2	 772.2
1518	 1368.5	 357.5
1519	 1055.6	 1169.0
1520	 1151.5	 805.75
1521	 1122.0	 808.5
1522	 1130.5	 750.75
1523	 1299.2	 303.4
1524	 1305.05	 300.3
1525	 1136.75	 700.0
1526	 1472.0	 1357.7
1527	 1176.6	 769.2
1528	 1988.0	 555.6
1529	 918.6	 727.4
1530	 1171.5	 799.0
1531	 1167.1	 708.0
1532	 1326.5	 292.25
1533	 949.8	 732.0
1534	 1209.8	 701.2
1535	 1953.8	 489.6
1536	 1156.3	 652.8
1537	 1147.5	 645.5
1538	 2010.0	 475.2
1539	 1234.5	 685.0
1540	 573.65	 473.4
1541	 1175.35	 698.1
1542	 1241.1	 626.65
1543	 1119.25	 605.75
1544	 1003.4	 580.25
1545	 2682.45	 646.0
1546	 1010.3	 542.4
1547	 1011.75	 530.1
1548	 1061.6	 1164.4
1549	 1064.6	 575.7
1550	 1095.0	 563.95
1551	 1113.4	 579.6
1552	 1424.5	 399.0
1553	 1104.0	 510.4
1554	 1125.4	 528.2
1555	 1960.4	 412.3
1556	 1347.75	 1330.0
1557	 1019.6	 453.0
1558	 1043.25	 473.25
1559	 1979.3	 458.7
1560	 1034.8	 455.3
1561	 1015.25	 423.75
1562	 1055.85	 436.45
1563	 1129.7	 469.8
1564	 1125.0	 469.25
1565	 1117.25	 474.75
1566	 1104.25	 433.0
1567	 1135.2	 569.0
1568	 1142.0	 547.0
1569	 1179.8	 561.8
1570	 1449.0	 411.5
1571	 1466.65	 384.65
1572	 1250.0	 579.2
1573	 1202.0	 542.1
1574	 1220.7	 538.9
1575	 1230.0	 539.0
1576	 1253.75	 547.75
1577	 1236.8	 510.8
1578	 1140.0	 498.75
1579	 1165.5	 502.2
1580	 1162.5	 496.25
1581	 1181.0	 504.1
1582	 1160.5	 479.25
1583	 1454.0	 370.4
1584	 1145.0	 468.0
1585	 1143.25	 418.75
1586	 1554.8	 319.0
1587	 1180.5	 465.75
1588	 1171.5	 440.7
1589	 1180.5	 424.0
1590	 1473.5	 342.75
1591	 1515.5	 337.75
1592	 1987.25	 1072.5
1593	 1238.9	 448.9
1594	 1189.5	 1291.3
1595	 1597.0	 370.5
1596	 2665.25	 462.0
1597	 1257.5	 772.9
1598	 1749.2	 409.0
1599	 1327.75	 721.25
1600	 1446.0	 324.4
1601	 1305.4	 703.9
1602	 1402.25	 264.0
1603	 1322.0	 778.5
1604	 1373.75	 717.75
1605	 1361.1	 1243.2
1606	 1376.0	 1242.75
1607	 1305.9	 642.05
1608	 1349.1	 673.15
1609	 1567.5	 294.25
1610	 1557.8	 272.0
1611	 1557.8	 275.8
1612	 1534.6	 246.0
1613	 1386.5	 708.3
1614	 1860.0	 1118.75
1615	 1421.75	 1329.25
1616	 1408.25	 676.0
1617	 1434.6	 702.8
1618	 1430.2	 1311.4
1619	 1447.25	 704.25
1620	 2896.0	 496.0
1621	 1476.2	 794.25
1622	 1222.1	 259.9
1623	 1640.5	 284.75
1624	 1504.25	 713.25
1625	 1508.3	 679.5
1626	 1479.8	 670.6
1627	 1476.9	 682.9
1628	 748.4	 311.8
1629	 1393.7	 620.4
1630	 1444.6	 620.8
1631	 1400.25	 602.5
1632	 1432.0	 581.0
1633	 1627.75	 253.0
1634	 1506.5	 666.0
1635	 1506.5	 614.0
1636	 1499.7	 618.0
1637	 1451.2	 600.7
1638	 1505.7	 593.85
1639	 1435.2	 584.6
1640	 1668.15	 368.25
1641	 1305.85	 564.2
1642	 1295.3	 536.3
1643	 1277.6	 512.5
1644	 1298.7	 527.9
1645	 1362.2	 554.8
1646	 1334.95	 522.55
1647	 1638.3	 331.9
1648	 1359.0	 523.75
1649	 1365.0	 543.0
1650	 1391.9	 1233.3
1651	 1369.0	 506.25
1652	 1390.5	 1232.25
1653	 1664.8	 331.4
1654	 1255.6	 470.2
1655	 1048.25	 1336.0
1656	 1259.4	 409.95
1657	 1318.5	 459.3
1658	 2070.5	 424.0
1659	 1375.1	 500.7
1660	 1379.6	 500.6
1661	 1388.3	 461.0
1662	 1349.9	 456.7
1663	 1394.0	 198.2
1664	 1359.2	 188.6
1665	 1388.3	 562.5
1666	 1393.7	 563.5
1667	 464.5	 724.5
1668	 1444.8	 546.7
1669	 1449.1	 538.1
1670	 1486.0	 1252.0
1671	 2037.0	 369.0
1672	 2107.25	 494.5
1673	 1827.1	 1070.15
1674	 1249.75	 1255.5
1675	 1703.5	 301.25
1676	 2069.75	 367.5
1677	 1395.25	 473.0
1678	 1456.75	 1190.75
1679	 1438.5	 468.0
1680	 1426.5	 462.05
1681	 2079.2	 360.2
1682	 1449.55	 491.75
1683	 1455.25	 469.5
1684	 1486.8	 441.35
1685	 1476.25	 451.5
1686	 997.0	 383.5
1687	 1695.9	 271.85
1688	 1045.75	 386.75
1689	 1064.3	 412.65
1690	 1120.2	 377.8
1691	 1072.25	 353.0
1692	 1077.4	 336.0
1693	 1816.8	 904.7
1694	 1132.75	 332.75
1695	 1000.0	 302.0
1696	 1049.5	 257.5
1697	 1097.6	 300.4
1698	 1399.5	 79.8
1699	 1124.5	 303.75
1700	 1061.8	 274.8
1701	 1115.0	 293.7
1702	 1129.5	 259.5
1703	 1148.8	 378.7
1704	 1191.0	 373.8
1705	 1163.5	 365.0
1706	 1737.5	 260.0
1707	 1141.6	 352.3
1708	 1161.75	 355.5
1709	 1046.5	 1075.25
1710	 1198.25	 364.25
1711	 1449.4	 237.4
1712	 1199.0	 341.5
1713	 1174.5	 335.75
1714	 1058.6	 1127.5
1715	 1243.5	 378.5
1716	 1230.5	 352.45
1717	 1248.6	 359.7
1718	 1278.5	 334.5
1719	 1170.5	 293.25
1720	 1195.3	 288.4
1721	 2057.6	 317.6
1722	 1535.0	 204.4
1723	 1559.8	 189.0
1724	 1262.5	 272.5
1725	 1835.75	 573.75
1726	 1053.35	 245.85
1727	 1044.75	 239.5
1728	 1010.6	 197.0
1729	 1012.0	 184.25
1730	 1036.6	 215.7
1731	 1044.4	 202.2
1732	 1075.25	 222.9
1733	 1098.85	 228.35
1734	 1136.4	 246.1
1735	 2070.1	 346.05
1736	 1573.8	 143.0
1737	 1582.0	 189.0
1738	 1052.6	 144.8
1739	 1094.1	 123.15
1740	 1106.0	 146.0
1741	 1147.0	 172.0
1742	 1136.6	 148.1
1743	 1020.25	 1018.0
1744	 1117.5	 143.0
1745	 1346.55	 678.25
1746	 1056.1	 1006.7
1747	 1153.8	 117.6
1748	 2037.3	 451.7
1749	 1432.25	 105.75
1750	 1216.95	 211.7
1751	 1076.0	 1074.2
1752	 1161.45	 198.75
1753	 759.25	 1344.25
1754	 1190.0	 181.2
1755	 1227.0	 206.25
1756	 1459.4	 97.2
1757	 1090.0	 1046.0
1758	 1263.45	 227.45
1759	 1234.25	 201.5
1760	 1419.25	 74.25
1761	 1272.6	 194.6
1762	 1257.05	 165.5
1763	 1082.4	 1021.4
1764	 1247.2	 166.2
1765	 1263.2	 203.1
1766	 1080.5	 1001.75
1767	 1174.9	 157.6
1768	 1154.2	 129.8
1769	 1183.2	 140.5
1770	 1561.2	 95.3
1771	 1246.3	 103.85
1772	 1265.2	 115.4
1773	 1301.8	 400.2
1774	 1125.25	 120.5
1775	 1280.0	 348.95
1776	 1343.9	 382.8
1777	 1342.0	 377.0
1778	 1383.4	 405.5
1779	 1348.0	 374.5
1780	 1357.5	 360.4
1781	 1149.2	 1085.1
1782	 1284.4	 315.3
1783	 1145.4	 1075.2
1784	 1292.75	 303.5
1785	 2162.25	 288.75
1786	 664.95	 1324.45
1787	 1326.5	 246.25
1788	 1968.75	 712.5
1789	 1379.5	 290.0
1790	 1384.3	 247.7
1791	 1406.25	 373.5
1792	 1449.25	 401.25
1793	 1403.0	 340.9
1794	 1410.4	 337.8
1795	 1434.25	 358.75
1796	 1455.0	 386.4
1797	 1451.4	 373.1
1798	 1463.6	 388.6
1799	 1488.85	 400.7
1800	 2170.75	 375.0
1801	 1484.25	 338.25
1802	 1395.9	 302.5
1803	 1400.25	 261.5
1804	 1396.8	 246.2
1805	 1616.0	 1382.2
1806	 1445.9	 280.8
1807	 1601.5	 1343.0
1808	 1402.25	 236.5
1809	 1461.75	 311.0
1810	 1712.6	 131.8
1811	 1186.0	 166.8
1812	 1522.95	 314.55
1813	 1591.4	 1320.4
1814	 1467.75	 258.75
1815	 1489.65	 249.6
1816	 1738.2	 134.0
1817	 1287.5	 226.5
1818	 1299.25	 203.0
1819	 1335.4	 206.8
1820	 1318.5	 184.25
1821	 1333.6	 190.2
1822	 1359.8	 218.0
1823	 1071.6	 417.6
1824	 1711.75	 1420.0
1825	 1356.5	 170.0
1826	 1355.75	 157.25
1827	 1354.75	 179.75
1828	 1384.2	 176.0
1829	 1706.25	 1395.25
1830	 1301.6	 132.4
1831	 2248.55	 391.05
1832	 1329.25	 136.55
1833	 1321.15	 92.2
1834	 1317.2	 86.0
1835	 1710.25	 99.5
1836	 1393.9	 84.5
1837	 1412.4	 238.0
1838	 1428.5	 211.5
1839	 1454.75	 226.75
1840	 1399.1	 148.5
1841	 1416.6	 141.85
1842	 1416.0	 127.6
1843	 1459.9	 180.1
1844	 1495.4	 205.7
1845	 1496.5	 193.9
1846	 1478.5	 156.0
1847	 1476.2	 140.1
1848	 1496.0	 167.25
1849	 1245.0	 170.5
1850	 1448.25	 132.0
1851	 1455.8	 85.8
1852	 1430.5	 77.0
1853	 1458.0	 122.5
1854	 1459.0	 120.0
1855	 1767.65	 312.35
1856	 896.0	 797.75
1857	 1720.3	 1343.8
1858	 616.75	 561.75
1859	 1592.4	 1461.85
1860	 1586.0	 1478.75
1861	 1746.5	 1341.5
1862	 1616.0	 1435.4
1863	 1081.2	 984.2
1864	 1540.7	 1368.1
1865	 1561.9	 1414.2
1866	 1571.25	 1356.5
1867	 1531.0	 1322.75
1868	 1569.0	 1345.75
1869	 1565.0	 1324.75
1870	 1625.0	 1402.25
1871	 2251.65	 346.95
1872	 1082.2	 948.2
1873	 1701.15	 1457.65
1874	 1656.2	 1409.55
1875	 1679.4	 1411.1
1876	 1651.6	 1397.25
1877	 1709.5	 1425.25
1878	 1709.75	 1431.5
1879	 1743.4	 1453.5
1880	 1515.0	 1243.6
1881	 1761.85	 1429.95
1882	 1686.5	 1383.5
1883	 881.5	 500.25
1884	 1681.4	 1377.6
1885	 1705.2	 1389.1
1886	 1719.0	 1357.6
1887	 1645.6	 1348.5
1888	 1685.9	 1346.5
1889	 1028.0	 893.6
1890	 1681.2	 1335.3
1891	 1682.25	 1327.25
1892	 1804.25	 263.5
1893	 1794.2	 248.2
1894	 1248.0	 137.0
1895	 1783.85	 1353.7
1896	 1650.7	 1451.6
1897	 1751.0	 1322.25
1898	 1785.1	 1453.05
1899	 1032.5	 804.25
1900	 2285.25	 1079.75
1901	 1534.2	 1285.6
1902	 1564.4	 1304.8
1903	 1527.4	 1263.7
1904	 1051.25	 908.75
1905	 1572.5	 1260.25
1906	 1575.4	 1266.0
1907	 1558.85	 1226.15
1908	 1586.6	 1307.4
1909	 1586.4	 1284.8
1910	 1619.0	 1295.1
1911	 1819.75	 255.5
1912	 1626.5	 1258.0
1913	 1657.8	 1217.55
1914	 1538.75	 1228.25
1915	 1519.4	 1213.25
1916	 1532.5	 1212.25
1917	 1117.0	 886.75
1918	 1859.75	 267.8
1919	 1536.5	 1191.0
1920	 1537.6	 1178.2
1921	 1583.2	 1179.8
1922	 1540.25	 1150.5
1923	 1598.4	 1215.2
1924	 513.9	 528.3
1925	 1100.8	 865.8
1926	 1082.25	 851.0
1927	 1593.0	 1171.5
1928	 1607.25	 1175.75
1929	 1990.1	 792.9
1930	 1639.0	 1157.75
1931	 1626.25	 1178.5
1932	 1677.0	 1303.6
1933	 1525.1	 1175.1
1934	 1705.95	 1318.5
1935	 1698.5	 1307.1
1936	 1699.25	 1283.75
1937	 1666.5	 1257.0
1938	 1669.2	 1246.6
1939	 1818.05	 550.6
1940	 1714.0	 1250.75
1941	 2699.0	 759.0
1942	 1738.6	 1314.5
1943	 1906.5	 309.0
1944	 1151.9	 940.5
1945	 2075.3	 844.3
1946	 1931.2	 331.2
1947	 1734.0	 1251.5
1948	 1753.7	 1259.1
1949	 1940.4	 306.0
1950	 1787.6	 1252.2
1951	 1665.25	 1216.25
1952	 1678.5	 1210.25
1953	 1708.8	 1195.4
1954	 1672.2	 1169.4
1955	 1304.0	 392.0
1956	 1724.1	 1206.9
1957	 1223.8	 978.4
1958	 1747.4	 1189.3
1959	 1186.75	 961.5
1960	 1729.85	 1166.65
1961	 1254.25	 974.75
1962	 1790.7	 1393.6
1963	 1819.9	 1462.1
1964	 1630.0	 1148.6
1965	 465.5	 1107.5
1966	 1777.5	 444.25
1967	 1857.5	 1425.25
1968	 1862.8	 1411.1
1969	 1240.5	 926.5
1970	 1692.25	 1284.75
1971	 1897.0	 249.25
1972	 1800.8	 1324.6
1973	 1838.55	 1355.65
1974	 1669.2	 1259.2
1975	 1835.5	 1328.75
1976	 1789.25	 1353.25
1977	 1676.5	 1244.75
1978	 1878.5	 1368.75
1979	 1859.0	 1375.75
1980	 1701.5	 1235.6
1981	 1854.0	 1320.25
1982	 1885.3	 1349.9
1983	 1890.4	 1413.3
1984	 2249.5	 1488.1
1985	 1916.2	 1440.4
1986	 1947.7	 1432.4
1987	 1782.5	 1287.5
1988	 1923.9	 1394.4
1989	 1948.0	 1395.5
1990	 1912.2	 1384.0
1991	 1992.25	 1418.0
1992	 1185.25	 846.0
1993	 2002.75	 1396.25
1994	 2021.75	 1409.25
1995	 1999.0	 236.75
1996	 1908.2	 1379.3
1997	 1390.0	 326.7
1998	 1951.1	 1378.4
1999	 1949.5	 1388.5
2000	 302.0	 1050.3
2001	 1684.2	 1211.4
2002	 1779.0	 198.75
2003	 2059.75	 110.5
2004	 1675.25	 1203.75
2005	 1907.25	 1345.45
2006	 1983.7	 1377.8
2007	 1988.25	 1373.5
2008	 1780.9	 168.5
2009	 1275.8	 1250.8
2010	 1986.4	 1343.45
2011	 1220.0	 840.25
2012	 2008.65	 1327.95
2013	 1196.1	 820.2
2014	 2027.8	 1308.3
2015	 1794.0	 1315.0
2016	 1787.75	 1290.75
2017	 1241.6	 835.2
2018	 1802.9	 1266.1
2019	 1873.4	 1308.0
2020	 1882.4	 1278.0
2021	 2080.75	 148.0
2022	 1794.3	 1205.1
2023	 513.0	 1081.75
2024	 1850.7	 1210.1
2025	 1827.0	 1192.25
2026	 1731.7	 1169.5
2027	 1738.4	 1148.8
2028	 1714.0	 1170.75
2029	 1858.5	 1218.75
2030	 1857.0	 1189.1
2031	 1757.75	 1168.75
2032	 1877.2	 1189.2
2033	 1889.8	 1207.4
2034	 1881.75	 1159.0
2035	 1889.0	 1169.0
2036	 1941.95	 1252.9
2037	 1966.75	 1248.75
2038	 1962.9	 1237.0
2039	 2031.8	 1288.0
2040	 2016.7	 1309.8
2041	 2014.9	 1266.7
2042	 2097.0	 126.0
2043	 2018.2	 1239.8
2044	 1917.05	 1215.0
2045	 1924.05	 1212.55
2046	 1924.45	 1188.75
2047	 1760.75	 122.75
2048	 1313.7	 1267.7
2049	 1951.8	 1193.9
2050	 1972.0	 1191.5
2051	 1933.8	 1183.0
2052	 1932.25	 1168.5
2053	 1982.2	 1217.4
2054	 1858.0	 1428.25
2055	 1991.0	 1216.0
2056	 1895.7	 1417.6
2057	 2020.0	 1197.0
2058	 1352.2	 1105.2
2059	 1978.4	 1178.9
2060	 1769.0	 59.25
2061	 1532.75	 1109.65
2062	 1557.1	 1117.65
2063	 1555.0	 1138.85
2064	 1528.0	 1086.0
2065	 611.9	 1144.6
2066	 1801.5	 109.75
2067	 1298.5	 1056.0
2068	 1821.0	 83.35
2069	 1589.1	 1094.3
2070	 1644.25	 1151.75
2071	 1836.7	 1367.0
2072	 1592.6	 1065.6
2073	 1622.5	 1081.8
2074	 1813.0	 78.8
2075	 1836.0	 77.0
2076	 2247.45	 1483.35
2077	 540.5	 1119.9
2078	 1506.0	 990.75
2079	 1566.75	 1043.25
2080	 1537.5	 1011.75
2081	 1580.0	 1006.75
2082	 1857.0	 199.0
2083	 1553.1	 1001.3
2084	 1614.65	 1038.15
2085	 904.2	 1304.4
2086	 1600.8	 1063.8
2087	 1658.5	 1109.25
2088	 1901.5	 176.5
2089	 1861.0	 1323.4
2090	 1717.6	 1075.35
2091	 1693.3	 1071.65
2092	 1719.4	 1136.3
2093	 1737.1	 1114.5
2094	 1765.5	 1134.9
2095	 1780.25	 1143.0
2096	 1763.5	 1110.0
2097	 1973.0	 202.0
2098	 1665.9	 1049.4
2099	 1908.2	 1311.2
2100	 2166.4	 225.1
2101	 1702.25	 1018.75
2102	 1915.0	 1432.0
2103	 1725.75	 982.3
2104	 1741.4	 1018.8
2105	 1776.15	 1035.7
2106	 1924.6	 1410.0
2107	 1774.8	 1039.8
2108	 1737.7	 994.2
2109	 1745.75	 1006.5
2110	 1724.8	 971.6
2111	 1774.6	 991.7
2112	 1770.3	 1008.95
2113	 1766.5	 982.25
2114	 1792.1	 1068.9
2115	 1421.5	 1159.75
2116	 1546.0	 915.75
2117	 1588.5	 909.75
2118	 1605.2	 958.2
2119	 2216.25	 184.5
2120	 1672.55	 960.95
2121	 1441.1	 1162.25
2122	 1576.25	 852.0
2123	 1513.6	 828.9
2124	 1520.0	 786.35
2125	 2262.2	 246.3
2126	 1550.2	 822.3
2127	 1549.75	 785.25
2128	 1469.25	 1137.5
2129	 1630.25	 853.25
2130	 1674.5	 850.25
2131	 1596.9	 794.5
2132	 1590.75	 828.5
2133	 1980.0	 145.75
2134	 1658.0	 847.45
2135	 1622.0	 783.75
2136	 609.0	 442.2
2137	 1686.5	 947.5
2138	 1948.2	 1324.6
2139	 1694.0	 891.25
2140	 1707.2	 910.0
2141	 1724.75	 911.0
2142	 1754.0	 956.0
2143	 1509.0	 1324.5
2144	 1361.75	 610.0
2145	 1791.4	 912.4
2146	 1733.9	 900.6
2147	 1768.5	 899.5
2148	 1388.75	 1036.0
2149	 1407.4	 1064.6
2150	 1667.75	 764.25
2151	 1758.3	 833.5
2152	 1771.5	 856.6
2153	 2067.4	 777.2
2154	 1798.25	 850.0
2155	 1773.5	 788.75
2156	 2025.2	 755.2
2157	 1829.5	 1123.25
2158	 1847.5	 1145.25
2159	 1839.95	 1120.75
2160	 737.25	 1093.0
2161	 650.0	 810.25
2162	 1818.4	 1106.0
2163	 1818.75	 1082.0
2164	 1432.9	 1064.0
2165	 1838.25	 1073.25
2166	 1849.65	 79.7
2167	 1441.25	 1033.75
2168	 1896.8	 1125.6
2169	 1860.25	 1147.75
2170	 1875.75	 1085.25
2171	 1877.75	 1108.0
2172	 1875.15	 1103.95
2173	 1168.2	 439.2
2174	 1819.5	 1293.5
2175	 2130.5	 172.75
2176	 1797.5	 1036.5
2177	 1803.0	 1033.8
2178	 1817.25	 1010.0
2179	 1843.4	 1271.6
2180	 1820.35	 991.8
2181	 1891.5	 1037.5
2182	 1901.35	 1133.55
2183	 1923.4	 1132.4
2184	 1912.05	 1095.8
2185	 1945.25	 1124.5
2186	 1943.75	 1071.5
2187	 1564.7	 302.1
2188	 1946.0	 1051.1
2189	 1972.95	 1088.9
2190	 2018.0	 1102.0
2191	 2024.0	 1098.0
2192	 1475.1	 316.55
2193	 2015.2	 1086.2
2194	 2010.4	 1081.5
2195	 2021.6	 1072.25
2196	 2076.8	 631.2
2197	 1898.5	 1228.25
2198	 1925.65	 973.75
2199	 1969.75	 1014.5
2200	 1977.4	 1026.9
2201	 1993.2	 1018.2
2202	 2021.0	 1039.25
2203	 2004.2	 1020.8
2204	 1969.2	 997.4
2205	 1987.2	 993.4
2206	 1793.5	 924.0
2207	 1814.75	 920.5
2208	 1479.5	 328.5
2209	 1818.6	 916.5
2210	 1853.8	 924.55
2211	 1815.0	 1167.5
2212	 1811.9	 860.9
2213	 1806.4	 826.65
2214	 1796.7	 790.8
2215	 1831.95	 816.9
2216	 1837.8	 841.7
2217	 1866.1	 829.6
2218	 602.8	 990.2
2219	 1876.2	 841.8
2220	 1909.8	 846.8
2221	 2181.5	 760.75
2222	 1912.5	 974.5
2223	 1922.2	 933.3
2224	 1928.5	 933.0
2225	 1631.8	 324.4
2226	 1970.75	 918.4
2227	 1936.0	 911.6
2228	 2246.5	 782.5
2229	 1934.75	 896.25
2230	 2279.4	 766.6
2231	 1972.75	 890.0
2232	 1983.75	 909.5
2233	 1920.5	 871.75
2234	 2322.75	 901.75
2235	 1934.5	 802.0
2236	 754.75	 1298.5
2237	 1969.75	 806.5
2238	 1982.0	 874.0
2239	 2017.75	 876.5
2240	 1975.4	 802.0
2241	 1283.2	 808.3
2242	 1959.6	 1265.2
2243	 2350.25	 763.25
2244	 2063.75	 1383.0
2245	 2015.25	 1303.75
2246	 2063.3	 1350.85
2247	 2075.0	 1337.25
2248	 2384.2	 415.0
2249	 2003.0	 1258.8
2250	 582.3	 360.1
2251	 1336.5	 825.25
2252	 2077.6	 1274.2
2253	 2085.75	 1289.85
2254	 2111.1	 1270.1
2255	 2204.5	 279.0
2256	 1375.0	 813.6
2257	 2142.5	 1322.0
2258	 2431.5	 416.1
2259	 1405.5	 947.05
2260	 2199.6	 1309.7
2261	 1026.0	 1162.8
2262	 2197.0	 1270.0
2263	 2141.55	 1257.1
2264	 2305.75	 706.0
2265	 2199.5	 1299.5
2266	 367.0	 645.5
2267	 2202.4	 1285.0
2268	 2214.2	 1281.0
2269	 2253.2	 1292.1
2270	 2303.0	 722.0
2271	 2274.8	 1273.4
2272	 1661.7	 407.2
2273	 2262.7	 1242.2
2274	 2347.6	 681.8
2275	 2074.8	 1189.0
2276	 2351.25	 573.25
2277	 2073.6	 1165.3
2278	 2076.8	 1146.9
2279	 2060.75	 1145.5
2280	 2058.25	 1148.5
2281	 657.0	 332.0
2282	 2113.0	 1220.5
2283	 2129.9	 1200.4
2284	 2137.9	 1190.2
2285	 2093.4	 1162.2
2286	 2068.7	 1138.2
2287	 2071.25	 1108.0
2288	 2097.1	 1089.75
2289	 2083.0	 1098.6
2290	 1429.1	 856.1
2291	 2083.5	 1060.25
2292	 2108.95	 1110.55
2293	 2016.25	 512.25
2294	 1420.5	 806.75
2295	 1417.5	 824.5
2296	 2099.5	 1036.75
2297	 1569.25	 1113.75
2298	 1586.75	 1098.25
2299	 2130.5	 1044.75
2300	 2177.5	 1205.2
2301	 2123.6	 1065.2
2302	 2165.1	 1188.5
2303	 1650.0	 294.75
2304	 2181.1	 1171.9
2305	 2166.9	 1148.0
2306	 2230.1	 1221.1
2307	 2264.25	 1182.0
2308	 2213.6	 1150.1
2309	 1602.0	 1132.4
2310	 2549.0	 861.2
2311	 2266.4	 1174.7
2312	 1639.8	 1137.6
2313	 1643.25	 1113.5
2314	 2195.6	 1129.6
2315	 2206.0	 1104.6
2316	 2144.0	 1029.0
2317	 2218.5	 1069.25
2318	 2224.55	 1068.1
2319	 2609.25	 814.75
2320	 2279.6	 1281.6
2321	 2284.0	 1253.75
2322	 2319.45	 1259.4
2323	 2018.0	 485.5
2324	 340.0	 789.5
2325	 402.3	 790.2
2326	 2274.0	 1167.25
2327	 2292.25	 1187.75
2328	 2305.5	 1170.5
2329	 2305.6	 1181.7
2330	 2362.2	 1232.55
2331	 2427.0	 334.0
2332	 2356.1	 1179.2
2333	 2366.9	 1181.35
2334	 1049.1	 998.9
2335	 276.6	 737.6
2336	 2107.7	 497.6
2337	 2408.6	 309.3
2338	 310.25	 739.0
2339	 2279.5	 226.0
2340	 1618.0	 1039.75
2341	 1640.25	 1026.75
2342	 2269.0	 1117.75
2343	 2154.0	 481.4
2344	 2197.75	 506.5
2345	 2327.25	 1113.25
2346	 2352.15	 1156.0
2347	 2410.3	 1148.2
2348	 2344.5	 1074.25
2349	 2320.6	 1095.3
2350	 1703.5	 80.4
2351	 2285.0	 1053.2
2352	 2346.7	 1052.0
2353	 2361.95	 1080.45
2354	 2405.9	 1054.8
2355	 2262.0	 552.75
2356	 1099.5	 1026.25
2357	 2442.6	 1159.9
2358	 2539.25	 425.75
2359	 2546.5	 433.0
2360	 2441.75	 1091.5
2361	 1758.4	 1134.2
2362	 2479.1	 1127.3
2363	 2262.0	 522.0
2364	 2256.5	 500.5
2365	 2466.7	 1080.7
2366	 2444.0	 1079.3
2367	 2472.7	 1072.1
2368	 427.0	 801.2
2369	 2459.8	 1048.2
2370	 2501.95	 1061.4
2371	 1687.95	 237.95
2372	 2565.2	 1060.6
2373	 2433.9	 433.9
2374	 2181.0	 1131.0
2375	 2550.0	 1050.5
2376	 2547.5	 1045.25
2377	 2585.0	 1039.5
2378	 1676.0	 218.2
2379	 2051.1	 1031.0
2380	 1125.0	 1140.75
2381	 2051.25	 982.75
2382	 2106.4	 991.4
2383	 473.4	 751.4
2384	 2133.75	 1036.75
2385	 2182.7	 1004.4
2386	 2154.0	 984.0
2387	 1661.5	 1052.25
2388	 2109.0	 961.8
2389	 2060.9	 914.8
2390	 2155.9	 963.2
2391	 2211.0	 967.25
2392	 2211.8	 973.0
2393	 2783.25	 495.25
2394	 2122.2	 913.4
2395	 2168.5	 932.5
2396	 2169.75	 915.0
2397	 600.75	 768.75
2398	 2233.6	 1029.5
2399	 2258.0	 465.5
2400	 2251.25	 447.0
2401	 2260.75	 975.25
2402	 2268.0	 991.5
2403	 2274.6	 994.5
2404	 2332.7	 1028.0
2405	 2392.6	 986.6
2406	 2288.1	 949.2
2407	 2292.6	 955.8
2408	 2235.5	 927.25
2409	 2238.0	 921.8
2410	 2266.8	 937.2
2411	 2264.0	 918.2
2412	 2230.5	 909.0
2413	 2328.25	 957.5
2414	 2303.8	 444.4
2415	 2367.0	 937.0
2416	 2358.75	 473.25
2417	 2376.8	 924.0
2418	 2064.0	 870.8
2419	 2078.6	 856.9
2420	 2084.25	 857.5
2421	 2044.0	 866.75
2422	 2137.0	 906.5
2423	 2170.75	 905.25
2424	 2166.0	 884.0
2425	 2150.0	 864.2
2426	 2143.9	 854.3
2427	 2396.6	 768.2
2428	 1166.5	 769.5
2429	 2055.5	 836.5
2430	 2037.15	 806.5
2431	 2057.75	 808.25
2432	 1214.0	 1104.5
2433	 2098.25	 829.15
2434	 569.4	 694.1
2435	 2066.95	 806.2
2436	 2030.3	 779.9
2437	 1598.5	 900.5
2438	 2111.2	 843.0
2439	 597.65	 693.8
2440	 2196.5	 848.8
2441	 272.0	 685.0
2442	 2146.5	 811.75
2443	 2144.25	 784.25
2444	 2439.25	 732.5
2445	 2197.4	 807.0
2446	 2204.75	 794.75
2447	 2320.2	 897.9
2448	 2326.45	 866.8
2449	 2282.9	 893.8
2450	 2252.5	 866.3
2451	 2041.0	 1005.0
2452	 2286.2	 839.7
2453	 2353.9	 885.1
2454	 2384.05	 896.25
2455	 2382.5	 877.9
2456	 2363.75	 874.5
2457	 2321.0	 882.2
2458	 2237.15	 833.3
2459	 2233.75	 815.0
2460	 366.6	 680.8
2461	 2570.8	 745.8
2462	 2336.25	 827.25
2463	 2311.0	 807.75
2464	 2365.4	 837.1
2465	 2406.2	 717.8
2466	 2362.0	 806.25
2467	 2434.8	 709.0
2468	 2427.25	 1006.75
2469	 365.0	 639.75
2470	 2475.75	 1017.75
2471	 2452.2	 1003.4
2472	 2423.0	 987.5
2473	 2399.9	 993.0
2474	 2451.95	 981.35
2475	 2442.6	 979.8
2476	 2489.75	 1013.75
2477	 2561.0	 1008.0
2478	 2510.6	 986.7
2479	 805.9	 478.1
2480	 2469.85	 970.4
2481	 2412.6	 670.4
2482	 2516.0	 961.5
2483	 1650.0	 869.25
2484	 2559.2	 963.15
2485	 2476.0	 953.75
2486	 811.65	 1192.35
2487	 2457.4	 936.0
2488	 1527.5	 119.75
2489	 2542.75	 716.75
2490	 2558.3	 914.75
2491	 2544.6	 918.5
2492	 2499.75	 948.75
2493	 2522.6	 682.4
2494	 2542.8	 687.8
2495	 2611.7	 994.3
2496	 2570.4	 974.2
2497	 2625.3	 976.5
2498	 2584.8	 945.0
2499	 2603.5	 947.75
2500	 2567.4	 904.8
2501	 2597.2	 908.2
2502	 2569.6	 931.4
2503	 401.4	 570.6
2504	 2423.8	 891.5
2505	 2442.1	 891.2
2506	 1593.2	 1442.8
2507	 2528.2	 899.0
2508	 2560.75	 888.5
2509	 776.75	 353.0
2510	 2557.75	 861.75
2511	 2579.8	 806.4
2512	 2478.0	 873.0
2513	 2412.85	 836.0
2514	 2446.5	 829.35
2515	 1707.7	 837.25
2516	 431.0	 638.75
2517	 451.85	 639.9
2518	 2488.75	 807.0
2519	 1779.75	 937.75
2520	 2457.0	 812.75
2521	 2567.3	 834.6
2522	 2665.15	 743.7
2523	 2555.9	 816.6
2524	 2549.5	 811.75
2525	 2564.75	 842.25
2526	 2197.25	 260.5
2527	 2566.8	 811.2
2528	 1738.4	 898.5
2529	 1739.0	 885.0
2530	 2544.1	 787.4
2531	 605.25	 682.5
2532	 570.0	 678.0
2533	 534.0	 659.75
2534	 2682.25	 747.75
2535	 2632.6	 848.8
2536	 2633.25	 842.75
2537	 560.0	 643.25
2538	 578.8	 645.2
2539	 800.5	 389.5
2540	 2590.6	 831.3
2541	 2700.5	 709.75
2542	 1702.4	 835.2
2543	 1716.0	 868.0
2544	 2656.0	 786.5
2545	 2668.0	 788.25
2546	 2683.0	 696.5
2547	 2697.0	 810.25
2548	 1526.0	 738.5
2549	 1529.0	 784.5
2550	 518.4	 594.6
2551	 1521.4	 683.6
2552	 1534.1	 686.8
2553	 1550.45	 709.25
2554	 1542.5	 671.0
2555	 1549.4	 675.45
2556	 1563.0	 783.5
2557	 1594.8	 737.2
2558	 1574.0	 783.75
2559	 1620.25	 739.0
2560	 1618.8	 731.8
2561	 1592.8	 675.3
2562	 1598.1	 685.0
2563	 1637.4	 670.4
2564	 1627.0	 653.0
2565	 1765.0	 826.0
2566	 1526.0	 593.0
2567	 1517.4	 571.6
2568	 1764.8	 800.2
2569	 1526.5	 556.75
2570	 1565.8	 627.3
2571	 1576.5	 593.7
2572	 1614.0	 631.75
2573	 1571.0	 569.5
2574	 580.75	 593.0
2575	 1591.5	 551.0
2576	 1614.45	 560.3
2577	 1551.6	 550.7
2578	 1694.25	 748.75
2579	 1639.5	 773.5
2580	 1638.4	 707.4
2581	 1826.25	 1128.25
2582	 1645.0	 683.75
2583	 1678.2	 684.4
2584	 1630.5	 663.5
2585	 1645.5	 655.0
2586	 1679.0	 668.4
2587	 1685.5	 631.75
2588	 1713.2	 694.6
2589	 1751.0	 745.5
2590	 1742.0	 712.0
2591	 1738.75	 748.0
2592	 1707.9	 748.55
2593	 1709.0	 663.8
2594	 685.0	 746.75
2595	 1706.9	 640.8
2596	 1728.8	 649.4
2597	 1636.0	 614.4
2598	 1842.8	 1090.0
2599	 1632.6	 556.2
2600	 2282.75	 1145.55
2601	 1703.75	 632.5
2602	 1884.6	 1126.2
2603	 1691.5	 193.0
2604	 1701.25	 554.25
2605	 1737.25	 584.75
2606	 2138.0	 983.0
2607	 2475.8	 523.2
2608	 1512.0	 514.25
2609	 1529.75	 516.75
2610	 1538.5	 512.2
2611	 1536.65	 546.15
2612	 1557.75	 543.25
2613	 1899.4	 1118.6
2614	 1865.0	 1079.2
2615	 740.0	 748.0
2616	 1598.3	 519.55
2617	 1595.25	 508.0
2618	 2412.6	 471.0
2619	 1578.65	 466.65
2620	 1537.4	 451.6
2621	 1547.5	 420.55
2622	 666.0	 713.75
2623	 1526.2	 410.8
2624	 2438.25	 474.25
2625	 1573.25	 408.5
2626	 1576.0	 414.5
2627	 1572.5	 400.25
2628	 1603.15	 456.95
2629	 1610.6	 456.5
2630	 1627.0	 440.0
2631	 1603.4	 404.5
2632	 1634.4	 398.3
2633	 666.5	 693.5
2634	 1681.0	 537.25
2635	 2466.8	 501.2
2636	 1646.3	 492.5
2637	 1645.4	 467.2
2638	 1674.25	 494.75
2639	 1679.8	 476.8
2640	 720.5	 684.5
2641	 1743.5	 520.0
2642	 976.0	 562.25
2643	 1708.5	 471.75
2644	 1664.5	 465.75
2645	 1692.5	 416.25
2646	 1693.5	 422.5
2647	 1883.7	 1031.9
2648	 767.6	 710.4
2649	 2979.5	 485.25
2650	 1732.5	 431.0
2651	 758.5	 689.75
2652	 937.5	 1166.5
2653	 1768.0	 744.5
2654	 1786.75	 741.25
2655	 1804.0	 740.5
2656	 1809.75	 775.5
2657	 1788.25	 665.25
2658	 1791.25	 671.95
2659	 1838.0	 737.75
2660	 1848.0	 735.75
2661	 1825.6	 735.8
2662	 1871.5	 734.5
2663	 1857.0	 734.0
2664	 1845.7	 687.0
2665	 2609.4	 650.2
2666	 852.25	 799.5
2667	 1847.8	 654.2
2668	 1764.05	 618.85
2669	 1783.8	 602.3
2670	 2591.6	 634.8
2671	 2027.5	 1097.5
2672	 1846.0	 635.0
2673	 1864.5	 619.5
2674	 1869.0	 617.5
2675	 1885.0	 598.3
2676	 1829.25	 572.25
2677	 2659.2	 629.0
2678	 1832.9	 571.15
2679	 1851.75	 568.5
2680	 2005.2	 1088.8
2681	 1880.45	 775.3
2682	 1660.7	 1381.1
2683	 1936.0	 719.75
2684	 1946.75	 717.75
2685	 1917.0	 1053.0
2686	 983.5	 792.5
2687	 2007.2	 778.25
2688	 1968.6	 772.85
2689	 2006.75	 707.45
2690	 980.4	 772.4
2691	 2012.4	 656.6
2692	 936.7	 418.25
2693	 931.75	 773.75
2694	 1932.6	 630.0
2695	 1902.75	 586.3
2696	 1936.1	 997.75
2697	 2006.3	 621.8
2698	 2000.25	 617.25
2699	 1957.0	 592.25
2700	 1974.5	 573.9
2701	 1989.0	 559.5
2702	 2001.9	 563.4
2703	 1816.0	 519.5
2704	 1823.45	 493.9
2705	 1816.5	 481.75
2706	 1800.3	 468.5
2707	 1826.3	 521.6
2708	 1846.7	 542.5
2709	 2829.0	 589.0
2710	 1840.25	 512.75
2711	 1855.3	 537.7
2712	 1883.0	 539.2
2713	 1889.0	 510.0
2714	 1873.75	 489.0
2715	 1962.7	 992.1
2716	 1874.25	 459.75
2717	 1886.75	 456.75
2718	 1825.8	 541.2
2719	 2033.8	 411.4
2720	 2036.25	 437.75
2721	 2009.25	 1003.5
2722	 1788.4	 418.6
2723	 1775.2	 381.0
2724	 1806.2	 410.1
2725	 944.25	 1160.75
2726	 1869.6	 454.2
2727	 1821.5	 928.0
2728	 1892.9	 528.3
2729	 2134.25	 438.5
2730	 2012.7	 517.7
2731	 1948.2	 486.1
2732	 1991.4	 505.2
2733	 2153.5	 418.0
2734	 1947.6	 461.7
2735	 1957.1	 425.0
2736	 1904.0	 414.6
2737	 2148.6	 399.0
2738	 1988.0	 461.5
2739	 1863.5	 938.75
2740	 1900.0	 961.5
2741	 2003.3	 431.9
2742	 976.05	 694.15
2743	 2006.25	 389.75
2744	 1517.8	 332.8
2745	 1574.0	 371.25
2746	 2470.25	 1105.75
2747	 1892.25	 897.25
2748	 1539.75	 1319.25
2749	 1591.0	 376.1
2750	 2047.0	 304.25
2751	 1600.5	 345.0
2752	 1599.5	 337.75
2753	 618.25	 624.0
2754	 2520.3	 1100.65
2755	 661.8	 629.85
2756	 1828.0	 873.0
2757	 1636.6	 302.9
2758	 1525.1	 234.1
2759	 2080.0	 291.5
2760	 1535.05	 225.05
2761	 1619.25	 291.7
2762	 1623.4	 248.8
2763	 1821.8	 780.9
2764	 1681.75	 365.75
2765	 1668.3	 350.6
2766	 1680.6	 358.1
2767	 1644.0	 290.5
2768	 2108.25	 297.5
2769	 1789.25	 1196.75
2770	 2128.0	 294.4
2771	 1845.5	 843.25
2772	 1636.3	 369.6
2773	 1696.5	 342.0
2774	 1715.75	 344.0
2775	 2429.7	 453.0
2776	 2153.2	 291.6
2777	 1731.25	 336.75
2778	 1739.75	 346.35
2779	 2188.5	 422.5
2780	 1704.6	 297.3
2781	 763.75	 633.25
2782	 1748.4	 315.0
2783	 1857.8	 824.7
2784	 2213.4	 408.6
2785	 1672.65	 227.0
2786	 2437.4	 1061.8
2787	 1713.9	 261.8
2788	 1701.75	 242.5
2789	 1715.8	 234.2
2790	 1713.6	 226.2
2791	 1726.75	 251.0
2792	 1710.0	 217.5
2793	 1529.0	 208.0
2794	 1558.0	 179.7
2795	 1972.6	 955.3
2796	 1532.1	 151.7
2797	 1540.8	 130.8
2798	 2248.5	 429.0
2799	 1582.75	 181.5
2800	 1626.5	 203.1
2801	 863.5	 379.0
2802	 1936.75	 891.75
2803	 1590.1	 170.4
2804	 1590.5	 165.5
2805	 1970.2	 894.0
2806	 837.0	 335.25
2807	 1210.7	 890.2
2808	 836.0	 331.0
2809	 1576.0	 82.5
2810	 1571.45	 53.4
2811	 1566.25	 130.75
2812	 742.0	 579.0
2813	 749.6	 567.4
2814	 1993.3	 907.5
2815	 1697.25	 203.0
2816	 1639.8	 150.1
2817	 1660.6	 163.2
2818	 345.4	 858.3
2819	 2165.1	 340.25
2820	 1687.75	 118.25
2821	 1651.55	 103.65
2822	 1667.9	 102.0
2823	 1643.25	 40.75
2824	 806.6	 628.4
2825	 1675.6	 66.8
2826	 1672.4	 72.4
2827	 2169.0	 298.0
2828	 1686.4	 40.8
2829	 1693.75	 42.25
2830	 1691.8	 112.8
2831	 1918.6	 773.2
2832	 1940.25	 792.75
2833	 1735.0	 59.5
2834	 2203.25	 282.75
2835	 1756.5	 340.0
2836	 1751.25	 344.25
2837	 1814.7	 377.0
2838	 269.75	 958.65
2839	 2285.0	 316.0
2840	 1846.25	 355.25
2841	 2244.8	 313.3
2842	 1852.75	 315.75
2843	 2265.75	 293.5
2844	 1803.0	 231.5
2845	 1812.0	 232.5
2846	 1795.25	 224.0
2847	 2015.0	 252.5
2848	 1817.75	 256.5
2849	 2031.0	 228.75
2850	 1871.5	 254.5
2851	 1889.2	 357.9
2852	 1603.5	 1223.5
2853	 1898.4	 314.1
