0	 2035.0	 2354.0
1	 1993.5	 2396.25
2	 1871.0	 2377.4
3	 1989.0	 2338.8
4	 2024.2	 2330.95
5	 4095.0	 2044.5
6	 2041.1	 2315.75
7	 2094.65	 2321.45
8	 2073.2	 2302.8
9	 2090.75	 2257.35
10	 2121.8	 2451.0
11	 1807.5	 2336.75
12	 2115.75	 2396.25
13	 2134.5	 2392.5
14	 2638.45	 3221.3
15	 2232.2	 2395.1
16	 2245.85	 2424.75
17	 2288.9	 2447.8
18	 4192.75	 2038.25
19	 2302.9	 2390.95
20	 2279.8	 2383.0
21	 2119.5	 2310.0
22	 2178.0	 2362.5
23	 2173.4	 2310.4
24	 3150.85	 2396.2
25	 2262.3	 2312.5
26	 2330.05	 2345.6
27	 2212.2	 2256.3
28	 5214.75	 1465.25
29	 2258.25	 2246.0
30	 1952.0	 2236.5
31	 5192.5	 1343.75
32	 1916.8	 2203.8
33	 1897.5	 2183.5
34	 2127.2	 2243.7
35	 2135.1	 2247.0
36	 2756.1	 3147.05
37	 2161.7	 2199.7
38	 1937.8	 2167.8
39	 1964.8	 2154.8
40	 3372.5	 2379.3
41	 1807.25	 2255.0
42	 1466.5	 3419.45
43	 2708.6	 3101.6
44	 3294.9	 2233.65
45	 2143.0	 2150.0
46	 5261.0	 1457.75
47	 1878.6	 2232.4
48	 3097.25	 1890.25
49	 2151.0	 2454.5
50	 2168.0	 2064.25
51	 2109.25	 2166.75
52	 2203.9	 2195.1
53	 2219.25	 2176.0
54	 3217.8	 2334.2
55	 2191.1	 2119.0
56	 4068.0	 1948.0
57	 2264.4	 2188.5
58	 2305.25	 2190.25
59	 5608.4	 643.7
60	 2278.2	 2130.8
61	 2287.6	 2180.0
62	 4141.8	 1966.2
63	 2462.0	 3067.2
64	 2502.25	 3058.75
65	 2239.8	 2025.0
66	 4068.5	 1939.1
67	 2308.5	 2064.0
68	 2442.5	 3041.75
69	 2330.75	 2047.0
70	 1965.2	 2404.2
71	 2496.45	 2667.3
72	 2495.5	 2603.2
73	 2463.0	 2570.4
74	 1207.8	 3220.2
75	 2419.8	 2527.5
76	 2403.0	 2533.0
77	 2370.2	 2472.4
78	 2357.6	 2435.4
79	 2408.6	 2462.8
80	 1321.4	 3230.0
81	 2476.1	 2513.9
82	 2493.7	 2461.3
83	 2579.25	 2631.0
84	 3310.55	 2570.25
85	 4612.4	 864.6
86	 1997.7	 2402.2
87	 3407.55	 2529.95
88	 2693.7	 2567.4
89	 2720.65	 3118.0
90	 2639.25	 2602.0
91	 2526.25	 2526.5
92	 2603.3	 2528.1
93	 3427.3	 2481.2
94	 2029.5	 2398.75
95	 2027.6	 2375.2
96	 5161.25	 1308.0
97	 5132.95	 1289.45
98	 2620.75	 2502.75
99	 2242.75	 2330.0
100	 2613.4	 2479.4
101	 2642.5	 2493.25
102	 2060.25	 2381.0
103	 2688.3	 2457.3
104	 2420.0	 2352.0
105	 3328.9	 2514.7
106	 1416.85	 3213.25
107	 2384.5	 2352.1
108	 5565.2	 877.9
109	 2518.6	 2388.7
110	 2463.0	 2335.6
111	 4090.75	 2055.25
112	 2419.25	 2320.5
113	 3740.0	 1895.5
114	 2787.5	 3137.75
115	 2354.75	 2266.0
116	 2423.9	 2316.1
117	 2413.45	 2237.95
118	 2580.4	 3040.8
119	 3543.6	 2551.6
120	 2572.0	 2391.5
121	 2597.7	 2417.9
122	 2577.5	 2414.4
123	 2593.7	 2334.0
124	 5161.5	 1234.0
125	 2672.35	 2415.3
126	 2699.6	 2381.5
127	 2598.8	 2221.9
128	 2643.5	 2264.0
129	 2699.3	 2287.35
130	 2647.8	 2259.9
131	 2615.55	 2241.0
132	 2726.25	 2667.5
133	 3754.6	 1851.7
134	 4697.5	 1679.3
135	 5053.1	 1121.8
136	 2778.55	 2680.65
137	 1553.0	 3451.8
138	 2829.5	 2651.25
139	 2904.3	 2633.8
140	 2826.9	 2619.8
141	 2834.5	 2607.1
142	 2874.8	 3104.2
143	 5083.4	 1100.2
144	 2750.0	 2541.5
145	 2932.8	 3083.6
146	 3291.3	 2339.4
147	 2829.4	 2501.4
148	 5047.0	 1002.0
149	 2011.75	 2210.8
150	 2989.25	 2654.75
151	 2915.0	 2604.0
152	 3010.8	 2610.8
153	 2974.5	 2578.3
154	 3035.7	 2680.45
155	 3081.6	 2611.1
156	 4780.7	 1114.3
157	 3065.8	 2681.3
158	 2981.0	 2549.4
159	 2922.05	 2514.05
160	 2938.0	 2441.0
161	 1593.2	 3469.25
162	 3020.75	 2509.0
163	 3046.8	 2566.4
164	 1590.8	 3469.6
165	 3082.9	 2538.05
166	 2729.75	 2395.0
167	 2103.75	 2445.0
168	 3372.65	 2446.15
169	 2711.1	 2323.9
170	 2750.0	 2348.0
171	 2794.9	 2312.0
172	 2842.5	 2353.5
173	 2852.4	 2309.6
174	 2750.25	 2283.5
175	 2725.6	 2259.5
176	 2710.5	 2208.5
177	 2725.0	 2211.9
178	 3779.25	 1754.0
179	 2871.0	 2200.0
180	 2895.75	 2461.5
181	 2891.0	 2366.5
182	 3014.75	 2393.75
183	 3046.5	 2380.75
184	 2813.2	 3062.2
185	 2225.4	 2395.6
186	 3048.25	 2296.75
187	 2901.1	 2276.4
188	 2930.65	 2263.2
189	 2968.8	 2238.2
190	 3586.95	 2512.3
191	 5207.5	 1299.0
192	 3076.3	 2270.7
193	 3069.25	 2233.75
194	 2283.75	 2438.75
195	 3404.0	 2785.25
196	 2398.8	 2175.0
197	 2398.2	 2149.8
198	 2348.8	 2127.0
199	 2378.1	 2129.1
200	 2384.4	 2107.0
201	 2460.0	 2204.5
202	 2540.5	 2161.5
203	 2436.3	 2112.3
204	 2484.4	 2105.85
205	 2891.0	 3037.0
206	 1553.8	 3225.4
207	 2418.8	 2052.8
208	 2236.0	 2387.6
209	 2372.75	 2030.5
210	 2381.5	 2020.5
211	 2419.5	 2041.75
212	 2417.8	 2038.05
213	 4118.1	 1878.3
214	 2474.8	 2044.3
215	 2911.25	 3028.0
216	 2535.9	 2051.3
217	 2491.0	 2023.0
218	 2486.5	 2012.8
219	 3613.4	 2463.6
220	 1597.5	 3307.25
221	 2652.6	 2185.9
222	 2686.0	 2182.4
223	 2608.0	 2116.25
224	 2614.25	 2112.5
225	 2759.25	 2181.25
226	 2698.9	 2131.9
227	 2139.25	 2330.0
228	 5173.1	 525.3
229	 2575.6	 2032.6
230	 2636.5	 2027.9
231	 2657.1	 2005.1
232	 2700.5	 2058.25
233	 2740.95	 2027.3
234	 2758.5	 2021.5
235	 3466.25	 2764.25
236	 2445.6	 1980.3
237	 2449.25	 1969.05
238	 2357.4	 1957.8
239	 2389.0	 1936.25
240	 1566.25	 3219.75
241	 2523.3	 1984.6
242	 2584.6	 1978.4
243	 2620.0	 1969.5
244	 2602.7	 1932.0
245	 2120.6	 2299.5
246	 2544.25	 1916.25
247	 2478.4	 2938.9
248	 2495.05	 1874.4
249	 2523.0	 1854.75
250	 5294.4	 1148.2
251	 4044.0	 1834.4
252	 2625.75	 1928.0
253	 5175.15	 443.65
254	 2613.5	 1805.0
255	 4103.25	 1816.0
256	 2689.75	 2000.5
257	 5199.75	 1098.25
258	 3452.4	 2667.6
259	 2765.75	 1953.75
260	 2768.4	 1950.2
261	 2712.0	 1921.1
262	 4082.5	 1793.0
263	 2764.75	 1901.75
264	 2775.05	 1892.6
265	 2660.2	 1853.6
266	 2735.6	 1860.8
267	 2651.5	 1787.0
268	 2759.9	 1850.8
269	 2318.25	 2325.5
270	 5190.25	 1029.5
271	 2787.9	 1774.4
272	 2821.4	 2183.1
273	 2815.5	 2150.25
274	 5214.6	 1014.6
275	 2808.1	 2076.9
276	 2428.5	 2565.6
277	 2871.7	 2125.3
278	 2860.3	 2129.8
279	 2886.0	 2188.1
280	 2912.3	 2189.2
281	 2956.4	 2132.7
282	 4277.4	 1840.7
283	 2828.8	 1912.6
284	 2984.0	 1759.0
285	 2903.3	 1924.4
286	 2879.75	 1949.75
287	 2971.2	 2169.3
288	 2958.2	 2052.45
289	 3007.35	 2073.05
290	 2081.9	 2957.05
291	 3031.0	 2159.1
292	 2299.8	 2988.6
293	 3070.6	 2143.4
294	 3097.5	 2048.0
295	 2986.0	 2005.0
296	 3678.9	 2385.0
297	 2957.25	 1961.5
298	 2988.2	 2039.9
299	 2986.4	 1969.8
300	 2987.3	 1933.2
301	 1080.0	 3120.75
302	 3031.9	 1943.3
303	 3055.4	 2017.9
304	 4470.5	 2042.25
305	 3042.0	 2039.35
306	 1182.7	 3109.2
307	 2085.5	 2914.75
308	 2118.75	 2933.75
309	 2822.2	 1907.2
310	 1951.8	 2182.1
311	 2850.25	 1804.5
312	 2925.8	 1804.8
313	 3526.9	 2630.8
314	 2833.25	 1753.25
315	 4470.0	 2009.2
316	 1979.6	 2187.9
317	 2853.25	 1741.0
318	 1167.8	 3074.0
319	 3509.4	 2599.0
320	 2797.0	 1694.5
321	 2183.5	 2127.5
322	 2933.6	 1759.2
323	 2079.1	 2236.3
324	 5216.1	 480.2
325	 2106.6	 2208.6
326	 2943.9	 1681.3
327	 2138.25	 2240.5
328	 3005.8	 1872.95
329	 2149.8	 2221.4
330	 2969.4	 1770.8
331	 2975.0	 1759.25
332	 4605.4	 2043.5
333	 3076.25	 1869.5
334	 5305.5	 1436.5
335	 3109.8	 1788.3
336	 5346.5	 1563.8
337	 2978.6	 1718.6
338	 1338.8	 3079.0
339	 2984.8	 1694.2
340	 2132.6	 2204.8
341	 2336.2	 2181.5
342	 3030.1	 1737.9
343	 3543.25	 2711.75
344	 2221.9	 2877.15
345	 2269.6	 2893.6
346	 3114.5	 2881.5
347	 4569.65	 1971.35
348	 3162.35	 2917.9
349	 3220.05	 2967.15
350	 3193.55	 2912.9
351	 5371.0	 1483.5
352	 3143.5	 2817.25
353	 3115.9	 2800.7
354	 3128.7	 2796.4
355	 3139.2	 2718.5
356	 3147.7	 2750.8
357	 3166.4	 2692.9
358	 5515.25	 937.25
359	 3192.75	 2753.5
360	 5405.8	 1455.6
361	 3250.2	 2897.4
362	 1412.4	 3140.8
363	 1419.75	 3145.25
364	 1444.25	 3159.0
365	 5527.25	 875.75
366	 1487.8	 3154.4
367	 4453.25	 1897.25
368	 3318.3	 2907.9
369	 3239.7	 2813.5
370	 4470.25	 1891.75
371	 3256.5	 2700.0
372	 3277.35	 2745.95
373	 3296.35	 2729.3
374	 1504.0	 3187.75
375	 3295.75	 2706.0
376	 3371.3	 2754.4
377	 3302.2	 2683.0
378	 3141.25	 2635.0
379	 3173.5	 2599.2
380	 3121.75	 2572.25
381	 3206.5	 2681.5
382	 3208.3	 2634.3
383	 3199.8	 2550.4
384	 3244.25	 2577.25
385	 3610.75	 2661.15
386	 3146.2	 2451.9
387	 3164.35	 2502.15
388	 3164.25	 2440.0
389	 3109.5	 2347.0
390	 3126.75	 2338.5
391	 3203.0	 2497.1
392	 3210.75	 2461.25
393	 2519.8	 2959.45
394	 2521.25	 2976.25
395	 3305.7	 2625.3
396	 3310.3	 2615.0
397	 3274.7	 2549.7
398	 3296.2	 2530.7
399	 3325.5	 2675.75
400	 3388.75	 2593.5
401	 3618.9	 2577.5
402	 3321.4	 2530.2
403	 3276.9	 2418.8
404	 3292.8	 2384.5
405	 3303.5	 2345.3
406	 3312.1	 2357.8
407	 3337.25	 2464.4
408	 3372.5	 2411.0
409	 2234.5	 2140.0
410	 3430.4	 2845.5
411	 3409.1	 2792.7
412	 2303.5	 1988.0
413	 2279.3	 2247.9
414	 3525.8	 2789.0
415	 3440.5	 2718.2
416	 3410.9	 2641.4
417	 3446.5	 2640.5
418	 3453.6	 2647.3
419	 3467.5	 2710.0
420	 3499.65	 2686.05
421	 2310.5	 2244.5
422	 3463.6	 2587.0
423	 3706.0	 2628.5
424	 3508.9	 2604.5
425	 3598.2	 2748.4
426	 3636.0	 2725.75
427	 2420.0	 2891.6
428	 5415.75	 1231.0
429	 5423.75	 1213.5
430	 2378.7	 2877.4
431	 3571.0	 2638.2
432	 3699.0	 2676.8
433	 3645.25	 2610.0
434	 3463.6	 2572.1
435	 4724.8	 1906.6
436	 3454.7	 2464.7
437	 3456.55	 2506.2
438	 3505.9	 2531.05
439	 2316.25	 2147.5
440	 3424.0	 2490.6
441	 3035.9	 2878.7
442	 3436.3	 2424.8
443	 3436.0	 2414.5
444	 3451.5	 2408.25
445	 3068.1	 1781.95
446	 3403.9	 2358.8
447	 3434.75	 2355.25
448	 3491.5	 2395.4
449	 3522.4	 2423.4
450	 3536.55	 2338.65
451	 4754.8	 1887.35
452	 1657.8	 3462.0
453	 3608.5	 2474.0
454	 5523.0	 1417.0
455	 3674.5	 2540.0
456	 2243.6	 2061.1
457	 3485.8	 2568.0
458	 3483.1	 2565.9
459	 3675.65	 2506.65
460	 3691.5	 2501.1
461	 2528.75	 2875.0
462	 3714.8	 2462.8
463	 2568.2	 3052.0
464	 3573.0	 2361.0
465	 5543.25	 1397.5
466	 3639.0	 2383.5
467	 3609.3	 2335.6
468	 2076.6	 2786.1
469	 1688.9	 2624.5
470	 3703.25	 2359.25
471	 4844.0	 1879.0
472	 4654.0	 1208.5
473	 3164.0	 2213.75
474	 3170.9	 2150.3
475	 3188.75	 2294.25
476	 2050.6	 2771.0
477	 3550.25	 2513.75
478	 5601.75	 1333.5
479	 5610.75	 1319.0
480	 3157.0	 2083.5
481	 3158.8	 2073.7
482	 3242.6	 2063.8
483	 3212.5	 2045.9
484	 3308.8	 2318.4
485	 4652.75	 1153.25
486	 5464.5	 1252.0
487	 3320.5	 2212.55
488	 3339.75	 2207.15
489	 3374.5	 2322.75
490	 2276.55	 2821.2
491	 3346.6	 2118.0
492	 3337.7	 2055.3
493	 3379.35	 2078.45
494	 3414.1	 2035.2
495	 3142.3	 1976.2
496	 3411.0	 2388.25
497	 3166.5	 1947.8
498	 3140.3	 1921.9
499	 3140.4	 1893.9
500	 3240.65	 1952.85
501	 5488.0	 1207.75
502	 3194.8	 1919.8
503	 3191.0	 1892.5
504	 3190.0	 1865.75
505	 3233.4	 1889.4
506	 4730.0	 1596.5
507	 3240.2	 1909.8
508	 3166.0	 1857.8
509	 2395.35	 2599.6
510	 3166.0	 1759.5
511	 3193.7	 1816.9
512	 2394.8	 2569.05
513	 3218.8	 1811.4
514	 3242.1	 1833.0
515	 5591.75	 1282.5
516	 1724.9	 3350.2
517	 3252.8	 1950.6
518	 3232.8	 1719.1
519	 2451.0	 2627.0
520	 2450.25	 2608.5
521	 3289.5	 1973.0
522	 3321.75	 1968.5
523	 3296.6	 1964.1
524	 4608.6	 1804.4
525	 1260.5	 2436.2
526	 3318.2	 1881.1
527	 3400.5	 2000.0
528	 1662.2	 3304.2
529	 3394.7	 1928.0
530	 3400.25	 1865.5
531	 3341.3	 1861.3
532	 3343.7	 1814.0
533	 3406.0	 1824.25
534	 2023.9	 2679.1
535	 2078.75	 2686.5
536	 5647.5	 1210.25
537	 4611.4	 1794.0
538	 3649.75	 1780.25
539	 3454.25	 2240.5
540	 4565.95	 1769.35
541	 3494.75	 2225.0
542	 3537.6	 2285.2
543	 3510.75	 2266.0
544	 3571.4	 2226.2
545	 3444.5	 2137.5
546	 3457.5	 2130.25
547	 3475.6	 2169.7
548	 3419.8	 2037.3
549	 1749.7	 3350.7
550	 2193.2	 2745.2
551	 1777.5	 3361.75
552	 5389.5	 1185.25
553	 5383.7	 1175.1
554	 3586.0	 2147.0
555	 3561.0	 2063.75
556	 3552.0	 2070.5
557	 5188.75	 904.75
558	 2594.35	 2565.9
559	 3620.75	 2246.5
560	 5355.9	 1115.8
561	 4668.0	 1727.4
562	 3679.75	 2235.5
563	 3679.25	 2204.5
564	 5413.5	 1136.5
565	 3711.7	 2187.8
566	 3657.0	 2166.4
567	 4724.75	 1800.25
568	 5474.95	 679.55
569	 2393.25	 2512.0
570	 3728.0	 2151.0
571	 4800.25	 1792.5
572	 3669.65	 2080.8
573	 3696.5	 2042.6
574	 3438.9	 1970.45
575	 3454.25	 1961.5
576	 1807.1	 3313.2
577	 3431.1	 1923.4
578	 4852.3	 1453.7
579	 3449.0	 1894.5
580	 3626.8	 2511.6
581	 5505.2	 679.5
582	 3426.1	 1792.3
583	 3425.2	 1762.6
584	 3558.75	 1778.0
585	 3629.5	 2020.75
586	 5419.25	 1142.0
587	 3594.8	 1863.8
588	 3656.25	 2005.5
589	 3724.9	 1953.75
590	 2460.0	 2835.25
591	 4831.0	 1853.5
592	 2457.2	 2517.2
593	 2452.0	 2482.0
594	 3577.0	 1759.6
595	 3711.4	 2521.8
596	 3722.75	 1856.0
597	 3705.75	 1794.0
598	 3183.75	 1801.5
599	 4841.4	 1774.0
600	 3740.75	 2606.0
601	 3762.9	 2598.8
602	 3762.75	 2536.75
603	 3770.8	 2536.0
604	 1915.4	 3401.8
605	 3817.8	 2609.6
606	 3799.75	 2585.75
607	 3773.8	 2390.2
608	 5465.25	 574.25
609	 3833.9	 2375.9
610	 1396.2	 3083.2
611	 3894.0	 2566.0
612	 3267.25	 1860.75
613	 3865.0	 2533.9
614	 3863.3	 2476.2
615	 5309.3	 989.35
616	 3928.45	 2431.15
617	 3861.5	 2376.75
618	 1969.5	 3409.7
619	 1794.2	 2736.8
620	 4028.05	 2480.45
621	 4020.7	 2450.4
622	 4009.25	 2443.25
623	 3978.5	 2408.75
624	 2553.25	 2545.75
625	 4021.75	 2372.75
626	 5494.2	 1067.8
627	 1889.8	 2612.6
628	 2586.0	 2561.0
629	 3774.55	 2288.05
630	 3747.0	 2263.5
631	 3794.1	 2243.4
632	 2658.0	 2669.5
633	 1942.25	 3400.25
634	 4841.2	 1726.4
635	 3891.0	 2322.25
636	 3831.6	 2232.55
637	 3863.0	 2229.0
638	 3786.0	 2166.95
639	 4679.4	 721.6
640	 2624.6	 2511.8
641	 3821.25	 2111.0
642	 4140.0	 2189.0
643	 3881.95	 2177.15
644	 3837.0	 2077.95
645	 3858.0	 2077.5
646	 3875.2	 2060.1
647	 4915.95	 1709.85
648	 3894.75	 2298.0
649	 4916.5	 1716.5
650	 2475.6	 2762.0
651	 3946.75	 2202.25
652	 3969.5	 2340.0
653	 3997.0	 2307.25
654	 2632.95	 2550.25
655	 4998.4	 1761.4
656	 4003.3	 2289.2
657	 4018.6	 2284.7
658	 4002.8	 2346.5
659	 3985.5	 2203.5
660	 3948.5	 2142.7
661	 5596.6	 1156.0
662	 3915.4	 2058.6
663	 3972.4	 2115.8
664	 2603.25	 2534.75
665	 3994.8	 2117.2
666	 5534.0	 1195.0
667	 4019.8	 2072.2
668	 5041.1	 1738.5
669	 4048.7	 2412.9
670	 4055.35	 2356.75
671	 4130.0	 2390.0
672	 2570.5	 2523.3
673	 4117.2	 2334.0
674	 4071.3	 2217.8
675	 4116.4	 2230.9
676	 5673.5	 1174.9
677	 2596.8	 2480.2
678	 4186.25	 2273.75
679	 4171.0	 2211.0
680	 2418.7	 2401.0
681	 4198.6	 2257.4
682	 2003.6	 3391.3
683	 4213.9	 2273.3
684	 2367.0	 3172.0
685	 4311.6	 2289.6
686	 4235.3	 2263.7
687	 3444.75	 2252.0
688	 4054.3	 2160.8
689	 4089.5	 2171.3
690	 2551.6	 2712.4
691	 2511.0	 2414.9
692	 2568.65	 2694.85
693	 2012.8	 3292.8
694	 4191.15	 2197.3
695	 2648.0	 2498.0
696	 4300.5	 2158.0
697	 4223.8	 2142.4
698	 4284.5	 2158.75
699	 4328.0	 2143.4
700	 2708.2	 2990.1
701	 4075.7	 2104.2
702	 1706.5	 3253.25
703	 4175.1	 2107.2
704	 4123.75	 2078.05
705	 2648.75	 2450.25
706	 2471.1	 2352.8
707	 4245.6	 2110.0
708	 4271.75	 2102.0
709	 4200.25	 2096.0
710	 4434.2	 2192.6
711	 2698.0	 2459.4
712	 4412.5	 2125.2
713	 4543.5	 2138.6
714	 4536.0	 2124.0
715	 3116.35	 2102.5
716	 4455.0	 2089.75
717	 4601.5	 2099.25
718	 2348.9	 2374.1
719	 2779.0	 2989.0
720	 3763.7	 2054.15
721	 3816.65	 2060.25
722	 3882.0	 2002.4
723	 3932.1	 2035.65
724	 5559.75	 1018.25
725	 2797.85	 2974.1
726	 3829.35	 1989.5
727	 3902.75	 1963.3
728	 3770.75	 1926.0
729	 1789.9	 3231.8
730	 3933.6	 1976.9
731	 3959.75	 1975.5
732	 3962.0	 1971.25
733	 4034.0	 1972.75
734	 5652.6	 1016.8
735	 4018.0	 1956.2
736	 4098.1	 2050.0
737	 2843.95	 3004.5
738	 4140.65	 2012.0
739	 4104.75	 1999.5
740	 4172.0	 1994.7
741	 4222.8	 1992.1
742	 5673.25	 1046.25
743	 4337.75	 1985.0
744	 4111.0	 1961.7
745	 4070.45	 1943.35
746	 4146.5	 1923.25
747	 2607.0	 2924.0
748	 5759.6	 1055.6
749	 4250.25	 1944.5
750	 4352.4	 1915.6
751	 3744.0	 1864.75
752	 3820.0	 1888.0
753	 3815.8	 2201.6
754	 3875.5	 1859.6
755	 2518.0	 2417.5
756	 4000.3	 1875.2
757	 4032.5	 1840.8
758	 3940.0	 1811.0
759	 3995.9	 1779.5
760	 4054.6	 1866.9
761	 3262.4	 2060.4
762	 4261.3	 1898.6
763	 4609.25	 1675.25
764	 4225.8	 1853.1
765	 4985.35	 1341.15
766	 4040.5	 1841.8
767	 3285.25	 2293.5
768	 4134.25	 1837.0
769	 4102.0	 1809.75
770	 970.75	 2421.25
771	 5768.5	 1006.5
772	 3507.2	 2380.6
773	 2640.25	 2857.0
774	 3336.6	 2317.6
775	 3338.4	 2318.7
776	 4523.25	 2050.0
777	 4487.1	 2015.9
778	 4640.75	 1619.5
779	 4553.4	 2021.3
780	 1737.2	 3129.4
781	 4620.25	 1566.25
782	 3312.75	 2316.75
783	 4526.0	 1980.25
784	 2409.0	 2317.0
785	 4660.75	 1690.25
786	 4592.0	 2003.25
787	 4433.5	 1937.6
788	 2403.8	 2286.6
789	 4466.0	 1889.8
790	 4523.3	 1962.8
791	 4501.0	 1922.8
792	 5067.2	 894.8
793	 4561.5	 1963.5
794	 4524.8	 1895.1
795	 4650.0	 2051.75
796	 2344.8	 2210.5
797	 4783.2	 1951.2
798	 3366.0	 2328.0
799	 4748.6	 1922.35
800	 4765.4	 1899.8
801	 4887.75	 1182.75
802	 4547.1	 1873.0
803	 3628.0	 2263.5
804	 4720.7	 1848.45
805	 5127.9	 857.1
806	 1751.95	 3062.0
807	 4577.25	 1774.5
808	 4612.75	 1798.5
809	 4622.2	 1750.5
810	 3415.8	 2242.6
811	 4766.4	 1742.6
812	 4798.75	 1734.0
813	 2469.25	 2253.5
814	 4836.8	 1868.2
815	 4889.6	 1778.6
816	 1821.6	 3245.0
817	 3346.4	 2144.4
818	 4818.0	 1758.7
819	 5195.75	 926.25
820	 1846.75	 3262.25
821	 1860.05	 3263.15
822	 5050.0	 1749.7
823	 4968.4	 1730.05
824	 5146.0	 878.4
825	 2967.25	 3006.0
826	 3419.25	 2212.75
827	 2974.6	 2990.4
828	 2881.0	 2940.4
829	 3340.25	 2115.5
830	 4216.8	 2150.0
831	 2943.6	 2930.0
832	 3323.95	 2050.35
833	 4602.4	 1428.0
834	 3341.8	 2042.4
835	 3101.25	 3006.75
836	 2293.75	 3086.5
837	 4417.2	 1512.6
838	 4743.5	 737.5
839	 2330.5	 3083.75
840	 1983.4	 3210.8
841	 5113.4	 769.4
842	 4645.6	 1666.7
843	 3110.4	 2955.8
844	 1858.8	 3146.0
845	 2869.5	 2918.1
846	 4665.1	 1649.4
847	 4687.2	 1650.9
848	 2574.2	 2283.6
849	 4613.0	 1500.7
850	 3135.25	 1927.5
851	 2602.75	 2270.75
852	 4547.85	 1432.3
853	 4644.4	 1535.8
854	 4668.8	 1543.9
855	 4650.9	 1447.6
856	 4699.75	 1446.25
857	 4636.3	 1428.5
858	 1842.6	 3084.7
859	 3466.8	 2015.6
860	 2800.75	 2509.15
861	 2896.5	 2876.2
862	 2886.5	 2876.75
863	 5212.75	 931.05
864	 1942.0	 3134.0
865	 5283.5	 972.0
866	 3161.6	 1862.8
867	 3659.8	 1189.2
868	 2696.75	 2241.75
869	 3006.05	 2883.05
870	 4638.5	 1352.1
871	 5281.0	 856.0
872	 2023.8	 3124.8
873	 3962.4	 1865.1
874	 3112.25	 2921.05
875	 4673.85	 1337.2
876	 4687.7	 1325.05
877	 4664.9	 1263.9
878	 1649.6	 3201.3
879	 4632.0	 1268.25
880	 2745.0	 2638.4
881	 3227.2	 1886.2
882	 3236.9	 1919.7
883	 4707.8	 1239.7
884	 3074.8	 2865.4
885	 4674.0	 1178.3
886	 5365.0	 937.0
887	 4683.2	 1140.8
888	 2732.4	 2612.35
889	 4745.25	 1689.75
890	 4922.25	 741.75
891	 948.0	 2974.75
892	 4747.4	 1601.8
893	 3230.4	 1857.2
894	 4840.9	 1639.8
895	 4836.0	 1581.5
896	 4782.6	 1514.9
897	 901.3	 2945.3
898	 4811.7	 1506.3
899	 2841.5	 2658.0
900	 4940.8	 1673.4
901	 4918.2	 1646.9
902	 4932.2	 1670.4
903	 2813.8	 2651.6
904	 4924.6	 1586.5
905	 4972.5	 1650.0
906	 5024.7	 1677.9
907	 4945.75	 1491.5
908	 4928.6	 1558.1
909	 4893.9	 1461.45
910	 4955.2	 1424.75
911	 2643.6	 2779.4
912	 5019.4	 1519.4
913	 2896.4	 2633.4
914	 1108.5	 3023.0
915	 4729.5	 1298.5
916	 4743.5	 1294.0
917	 4798.0	 1249.5
918	 4723.0	 1198.95
919	 2866.5	 2596.25
920	 2295.2	 2652.35
921	 4822.75	 1236.75
922	 1536.5	 2357.0
923	 5294.2	 733.4
924	 4930.5	 1405.75
925	 4916.9	 1316.25
926	 4942.2	 1344.5
927	 5032.8	 1414.6
928	 5037.0	 1360.75
929	 2188.25	 2646.25
930	 5318.75	 828.75
931	 4961.6	 1252.4
932	 3214.3	 1772.2
933	 4941.25	 1147.0
934	 3646.4	 1182.55
935	 5028.5	 1225.0
936	 5035.8	 1228.2
937	 2798.5	 2814.25
938	 2744.5	 2470.75
939	 870.5	 2859.25
940	 4641.0	 1401.0
941	 5308.0	 750.5
942	 956.4	 2826.6
943	 5336.5	 748.9
944	 3325.5	 1962.7
945	 5366.0	 709.75
946	 2608.5	 2733.5
947	 2754.3	 2389.7
948	 4684.2	 1412.3
949	 4691.1	 1121.2
950	 2911.9	 2516.45
951	 4677.0	 1313.75
952	 4666.25	 1270.25
953	 4715.8	 1114.0
954	 4718.1	 1075.15
955	 1098.9	 2837.3
956	 4764.25	 1072.25
957	 4695.5	 1036.75
958	 4748.0	 1063.45
959	 2926.1	 2663.2
960	 4658.9	 1076.0
961	 4641.75	 941.5
962	 5126.8	 579.0
963	 2978.5	 2662.75
964	 1227.0	 3028.5
965	 5093.95	 574.0
966	 4629.2	 1256.8
967	 1228.8	 3023.4
968	 4681.25	 983.35
969	 4689.35	 983.9
970	 4705.8	 923.4
971	 4696.5	 933.5
972	 4630.6	 1216.0
973	 2689.65	 2704.0
974	 3418.65	 1879.35
975	 3394.6	 1877.2
976	 4607.0	 842.5
977	 4662.25	 1213.75
978	 3016.25	 2607.25
979	 1406.9	 3034.05
980	 3929.4	 2326.2
981	 3400.25	 1819.75
982	 1458.75	 2909.75
983	 4670.5	 813.5
984	 4686.3	 699.8
985	 4707.25	 702.5
986	 2798.3	 2209.8
987	 2360.75	 3045.5
988	 4754.4	 787.8
989	 2952.0	 2825.2
990	 2928.25	 2804.5
991	 4649.0	 649.0
992	 1193.8	 2866.8
993	 2972.75	 2815.25
994	 4715.7	 670.0
995	 4739.5	 1647.4
996	 2903.8	 2803.8
997	 4772.3	 684.1
998	 3420.25	 2320.25
999	 4761.0	 601.0
1000	 5167.5	 567.5
1001	 4818.5	 1123.5
1002	 4819.6	 1043.2
1003	 4706.85	 665.25
1004	 4809.3	 982.1
1005	 1272.0	 2881.5
1006	 4815.25	 1041.0
1007	 4874.6	 1010.2
1008	 4909.25	 1055.75
1009	 4904.8	 1031.3
1010	 4776.65	 923.75
1011	 4806.6	 905.9
1012	 4851.0	 942.1
1013	 3445.6	 2256.7
1014	 4874.3	 929.4
1015	 1228.0	 2826.5
1016	 4885.25	 877.0
1017	 2922.0	 2508.8
1018	 3048.5	 2830.0
1019	 4968.4	 1059.8
1020	 4961.8	 993.2
1021	 4999.75	 1032.5
1022	 5506.8	 513.8
1023	 4993.5	 1005.25
1024	 5007.3	 997.5
1025	 4918.5	 936.0
1026	 1283.6	 2820.4
1027	 5173.4	 518.2
1028	 4956.9	 928.75
1029	 4972.4	 850.6
1030	 4946.5	 823.2
1031	 4993.75	 938.75
1032	 5249.75	 763.25
1033	 5037.25	 920.25
1034	 4996.65	 889.4
1035	 4990.5	 824.9
1036	 3504.05	 2283.0
1037	 4700.3	 967.9
1038	 4780.5	 635.8
1039	 4862.05	 721.85
1040	 4827.3	 643.8
1041	 4903.3	 681.2
1042	 4816.4	 636.2
1043	 4829.55	 575.2
1044	 4835.25	 533.5
1045	 5147.6	 1052.7
1046	 4868.2	 573.4
1047	 4901.4	 581.6
1048	 4903.0	 501.75
1049	 4765.1	 917.5
1050	 1407.5	 2849.0
1051	 4939.8	 721.8
1052	 4937.7	 729.4
1053	 4742.75	 1475.5
1054	 4981.0	 666.8
1055	 4976.4	 594.0
1056	 4940.7	 556.0
1057	 4755.4	 1435.3
1058	 847.0	 2790.0
1059	 2769.6	 2413.4
1060	 933.6	 2790.5
1061	 5044.6	 578.0
1062	 4656.7	 1691.5
1063	 853.0	 2769.5
1064	 5019.7	 555.6
1065	 5045.2	 502.6
1066	 5061.2	 1651.7
1067	 868.0	 2764.0
1068	 5324.0	 657.5
1069	 5124.7	 1643.7
1070	 5143.0	 1622.0
1071	 934.2	 2753.4
1072	 5069.0	 1450.75
1073	 976.3	 2813.9
1074	 5076.3	 1470.4
1075	 5099.6	 1420.5
1076	 5115.1	 1513.9
1077	 969.0	 2796.0
1078	 5160.75	 1463.75
1079	 5364.65	 652.9
1080	 5168.3	 1380.1
1081	 5204.8	 1638.0
1082	 5195.4	 1550.45
1083	 5302.75	 1578.0
1084	 5249.5	 1442.5
1085	 3490.0	 2038.75
1086	 5192.3	 1340.6
1087	 5226.75	 1389.7
1088	 5261.6	 1454.8
1089	 3961.25	 2273.5
1090	 3110.75	 2751.75
1091	 4893.25	 1685.75
1092	 5300.3	 1434.5
1093	 5269.0	 1349.0
1094	 3058.6	 2738.8
1095	 3569.5	 2183.1
1096	 4898.25	 1648.25
1097	 2836.8	 2366.2
1098	 2835.95	 2348.75
1099	 5174.0	 1303.75
1100	 5248.8	 550.8
1101	 5162.2	 1227.4
1102	 5070.5	 1142.5
1103	 5090.5	 1129.2
1104	 2988.75	 1695.0
1105	 5252.8	 535.8
1106	 5086.1	 1055.9
1107	 5096.7	 1035.5
1108	 3917.6	 1774.6
1109	 3586.8	 2136.8
1110	 2737.8	 2297.7
1111	 5206.4	 1295.0
1112	 5185.1	 1290.4
1113	 5193.9	 1222.6
1114	 4925.0	 1630.25
1115	 5254.4	 1268.0
1116	 5291.5	 1331.6
1117	 5293.2	 1283.8
1118	 2756.25	 2291.0
1119	 5202.25	 1093.0
1120	 5221.0	 1084.0
1121	 5212.5	 1038.25
1122	 5231.1	 1072.3
1123	 5286.5	 1123.75
1124	 5468.0	 1069.0
1125	 5278.5	 1060.9
1126	 5307.75	 1588.0
1127	 5387.25	 1505.25
1128	 5423.1	 1479.0
1129	 5381.25	 1420.0
1130	 5418.6	 1401.0
1131	 5324.0	 1358.0
1132	 774.25	 2644.5
1133	 5355.2	 1352.9
1134	 5327.75	 1206.0
1135	 5473.0	 1417.75
1136	 5369.8	 548.0
1137	 5345.0	 524.75
1138	 5468.0	 1287.75
1139	 864.5	 2632.75
1140	 5516.6	 1387.9
1141	 5534.4	 1400.2
1142	 5594.4	 1318.2
1143	 4877.6	 1499.2
1144	 5603.7	 1278.4
1145	 5508.85	 1277.85
1146	 5525.2	 1261.7
1147	 5551.25	 1251.05
1148	 5539.85	 1260.95
1149	 961.4	 2682.0
1150	 5486.75	 1200.0
1151	 3692.9	 2258.5
1152	 5321.0	 459.5
1153	 3781.3	 2282.2
1154	 5637.7	 1215.9
1155	 3666.2	 2240.6
1156	 5623.2	 1200.9
1157	 5318.25	 1198.75
1158	 5389.0	 1181.75
1159	 5406.15	 1176.3
1160	 1106.8	 2680.0
1161	 5422.2	 1187.6
1162	 3667.6	 2201.4
1163	 5453.0	 1174.5
1164	 2862.8	 2305.4
1165	 1161.25	 2808.0
1166	 5415.0	 1140.9
1167	 5520.0	 1141.9
1168	 5479.0	 1110.0
1169	 5484.5	 1115.5
1170	 5390.2	 1091.3
1171	 5465.75	 1008.25
1172	 5518.25	 1002.25
1173	 5397.1	 925.3
1174	 5579.5	 1101.5
1175	 1021.9	 2632.0
1176	 5590.6	 1074.0
1177	 4945.75	 1445.25
1178	 5700.5	 1175.4
1179	 5673.75	 1098.5
1180	 3841.5	 2319.25
1181	 5624.5	 1054.5
1182	 5583.6	 999.0
1183	 5613.75	 996.0
1184	 5748.6	 1055.35
1185	 5666.1	 1017.8
1186	 5461.75	 873.25
1187	 5727.9	 994.3
1188	 1151.4	 2771.0
1189	 5162.5	 993.5
1190	 5141.3	 945.0
1191	 5198.3	 923.8
1192	 5147.5	 874.25
1193	 5550.5	 983.0
1194	 5168.4	 847.4
1195	 5093.7	 819.4
1196	 5126.35	 805.95
1197	 5077.9	 716.9
1198	 5077.4	 706.2
1199	 3666.3	 2087.4
1200	 3651.8	 2069.6
1201	 5197.9	 838.7
1202	 5165.1	 761.0
1203	 5225.8	 965.4
1204	 5536.9	 902.2
1205	 5296.1	 924.0
1206	 5342.8	 977.2
1207	 5318.2	 900.4
1208	 5290.0	 846.0
1209	 1271.5	 2968.0
1210	 5214.3	 774.6
1211	 1432.05	 2812.2
1212	 3038.5	 2327.9
1213	 5278.9	 802.6
1214	 4748.8	 1309.0
1215	 5332.75	 744.0
1216	 5242.4	 731.4
1217	 5357.3	 781.7
1218	 5309.3	 747.3
1219	 4988.55	 563.5
1220	 5119.25	 689.0
1221	 5096.2	 628.8
1222	 5185.25	 601.75
1223	 5468.0	 849.5
1224	 5064.3	 545.3
1225	 5090.0	 556.8
1226	 5126.4	 559.2
1227	 4743.25	 1148.5
1228	 3439.25	 1983.5
1229	 3432.0	 1965.2
1230	 5163.8	 470.4
1231	 5160.7	 448.1
1232	 1218.8	 2753.2
1233	 972.7	 2588.7
1234	 5420.4	 789.4
1235	 5216.75	 532.0
1236	 5272.6	 661.6
1237	 5227.6	 582.8
1238	 1013.5	 2571.75
1239	 5288.6	 692.5
1240	 5331.3	 691.9
1241	 2923.75	 2234.5
1242	 5309.8	 572.1
1243	 5221.5	 502.8
1244	 5283.0	 526.7
1245	 5258.4	 548.95
1246	 1287.4	 2739.4
1247	 5339.4	 521.3
1248	 5317.0	 476.5
1249	 5319.7	 469.4
1250	 5358.1	 496.65
1251	 5375.7	 954.05
1252	 5395.0	 950.25
1253	 5388.2	 871.2
1254	 1153.75	 2673.0
1255	 4823.4	 1157.8
1256	 3477.8	 1912.6
1257	 5586.5	 885.0
1258	 3011.25	 2253.25
1259	 5472.5	 868.2
1260	 5385.1	 805.0
1261	 1268.0	 2871.25
1262	 5475.75	 793.0
1263	 5468.05	 795.05
1264	 5537.2	 831.9
1265	 5562.5	 834.75
1266	 5590.5	 829.2
1267	 5594.75	 797.5
1268	 1323.8	 2737.8
1269	 1262.0	 2663.5
1270	 5612.75	 943.5
1271	 5643.3	 935.3
1272	 5634.6	 891.0
1273	 5690.5	 887.25
1274	 5547.75	 789.25
1275	 1446.25	 2754.5
1276	 5773.6	 935.4
1277	 1177.55	 2647.65
1278	 5625.5	 860.75
1279	 1202.25	 2620.0
1280	 5596.5	 767.25
1281	 5630.7	 772.4
1282	 5679.4	 783.75
1283	 5670.9	 760.8
1284	 5711.5	 864.1
1285	 2737.8	 2135.7
1286	 5751.0	 848.1
1287	 5761.8	 819.8
1288	 5743.1	 800.5
1289	 5728.8	 866.0
1290	 1411.8	 2712.6
1291	 5424.0	 719.9
1292	 5397.0	 680.7
1293	 2393.5	 2181.7
1294	 2406.5	 2178.5
1295	 3424.4	 1795.0
1296	 5471.6	 619.1
1297	 3439.0	 1796.75
1298	 5527.9	 621.1
1299	 5387.35	 595.95
1300	 5417.7	 540.4
1301	 2403.75	 2146.5
1302	 1575.5	 3032.75
1303	 5524.45	 573.9
1304	 4724.55	 862.05
1305	 3129.0	 2085.3
1306	 1346.75	 2638.0
1307	 1370.25	 2640.0
1308	 5560.25	 734.25
1309	 5639.0	 899.75
1310	 5577.8	 712.6
1311	 4683.8	 1142.2
1312	 5633.8	 679.1
1313	 5660.35	 756.25
1314	 1651.25	 3034.5
1315	 5695.0	 711.25
1316	 5539.3	 641.6
1317	 5560.5	 650.8
1318	 5588.8	 622.7
1319	 5595.2	 606.0
1320	 5551.8	 568.2
1321	 5582.5	 571.5
1322	 1404.0	 2621.8
1323	 5603.6	 645.6
1324	 5661.15	 647.15
1325	 2388.2	 2106.1
1326	 1509.2	 2908.6
1327	 944.5	 2762.2
1328	 1260.65	 2611.2
1329	 5040.25	 1314.25
1330	 4670.8	 685.2
1331	 4913.65	 1273.05
1332	 3539.6	 1750.4
1333	 1342.25	 2611.5
1334	 2482.0	 2147.25
1335	 1705.8	 3037.4
1336	 782.5	 2465.25
1337	 1217.3	 2587.7
1338	 2544.75	 2098.5
1339	 2364.8	 2078.8
1340	 4999.5	 1281.1
1341	 2548.5	 3290.6
1342	 5633.0	 856.25
1343	 5659.4	 854.4
1344	 1563.5	 2878.0
1345	 5657.25	 813.75
1346	 2374.0	 2011.0
1347	 1569.4	 2866.2
1348	 962.0	 2733.6
1349	 3708.0	 1868.5
1350	 4452.0	 2136.9
1351	 3597.0	 1858.4
1352	 1668.8	 2863.0
1353	 2425.75	 1915.5
1354	 3579.25	 1753.75
1355	 1727.8	 2861.65
1356	 4832.0	 1059.8
1357	 886.0	 2535.5
1358	 2551.25	 2003.0
1359	 5713.4	 768.8
1360	 2593.8	 2174.1
1361	 3692.0	 1790.5
1362	 5780.25	 786.5
1363	 4769.5	 1174.0
1364	 4153.0	 2299.6
1365	 1886.25	 2963.5
1366	 3188.6	 2723.8
1367	 1933.9	 3039.3
1368	 3741.25	 2626.0
1369	 2692.0	 2119.75
1370	 5468.6	 615.4
1371	 4949.0	 1136.75
1372	 3762.3	 2591.5
1373	 2639.0	 2057.0
1374	 3787.4	 2562.8
1375	 775.2	 2479.6
1376	 3773.0	 2544.0
1377	 1610.5	 2416.75
1378	 1181.95	 2712.1
1379	 2671.5	 2028.3
1380	 2629.25	 2020.5
1381	 897.4	 2460.0
1382	 983.6	 2496.1
1383	 2635.25	 2036.75
1384	 5418.25	 550.25
1385	 4685.2	 1113.2
1386	 1040.25	 2501.25
1387	 3840.5	 2563.0
1388	 4660.0	 999.75
1389	 1871.8	 2837.4
1390	 4694.25	 1043.75
1391	 2694.3	 2005.4
1392	 1008.5	 2477.8
1393	 4935.4	 923.7
1394	 1080.4	 2472.6
1395	 2365.0	 1968.5
1396	 1186.5	 2562.75
1397	 1231.0	 2562.2
1398	 2011.5	 2937.75
1399	 1259.75	 2562.0
1400	 5502.4	 523.0
1401	 1955.0	 2837.2
1402	 2402.65	 1950.05
1403	 1202.5	 2523.0
1404	 4722.8	 1026.3
1405	 5621.7	 742.2
1406	 3673.0	 2533.0
1407	 5530.75	 703.5
1408	 3853.05	 2351.25
1409	 2522.7	 1977.5
1410	 3835.65	 2385.3
1411	 1504.75	 2564.5
1412	 4104.0	 2169.5
1413	 1465.75	 2550.5
1414	 4638.55	 937.75
1415	 4667.8	 970.0
1416	 1139.25	 2484.5
1417	 2601.6	 1936.0
1418	 3862.25	 2520.25
1419	 1283.25	 2493.0
1420	 1359.0	 2486.0
1421	 4725.75	 969.0
1422	 2514.8	 1898.2
1423	 1177.6	 2456.4
1424	 1209.5	 2469.0
1425	 5190.3	 535.85
1426	 5726.4	 684.7
1427	 2534.0	 1868.0
1428	 1366.75	 2511.75
1429	 5601.6	 651.8
1430	 2599.75	 1928.5
1431	 2628.0	 1923.6
1432	 4073.0	 2114.2
1433	 1687.75	 3406.75
1434	 2621.8	 1820.2
1435	 1440.0	 2472.9
1436	 5009.8	 1301.9
1437	 1505.8	 2474.0
1438	 2695.0	 1986.5
1439	 1611.4	 2750.8
1440	 4149.75	 2066.5
1441	 3956.6	 2386.0
1442	 3960.2	 2478.6
1443	 5723.0	 645.35
1444	 5608.0	 602.6
1445	 2547.4	 3200.0
1446	 5655.0	 598.0
1447	 5628.8	 571.2
1448	 4827.8	 975.2
1449	 2758.95	 1947.05
1450	 2763.4	 1976.2
1451	 3264.5	 2894.75
1452	 2776.5	 1953.5
1453	 1778.5	 2676.0
1454	 1408.5	 3408.5
1455	 2734.5	 1865.0
1456	 1417.75	 3370.5
1457	 1441.2	 3354.5
1458	 1236.25	 3269.5
1459	 1318.25	 3273.0
1460	 1826.8	 2820.4
1461	 907.0	 2379.75
1462	 1267.75	 3221.5
1463	 3059.5	 2160.3
1464	 1382.75	 3286.25
1465	 1395.25	 3250.75
1466	 1422.8	 3258.9
1467	 1454.8	 3223.0
1468	 1825.5	 2649.7
1469	 3766.8	 2334.8
1470	 1514.5	 3399.7
1471	 2725.7	 1850.5
1472	 1505.9	 3383.4
1473	 2252.3	 2638.5
1474	 2664.6	 1797.3
1475	 1617.0	 3430.6
1476	 1489.15	 3224.55
1477	 1559.75	 3216.25
1478	 5045.6	 751.8
1479	 1480.25	 3449.25
1480	 3742.0	 2268.0
1481	 1208.7	 3190.9
1482	 1195.2	 3154.5
1483	 1260.5	 3210.5
1484	 1259.75	 3187.25
1485	 1320.75	 3190.5
1486	 1291.75	 3166.75
1487	 2758.5	 1845.75
1488	 1040.5	 3071.75
1489	 1163.6	 3107.3
1490	 1145.4	 3084.4
1491	 4543.25	 2088.0
1492	 1211.2	 3060.4
1493	 1332.9	 3113.05
1494	 2778.5	 1758.7
1495	 1394.2	 3171.6
1496	 1439.2	 3197.2
1497	 1390.8	 3159.0
1498	 1983.25	 2786.75
1499	 1413.4	 3144.6
1500	 1489.5	 3142.75
1501	 1507.05	 3194.4
1502	 1619.6	 3137.4
1503	 1472.0	 3130.5
1504	 2802.4	 2150.2
1505	 3057.2	 2010.1
1506	 4666.8	 789.2
1507	 1605.5	 3119.25
1508	 1599.0	 3083.9
1509	 1512.25	 3065.75
1510	 1511.7	 3056.1
1511	 1569.75	 3063.5
1512	 1626.0	 3074.25
1513	 3056.0	 1919.5
1514	 1654.4	 3453.1
1515	 4803.0	 704.0
1516	 1631.65	 3410.65
1517	 1802.5	 2575.7
1518	 3863.5	 2223.7
1519	 2854.75	 2149.25
1520	 1721.4	 3445.7
1521	 4704.0	 759.0
1522	 1732.25	 3395.25
1523	 1823.4	 3411.5
1524	 1671.5	 3362.15
1525	 1678.5	 3339.0
1526	 1652.0	 3311.0
1527	 1636.75	 3299.25
1528	 1700.45	 3301.25
1529	 1745.0	 3346.0
1530	 4739.25	 844.75
1531	 1795.75	 3351.75
1532	 1758.7	 3321.8
1533	 1777.25	 3321.25
1534	 2843.7	 2107.5
1535	 1878.0	 3503.25
1536	 1871.0	 3475.25
1537	 1872.8	 3435.0
1538	 1940.8	 3506.85
1539	 3790.4	 2104.4
1540	 2017.5	 3493.5
1541	 1944.15	 3435.0
1542	 1980.5	 3444.5
1543	 1840.8	 3369.05
1544	 1896.0	 3385.75
1545	 1887.75	 3369.75
1546	 1901.2	 3359.7
1547	 1834.75	 3356.5
1548	 1839.2	 3295.8
1549	 2002.5	 2740.0
1550	 1894.0	 3303.2
1551	 1911.75	 3313.25
1552	 3828.6	 2133.1
1553	 1956.75	 3374.5
1554	 1924.5	 2726.0
1555	 1982.3	 3341.15
1556	 1981.5	 3317.5
1557	 2916.4	 2184.2
1558	 2913.5	 1788.4
1559	 2010.6	 3322.9
1560	 1639.55	 3263.35
1561	 2872.9	 2121.3
1562	 1707.4	 3241.4
1563	 4658.0	 689.2
1564	 1825.25	 3216.5
1565	 5103.1	 1699.25
1566	 2066.6	 3470.2
1567	 1705.0	 3154.0
1568	 1626.0	 3068.0
1569	 1689.1	 3086.1
1570	 1721.4	 3086.5
1571	 1725.0	 3056.0
1572	 1681.1	 3099.3
1573	 1752.0	 3125.3
1574	 1742.0	 3096.8
1575	 2732.4	 2357.4
1576	 1775.45	 3165.65
1577	 1744.7	 3050.6
1578	 2214.5	 2644.25
1579	 1807.75	 3080.25
1580	 1828.6	 3232.4
1581	 1851.4	 3251.7
1582	 1863.95	 3258.9
1583	 3861.25	 2102.0
1584	 1830.1	 3172.7
1585	 1831.7	 3180.0
1586	 2828.0	 1672.0
1587	 1866.7	 3184.2
1588	 1900.2	 3276.8
1589	 1906.25	 3248.75
1590	 2814.0	 1948.0
1591	 1971.5	 3202.9
1592	 1969.4	 3188.1
1593	 1901.6	 3164.6
1594	 1893.5	 3135.9
1595	 1864.0	 3111.25
1596	 1893.75	 3061.1
1597	 1971.2	 3089.0
1598	 1039.5	 3019.1
1599	 1099.3	 3028.2
1600	 1053.0	 2988.0
1601	 1079.9	 2998.5
1602	 1053.75	 2946.5
1603	 1116.15	 2954.85
1604	 1105.0	 2951.0
1605	 1164.75	 2926.25
1606	 3110.5	 1954.0
1607	 2213.25	 2612.5
1608	 918.8	 2889.8
1609	 924.25	 2898.25
1610	 950.3	 2883.1
1611	 947.1	 2866.9
1612	 970.6	 2888.95
1613	 1029.0	 2859.25
1614	 978.0	 2885.0
1615	 1053.3	 2893.6
1616	 1152.75	 2910.75
1617	 1128.65	 2892.8
1618	 1019.5	 2839.0
1619	 976.0	 2829.6
1620	 4038.1	 2323.4
1621	 1293.8	 2969.25
1622	 5155.6	 1411.9
1623	 1382.5	 2975.0
1624	 1467.0	 2977.5
1625	 1237.8	 2872.2
1626	 3018.5	 2189.25
1627	 1179.9	 2852.8
1628	 1316.1	 2836.6
1629	 4827.0	 1086.0
1630	 3964.2	 2246.6
1631	 1328.3	 2846.5
1632	 1462.25	 2846.5
1633	 848.75	 2806.9
1634	 852.6	 2798.2
1635	 1593.8	 2558.2
1636	 854.4	 2764.5
1637	 862.5	 2762.4
1638	 938.25	 2781.5
1639	 2088.5	 3273.2
1640	 4033.5	 2259.75
1641	 980.0	 2829.6
1642	 1004.25	 2817.5
1643	 999.5	 2793.5
1644	 988.55	 2776.0
1645	 989.0	 2764.2
1646	 1092.2	 2790.2
1647	 1090.6	 2799.7
1648	 3005.4	 2068.4
1649	 860.95	 2694.2
1650	 851.0	 2701.25
1651	 3014.25	 2071.5
1652	 972.0	 2740.6
1653	 3040.6	 2193.2
1654	 1058.95	 2736.7
1655	 1657.75	 2530.0
1656	 3953.8	 2158.2
1657	 1120.95	 2723.1
1658	 3941.5	 2142.75
1659	 934.9	 2683.3
1660	 1029.1	 2683.2
1661	 959.1	 2677.1
1662	 1164.0	 2813.25
1663	 1195.1	 2818.9
1664	 1193.25	 2807.25
1665	 1226.25	 2817.0
1666	 1275.0	 2817.75
1667	 2653.6	 3246.4
1668	 1147.25	 2770.25
1669	 1288.6	 2788.8
1670	 1249.75	 2761.5
1671	 1278.25	 2763.75
1672	 1384.0	 2807.2
1673	 1419.1	 2818.0
1674	 1420.6	 2810.0
1675	 1158.5	 2721.0
1676	 2135.8	 3253.4
1677	 2146.0	 3248.5
1678	 3937.75	 2111.3
1679	 1332.3	 2749.1
1680	 1327.2	 2748.8
1681	 1375.05	 2756.5
1682	 1435.75	 2745.75
1683	 1439.75	 2721.25
1684	 1359.15	 2685.3
1685	 1446.1	 2711.7
1686	 1580.0	 2970.25
1687	 1507.6	 2902.4
1688	 3092.25	 2051.75
1689	 1653.6	 3031.4
1690	 1651.5	 2967.0
1691	 1952.8	 2555.4
1692	 1753.75	 3017.5
1693	 1691.5	 2957.0
1694	 1721.25	 2947.6
1695	 1706.2	 2919.0
1696	 1495.6	 2893.0
1697	 1562.6	 2871.5
1698	 1550.8	 2861.6
1699	 3009.7	 1746.8
1700	 1696.25	 2852.75
1701	 1049.0	 2780.4
1702	 3706.4	 2348.6
1703	 1901.4	 3017.9
1704	 4803.9	 967.2
1705	 1900.6	 2527.4
1706	 1949.3	 3031.7
1707	 1964.75	 3030.25
1708	 2022.1	 3023.2
1709	 1922.9	 3004.8
1710	 2954.0	 1953.0
1711	 1957.1	 2966.1
1712	 1983.05	 2983.65
1713	 1807.75	 2932.0
1714	 1890.2	 2907.55
1715	 1899.75	 2908.25
1716	 1614.4	 2509.1
1717	 2970.9	 1921.6
1718	 1933.5	 2897.0
1719	 2022.5	 2867.0
1720	 5090.25	 1313.25
1721	 4031.6	 1888.3
1722	 1497.1	 2764.15
1723	 1561.5	 2777.7
1724	 3067.6	 2027.6
1725	 1707.5	 2808.3
1726	 1725.2	 2806.7
1727	 1662.5	 2778.0
1728	 1668.25	 2773.5
1729	 1526.3	 2740.5
1730	 4044.4	 2406.2
1731	 1598.3	 2743.7
1732	 4058.8	 2408.6
1733	 5064.8	 1200.1
1734	 1623.2	 2715.0
1735	 1693.0	 2720.3
1736	 1723.0	 2705.0
1737	 1786.25	 2814.25
1738	 1865.1	 2828.7
1739	 1869.75	 2800.25
1740	 1797.25	 2779.5
1741	 1759.4	 2763.9
1742	 3110.25	 2004.75
1743	 1841.8	 2792.8
1744	 1938.25	 2785.0
1745	 4106.75	 2336.75
1746	 1755.5	 2727.0
1747	 1826.25	 2725.9
1748	 1793.2	 2713.4
1749	 1827.6	 2490.9
1750	 1888.5	 2724.5
1751	 2007.5	 2745.25
1752	 2024.0	 2744.25
1753	 2073.8	 3482.55
1754	 2074.4	 3428.4
1755	 2059.5	 3388.75
1756	 2057.1	 3378.9
1757	 2123.9	 3423.2
1758	 2031.1	 3318.65
1759	 4918.0	 980.4
1760	 2821.25	 1863.0
1761	 2310.4	 3246.4
1762	 2126.25	 3330.75
1763	 2189.75	 3334.0
1764	 2188.0	 3264.25
1765	 4129.1	 2351.5
1766	 2832.5	 1911.3
1767	 2219.0	 3403.4
1768	 2412.4	 3352.5
1769	 2856.1	 1804.5
1770	 3846.3	 1939.5
1771	 5009.25	 1036.1
1772	 2392.0	 3306.8
1773	 3149.0	 3008.2
1774	 2141.85	 2564.6
1775	 2089.9	 3230.4
1776	 2131.75	 3219.75
1777	 2384.2	 3270.0
1778	 2137.2	 3221.4
1779	 2118.3	 3177.4
1780	 2138.4	 3247.2
1781	 2198.8	 2557.0
1782	 4640.2	 1664.2
1783	 2942.5	 1854.7
1784	 2211.4	 3198.9
1785	 2148.8	 3177.3
1786	 2247.0	 2570.25
1787	 2223.2	 3214.7
1788	 2039.4	 3050.0
1789	 2421.2	 3262.7
1790	 2093.25	 3031.95
1791	 2144.75	 3067.25
1792	 2205.5	 3070.3
1793	 5036.5	 1035.5
1794	 2169.45	 3027.7
1795	 2177.6	 3051.45
1796	 2257.3	 3227.4
1797	 2338.9	 3222.7
1798	 2287.1	 3197.4
1799	 2417.1	 3200.3
1800	 2375.1	 3182.65
1801	 2400.0	 3246.0
1802	 2228.4	 3126.55
1803	 2242.5	 3121.5
1804	 2246.4	 3055.9
1805	 2273.25	 3043.0
1806	 2298.15	 3082.0
1807	 4098.0	 1714.0
1808	 2329.2	 3032.8
1809	 2806.0	 1712.2
1810	 2338.0	 3077.25
1811	 2399.0	 3071.25
1812	 2412.0	 3120.0
1813	 4137.3	 2286.3
1814	 2342.5	 3028.5
1815	 2442.75	 3045.25
1816	 2031.5	 2493.4
1817	 4165.25	 2267.75
1818	 2258.75	 2240.5
1819	 2517.1	 3225.2
1820	 2837.2	 1692.4
1821	 4185.5	 2276.25
1822	 2532.8	 3253.4
1823	 2532.05	 3158.9
1824	 2112.3	 3183.05
1825	 2605.5	 3172.5
1826	 2583.0	 3179.65
1827	 2626.2	 3318.6
1828	 2617.5	 3303.5
1829	 2674.0	 3297.6
1830	 2670.0	 3288.5
1831	 2097.85	 3156.1
1832	 2687.0	 3271.75
1833	 4986.6	 820.4
1834	 2640.65	 3222.8
1835	 4991.1	 940.4
1836	 2722.4	 3242.5
1837	 2819.75	 3233.0
1838	 4992.4	 928.6
1839	 2707.0	 3201.0
1840	 2926.25	 1730.75
1841	 2692.5	 3209.0
1842	 5029.4	 936.8
1843	 2958.65	 1727.2
1844	 2520.5	 3103.25
1845	 2546.9	 3093.35
1846	 2579.5	 3094.0
1847	 2691.8	 3140.9
1848	 2743.9	 3143.3
1849	 2734.7	 3119.9
1850	 5007.2	 843.4
1851	 2658.1	 3079.95
1852	 2270.7	 2478.2
1853	 5017.6	 863.2
1854	 2523.6	 3036.5
1855	 2499.2	 3019.0
1856	 4241.6	 2301.0
1857	 2744.0	 3047.0
1858	 2701.5	 3060.75
1859	 2737.1	 3045.8
1860	 2209.25	 3164.75
1861	 2840.3	 3145.6
1862	 2833.75	 3103.75
1863	 4777.2	 723.8
1864	 2880.05	 3091.95
1865	 2844.0	 3077.75
1866	 4817.0	 791.95
1867	 2978.2	 3092.2
1868	 2859.6	 3071.9
1869	 2911.0	 3031.5
1870	 3005.8	 3083.3
1871	 2037.75	 3054.5
1872	 3078.25	 3053.5
1873	 2947.25	 3046.75
1874	 2971.0	 1775.5
1875	 2029.5	 3014.0
1876	 2090.8	 2999.8
1877	 788.75	 2429.5
1878	 2112.2	 2983.4
1879	 2040.6	 2970.3
1880	 904.75	 2441.0
1881	 2031.75	 2965.25
1882	 2148.25	 2984.0
1883	 3041.35	 1783.25
1884	 2209.9	 3014.1
1885	 2295.0	 3001.0
1886	 5079.5	 1605.1
1887	 2125.5	 2933.1
1888	 3064.7	 1876.4
1889	 2092.15	 2850.35
1890	 2125.9	 2885.7
1891	 2227.8	 2918.85
1892	 4569.4	 1942.5
1893	 3257.9	 2890.8
1894	 2146.0	 3077.75
1895	 3093.5	 1897.0
1896	 2257.0	 2874.8
1897	 2248.8	 2875.0
1898	 2390.0	 3007.45
1899	 2198.5	 3080.5
1900	 2323.7	 2965.95
1901	 3085.0	 1852.5
1902	 2212.5	 3073.5
1903	 1249.25	 2447.5
1904	 2494.25	 3009.25
1905	 4257.0	 2227.5
1906	 2550.25	 3007.75
1907	 2525.0	 2969.8
1908	 2547.4	 2969.8
1909	 2557.2	 2948.9
1910	 2338.9	 2909.5
1911	 2420.8	 2934.2
1912	 2378.4	 2905.5
1913	 2383.5	 2899.5
1914	 2402.6	 2903.3
1915	 4876.25	 657.8
1916	 2493.0	 2910.0
1917	 2461.6	 2874.6
1918	 2595.0	 2908.5
1919	 2135.0	 2828.0
1920	 5025.0	 1772.2
1921	 2025.2	 2750.9
1922	 2131.5	 2755.75
1923	 1246.0	 2433.2
1924	 2367.9	 3303.55
1925	 2194.5	 2805.5
1926	 2316.75	 2858.25
1927	 2246.0	 2780.5
1928	 2289.0	 2765.5
1929	 2794.75	 2914.75
1930	 2099.75	 2748.75
1931	 868.0	 2380.0
1932	 2036.75	 2688.75
1933	 2083.5	 2682.0
1934	 4819.6	 628.6
1935	 2191.3	 2687.45
1936	 2250.8	 2700.6
1937	 4055.6	 2179.0
1938	 2065.75	 3206.0
1939	 2982.05	 1692.35
1940	 2459.5	 2807.5
1941	 2497.6	 2838.8
1942	 5330.6	 1300.5
1943	 2567.0	 2846.3
1944	 2487.0	 2815.75
1945	 2500.7	 2787.4
1946	 2589.9	 2783.3
1947	 2336.0	 2743.5
1948	 2138.2	 3189.0
1949	 2391.0	 2718.75
1950	 2411.5	 2708.5
1951	 5470.0	 1193.5
1952	 2435.9	 2701.85
1953	 3051.2	 1719.2
1954	 2507.95	 2783.7
1955	 2513.0	 2754.5
1956	 4087.6	 2160.0
1957	 2565.7	 2712.1
1958	 4040.25	 2148.75
1959	 2643.1	 2999.4
1960	 2615.7	 2964.4
1961	 2728.5	 2982.5
1962	 3088.4	 1721.4
1963	 2782.25	 2979.5
1964	 2731.0	 2972.5
1965	 2788.9	 2971.6
1966	 2811.75	 2935.25
1967	 2653.4	 2922.7
1968	 2699.9	 2913.1
1969	 2620.8	 2883.4
1970	 2633.25	 2888.9
1971	 2703.15	 2858.4
1972	 2831.2	 2936.8
1973	 2723.0	 2851.25
1974	 2822.4	 2860.9
1975	 2913.5	 2978.75
1976	 2856.1	 2993.2
1977	 2974.1	 2995.6
1978	 2998.75	 3007.0
1979	 3016.25	 2983.5
1980	 2991.75	 2941.0
1981	 2997.95	 2935.15
1982	 4216.8	 2136.0
1983	 3104.2	 2962.9
1984	 1208.1	 2409.3
1985	 2910.8	 2902.6
1986	 2932.1	 2905.8
1987	 2894.8	 2881.4
1988	 2889.25	 2879.0
1989	 2145.25	 3121.75
1990	 2953.0	 2881.5
1991	 2949.2	 2863.7
1992	 3063.5	 2910.5
1993	 3029.5	 2873.0
1994	 3028.4	 2855.0
1995	 2721.0	 2813.75
1996	 2722.8	 2807.9
1997	 2654.25	 2768.25
1998	 2719.0	 2759.5
1999	 2768.0	 2851.25
2000	 2775.05	 2809.15
2001	 2836.0	 2843.9
2002	 2755.0	 2789.55
2003	 2303.5	 3085.0
2004	 2734.6	 2761.0
2005	 2592.3	 2741.1
2006	 3115.4	 2922.2
2007	 2667.5	 2738.75
2008	 3158.0	 2949.75
2009	 2690.75	 2688.95
2010	 2713.0	 2691.4
2011	 2747.0	 2747.95
2012	 2798.5	 2746.75
2013	 3152.75	 2910.75
2014	 2813.0	 2695.25
2015	 2851.5	 2700.6
2016	 1291.5	 2445.75
2017	 1505.4	 2326.55
2018	 2889.25	 2827.55
2019	 2894.1	 2804.9
2020	 2961.0	 2817.8
2021	 2943.25	 2800.75
2022	 1497.8	 2449.05
2023	 3008.4	 2830.0
2024	 1554.95	 2458.0
2025	 3085.3	 2823.2
2026	 3028.5	 2786.75
2027	 3031.25	 2792.25
2028	 3053.6	 2846.9
2029	 2893.6	 2691.2
2030	 2400.75	 3074.75
2031	 3028.4	 2760.3
2032	 3087.75	 2761.75
2033	 3101.7	 2750.5
2034	 3059.6	 2748.3
2035	 2999.85	 2711.35
2036	 3010.2	 2695.1
2037	 3102.0	 2711.0
2038	 2343.7	 3025.5
2039	 916.5	 2668.5
2040	 921.0	 2659.75
2041	 5601.0	 1327.5
2042	 2428.25	 3043.5
2043	 949.0	 2639.0
2044	 888.4	 2639.0
2045	 1534.7	 2431.25
2046	 1102.0	 2641.2
2047	 1134.7	 2629.0
2048	 875.2	 2608.9
2049	 875.9	 2625.6
2050	 820.75	 2601.0
2051	 1632.25	 2446.0
2052	 904.85	 2620.65
2053	 853.5	 2595.0
2054	 796.95	 2575.7
2055	 816.7	 2587.0
2056	 900.3	 2580.6
2057	 938.5	 2576.25
2058	 1875.75	 2457.0
2059	 1005.0	 2611.75
2060	 1140.5	 2621.25
2061	 5048.0	 693.4
2062	 1051.35	 2584.75
2063	 1187.6	 2673.0
2064	 1300.5	 2694.5
2065	 1302.25	 2633.75
2066	 1433.5	 2658.5
2067	 1349.05	 2627.5
2068	 4970.0	 601.8
2069	 1527.5	 2627.75
2070	 1250.25	 2602.75
2071	 1170.0	 2599.0
2072	 1250.5	 2596.5
2073	 1325.0	 2569.5
2074	 1367.5	 2618.0
2075	 1374.2	 2598.6
2076	 1376.4	 2587.2
2077	 1430.4	 2575.0
2078	 5009.0	 597.4
2079	 5649.75	 1233.25
2080	 767.0	 2526.8
2081	 960.95	 2562.15
2082	 1094.75	 2554.0
2083	 1106.3	 2540.6
2084	 1033.75	 2534.5
2085	 1012.1	 2516.5
2086	 1021.8	 2514.95
2087	 1093.25	 2697.75
2088	 798.0	 2475.3
2089	 1422.25	 2404.25
2090	 848.8	 2469.2
2091	 3200.3	 2768.5
2092	 979.5	 2489.5
2093	 1101.8	 2498.8
2094	 1394.75	 2402.6
2095	 1034.9	 2498.3
2096	 956.5	 2481.0
2097	 958.75	 2474.25
2098	 1005.0	 2482.9
2099	 1341.0	 2398.5
2100	 5039.5	 609.0
2101	 1116.45	 2461.0
2102	 1187.7	 2568.1
2103	 1247.5	 2566.25
2104	 1335.4	 2561.7
2105	 4457.0	 2143.0
2106	 1194.95	 2508.75
2107	 1422.9	 2565.6
2108	 1499.4	 2562.9
2109	 4725.4	 722.4
2110	 5372.0	 1118.5
2111	 1499.65	 2522.0
2112	 1353.0	 2569.5
2113	 1211.1	 2500.2
2114	 1280.5	 2479.5
2115	 5031.25	 543.0
2116	 1326.0	 2464.5
2117	 1374.0	 2499.0
2118	 1395.0	 2499.75
2119	 1533.8	 2502.0
2120	 1454.2	 2483.5
2121	 1452.5	 2473.25
2122	 1516.8	 2462.6
2123	 1623.8	 2669.6
2124	 1639.9	 2665.7
2125	 1754.5	 2636.9
2126	 5527.1	 1184.5
2127	 1791.3	 2664.8
2128	 1874.0	 2655.5
2129	 1786.5	 2638.4
2130	 1799.5	 2631.8
2131	 1860.0	 2649.8
2132	 1604.75	 2607.75
2133	 1684.75	 2624.0
2134	 1643.5	 2588.8
2135	 1670.95	 2584.45
2136	 1709.5	 2394.5
2137	 4478.25	 2113.25
2138	 1563.45	 2610.8
2139	 5111.9	 1638.5
2140	 1907.6	 2582.8
2141	 1933.3	 2581.5
2142	 1990.75	 2649.75
2143	 2094.0	 2667.5
2144	 2120.7	 2678.1
2145	 2001.75	 2637.5
2146	 3252.6	 2902.0
2147	 2043.7	 2627.3
2148	 1879.25	 2394.75
2149	 2160.4	 2676.6
2150	 2214.6	 2676.0
2151	 2279.0	 2652.3
2152	 2218.05	 2647.35
2153	 2059.8	 2611.15
2154	 5100.25	 1526.5
2155	 5123.5	 1654.25
2156	 4563.75	 2091.0
2157	 2243.0	 2623.3
2158	 2210.8	 2596.8
2159	 2219.0	 2580.6
2160	 2239.9	 2587.3
2161	 2339.5	 2578.25
2162	 1741.0	 2557.75
2163	 1707.6	 2561.4
2164	 1616.25	 2543.75
2165	 1620.0	 2513.0
2166	 817.6	 2374.6
2167	 1780.75	 2539.75
2168	 1938.0	 2557.7
2169	 1826.0	 2529.6
2170	 2635.2	 3317.4
2171	 1568.5	 2512.5
2172	 1667.6	 2508.0
2173	 1683.25	 2507.25
2174	 5138.0	 1619.75
2175	 1590.3	 2472.7
2176	 1651.0	 2480.5
2177	 1641.75	 2482.0
2178	 1718.8	 2491.4
2179	 1746.0	 2493.8
2180	 2665.5	 3304.5
2181	 5134.8	 1525.9
2182	 1908.65	 2479.0
2183	 2082.2	 2538.6
2184	 2152.0	 2558.5
2185	 2207.4	 2554.8
2186	 2287.8	 2569.2
2187	 2152.25	 2534.0
2188	 2153.7	 2526.6
2189	 2673.4	 3260.2
2190	 3868.5	 2037.5
2191	 2058.0	 2490.5
2192	 2111.25	 2497.5
2193	 1951.7	 2469.45
2194	 2188.8	 2516.4
2195	 2230.75	 2492.5
2196	 1486.0	 2374.5
2197	 3262.0	 2760.75
2198	 2266.0	 2518.4
2199	 816.5	 2451.3
2200	 907.3	 2446.0
2201	 918.0	 2451.8
2202	 3261.6	 2732.0
2203	 3795.75	 2001.0
2204	 935.4	 2445.3
2205	 1076.4	 2444.7
2206	 3252.0	 2703.0
2207	 1168.35	 2457.1
2208	 1029.45	 2431.7
2209	 1144.6	 2429.8
2210	 1065.5	 2420.5
2211	 1253.25	 2437.5
2212	 1255.6	 2433.9
2213	 793.5	 2409.5
2214	 877.05	 2414.05
2215	 818.7	 2418.6
2216	 802.7	 2404.6
2217	 936.4	 2396.0
2218	 903.5	 2401.5
2219	 957.75	 2387.75
2220	 974.0	 2403.4
2221	 1265.25	 2413.25
2222	 1143.7	 2409.9
2223	 2444.8	 3188.1
2224	 998.0	 2395.75
2225	 1094.15	 2408.7
2226	 1203.75	 2397.5
2227	 5103.0	 1370.75
2228	 1260.0	 2388.5
2229	 1131.5	 2399.5
2230	 5117.0	 1507.5
2231	 1389.0	 2446.5
2232	 1560.0	 2445.2
2233	 1361.85	 2448.2
2234	 1441.5	 2434.0
2235	 1588.4	 2446.6
2236	 3307.0	 2738.3
2237	 1712.5	 2432.3
2238	 1688.7	 2429.8
2239	 1290.5	 2417.25
2240	 1297.5	 2417.0
2241	 1355.9	 2404.9
2242	 1483.5	 2414.2
2243	 1391.0	 2394.5
2244	 1426.6	 2389.2
2245	 1612.25	 2421.75
2246	 1776.8	 2408.0
2247	 1835.0	 2406.5
2248	 1844.25	 2404.25
2249	 1820.0	 2400.0
2250	 1869.75	 2389.75
2251	 3126.8	 2614.8
2252	 898.4	 2382.6
2253	 847.25	 2376.0
2254	 851.5	 2381.6
2255	 1273.8	 2379.0
2256	 1464.6	 2382.8
2257	 1439.05	 2374.0
2258	 1635.95	 2366.15
2259	 3145.0	 2633.5
2260	 1594.25	 2375.25
2261	 1429.15	 2345.55
2262	 5670.7	 1006.25
2263	 3850.25	 1957.25
2264	 1588.0	 2300.5
2265	 1635.2	 2288.55
2266	 3835.15	 1936.1
2267	 1641.2	 2300.4
2268	 1726.5	 2362.5
2269	 1718.9	 2333.4
2270	 1731.0	 2323.0
2271	 2736.2	 3157.4
2272	 1833.0	 2349.75
2273	 1873.75	 2319.55
2274	 1703.75	 2290.75
2275	 1698.25	 2264.75
2276	 3930.0	 1985.0
2277	 5255.0	 1635.0
2278	 3232.4	 2591.4
2279	 1738.7	 2379.1
2280	 1802.95	 2225.55
2281	 1854.5	 2279.0
2282	 1825.5	 2214.25
2283	 1697.75	 2293.5
2284	 4032.25	 1980.5
2285	 3198.0	 2540.4
2286	 3959.25	 1990.0
2287	 2907.25	 3168.75
2288	 3872.0	 2407.25
2289	 1974.05	 2453.1
2290	 1970.5	 2410.25
2291	 1935.0	 2381.0
2292	 3251.8	 2575.2
2293	 3489.8	 2648.0
2294	 2030.8	 2441.0
2295	 3491.3	 2613.8
2296	 2025.75	 2369.5
