0 1018 4.19492437382 101.811514727
0 1019 6.54309204036 10.6539453049
0 775 7.34342050552 4.71699056603
1 904 4.58404001261 139.250042279
1 373 5.70055439029 51.045384078
1 318 3.93485776915 45.3392247437
2 474 5.12355733754 6.62745302914
3 16 4.84492674139 49.4607914922
3 1011 5.6476410408 16.5175511968
3 742 4.21667695506 70.8318524276
4 99 4.23096672325 20.0497521213
4 405 5.13428780169 25.6649755719
4 430 5.96693622085 46.2210721298
5 386 6.9504628885 31.6299052748
6 105 4.70424458319 97.2283275603
7 444 5.19258213043 2.78567765544
8 914 5.88302898147 9.11881459057
9 774 5.5958372488 141.611850505
10 424 4.60841551448 36.3653641595
10 418 3.94651786048 25.5396610399
10 766 6.30272578303 15.6556328115
11 731 6.84622136839 19.6350003628
12 162 5.45120070885 32.93668784
13 18 6.15176568851 53.0702676603
13 1006 6.03004435196 45.9523133949
13 70 7.4187313253 10.9310518374
14 734 5.03311165629 8.00462804305
15 160 4.42876949179 75.2731283585
15 164 4.005118774 105.679323928
15 767 6.11140288602 18.994964946
16 26 6.58943648064 12.3682752607
16 869 5.22032092672 36.2218038669
17 916 6.52102708817 4.80520551069
18 793 5.79303955838 46.668013897
18 123 5.36723104735 75.9346621162
19 378 4.59124920189 9.42694620682
20 664 6.85637946323 194.576329378
20 690 4.64153179551 130.771009531
20 847 10.0740685501 39.9700460324
22 24 5.86562794707 63.2385560986
22 123 6.00397678409 33.2344270542
22 101 4.8098011297 39.0951887941
23 24 6.39827957809 13.6060459509
23 105 4.80405568946 48.7851888159
23 29 5.84355977437 109.241251057
24 542 5.10523496744 55.3218974141
25 34 7.13495825938 29.0675089657
26 29 6.31178652009 72.8431965392
26 862 5.13910489552 48.9228539025
27 314 5.29928647721 12.1724029874
28 315 4.24016964438 29.7902378839
29 191 6.89573059062 36.770100757
30 952 4.802775383 6.68300082298
31 724 4.74997603515 69.6372905291
32 34 4.58075082989 60.5365266533
32 683 5.09738396573 38.1430875805
32 191 3.86639105837 65.6382978812
33 439 4.71635664235 62.2363350858
34 35 4.83082214434 6.85233135997
36 440 5.31901446073 41.6280088261
37 48 5.67697353834 13.9122375291
37 257 5.61627702604 88.4152124363
37 1019 5.32702308808 92.1900308768
38 437 6.54630280949 50.3701018473
39 257 6.00259526532 75.360657066
39 75 7.68755047104 8.64424834241
39 47 5.68300414653 98.5991514325
40 173 5.56769819135 50.1910555119
41 818 5.68857584145 31.7719331842
41 43 5.1458949772 172.15916752
41 831 6.33298621851 44.9940235565
42 486 5.96141491732 36.3840949461
43 83 5.73259051558 148.781129289
43 46 5.51871682264 91.1967271188
44 500 7.55715778941 10.0967672869
44 94 4.58739085843 76.6286358559
44 502 5.7750953128 33.4021679525
45 320 5.86713414701 62.8076568786
46 49 5.42061830502 59.5094000402
46 84 4.18634660237 51.4257289507
47 51 4.46308319677 25.9895435196
47 207 6.21774376013 82.0485812032
49 131 6.93596395506 22.8774413385
49 77 5.10370787969 26.2896571585
50 453 5.39811434185 65.2936505168
51 81 3.90597754728 27.9691690189
51 181 3.15576979897 20.589067162
52 505 4.32447576498 106.700649995
52 502 6.42431534436 20.5039604383
52 497 5.3483803822 103.626540868
53 332 9.06595507177 43.0626249568
53 334 8.04082693368 26.0165812512
53 214 6.64147987931 9.61747022235
54 56 4.32042522028 40.0738632621
54 464 4.89679880342 16.191957605
54 61 4.71241729905 35.6370838928
55 161 21.6795083102 34.5347180005
56 198 4.91421365738 5.64358042381
56 207 5.41185440916 46.0952270387
57 453 5.41547584534 3.89935892167
58 740 4.88945179896 5.99291495857
59 257 6.18971362673 17.8390853884
60 437 5.47594254683 19.397164605
61 414 4.19337007646 136.241346685
61 77 4.75294178888 55.4550059667
62 736 4.55776730628 30.0296503918
63 371 3.29783964377 46.6558291368
64 121 5.12835804664 13.2151210343
65 929 6.23909294892 35.1174044421
66 918 3.99636735785 21.5153900124
67 459 4.09243681062 12.6002825083
68 289 4.05693942439 12.9028706428
68 427 5.14621060048 148.909167959
68 71 5.61914596366 42.7379438116
69 601 4.50565648428 17.9601520977
71 283 5.60721496691 16.0880026828
71 435 4.26658280901 81.71158595
72 330 6.03560047985 91.146772447
72 772 5.65171085119 39.127388566
72 373 4.98965207036 82.6910273329
73 364 5.64560573688 151.109870727
73 541 6.93522262573 5.80452409763
73 294 5.1372424321 31.0838951758
74 146 6.12133285624 6.19607637716
76 226 4.82979664024 46.8918162133
77 78 6.80043119285 19.1705333586
78 89 5.45321564275 76.1565139371
78 79 5.28911600128 34.9669524816
79 319 4.03967985534 45.167375982
79 87 5.38850652959 46.578236122
80 304 4.35710576788 60.3931074071
80 83 5.72958288789 76.5713991302
80 191 6.25783381332 202.562128058
82 857 4.22558076165 16.0803566898
82 986 5.21934982766 95.1827724601
82 259 1.92534697855 7.06275195006
83 538 7.23968188354 40.0987524076
85 449 16.7762856943 16.9195405364
85 684 4.04274536538 31.151167679
85 669 14.0897492137 146.816935689
86 368 4.88170283844 98.4108179459
86 449 14.7666724023 75.1645835009
86 829 14.3059023196 81.6697411508
87 88 4.83568644565 16.9123962211
87 402 5.19258213043 2.65047165614
88 408 3.12548821821 22.064598497
88 401 5.07780042431 20.3265393425
89 152 4.51126556938 50.5711686403
89 93 5.0563475756 46.8430238049
90 635 5.08113861084 8.45990543682
91 660 11.1201152802 8.8056799851
92 320 4.35228538513 3.20156211872
93 454 5.71708047304 20.982678619
93 455 4.28540573636 9.29361932196
94 316 4.72603755506 73.9237712012
94 483 7.66227769852 7.64002617797
95 857 3.79587753765 15.9251142688
95 722 4.39390198353 81.2123005773
95 859 6.03553390503 11.1096804635
96 989 4.88846728245 67.3630830074
97 322 5.33904225459 9.89932312759
98 925 5.5064968205 13.1052651851
99 658 5.50503092847 19.3759514033
99 643 5.08087038617 51.0774985592
100 877 4.60379631496 49.3805721234
101 539 4.51167203144 16.8704583444
101 534 6.52102708817 2.70647372054
102 484 4.93574444207 244.132894459
103 123 6.81554156514 49.1733172193
103 619 4.72461040487 66.4531264183
103 108 6.78790822259 61.6758344893
104 176 6.03748304482 36.5340373586
105 106 4.23351092221 33.5345481999
106 116 5.04801287364 74.118373546
106 535 4.34262807252 32.8994611897
107 322 5.04890584855 69.61366075
108 111 6.65185775808 20.0814102422
108 110 6.13710448536 25.3280072121
109 112 6.37325508296 92.8803358646
109 616 6.03553390503 4.74605099003
109 585 5.53949841637 50.4133021648
110 956 6.81913094777 14.6732436599
110 919 6.81330193886 85.1458333138
111 608 4.85736877813 44.3999310953
111 135 5.01926206774 113.541940756
112 645 5.84841027523 5.71522532158
112 135 5.28296222533 42.5041739933
113 855 3.97356789353 12.4027343967
114 744 4.91546299623 52.3202188286
115 980 5.71178722382 3.90032049965
116 154 5.38816706606 81.0751460611
116 143 4.20005957808 75.1449446064
117 179 7.71301174164 3.51176593753
118 980 5.27358427016 5.18508530861
119 747 5.93757084205 12.3859609637
120 492 5.18980800455 28.3852765888
121 744 6.36313442132 14.6405017392
121 743 5.57937695479 41.5035289136
122 578 4.63273835749 176.343139648
122 403 4.71972838642 147.071570364
122 581 4.07402507821 57.9122292665
124 833 6.12668316811 43.2389157225
124 570 4.87427275288 11.7192262154
124 125 4.83900151819 21.7199743343
125 764 5.79894758638 6.48839880945
125 129 4.55334115751 51.5502841386
126 304 4.53122904738 93.8156209714
126 129 3.93436610614 32.1798543425
126 255 4.19107025659 11.6621393815
127 466 6.32069661698 15.4795302177
128 867 8.01116695489 13.2028478576
128 878 5.35840772858 100.968958877
128 870 7.32255280926 17.1364844585
129 746 4.69918294856 5.23021266774
130 526 4.73532399444 15.3283215036
130 517 5.25412926394 45.4054345983
130 494 4.39290100171 34.2774324839
132 758 5.10211367449 18.1239157315
133 749 6.90760947941 11.4541777911
134 749 6.91547584534 3.75
135 930 4.13396523892 14.4263347411
136 850 4.03669538383 6.94296199843
136 147 4.312923055 15.0601185124
136 138 3.98875946522 27.8787288555
137 710 5.82032587569 10.3154390029
138 928 4.96547915401 27.2426155558
138 835 4.23370212199 24.0258114439
139 538 6.90110356331 73.3908072492
139 179 4.22710012594 23.7233147904
139 188 6.4865817314 85.3122098149
140 326 4.328788577 17.2088028517
141 498 5.82127892897 30.1638353069
141 509 7.10555124283 3.66196668472
141 959 5.04151257824 73.2726232251
142 516 2.97418881606 40.2457393834
143 145 6.15308420921 17.0493651186
143 879 4.74073806717 22.7804858039
144 928 5.76449624264 18.4882648332
146 768 5.2273228755 58.7432350565
146 743 5.84020600009 45.481139427
147 941 3.93084719338 33.3484847403
147 911 5.10735624546 9.28572296489
148 954 4.5 3.80131556175
148 149 6.21167400673 6.80136146245
148 150 3.54393165748 23.2644433088
149 153 6.98961017616 16.5213167626
149 965 4.25070731264 36.8782338681
150 153 3.73869663655 36.0584350377
150 975 4.1723073232 32.1918527488
151 273 4.32347696771 33.8601914548
152 184 7.38340514797 33.4380836259
152 427 6.54374084817 121.673295042
153 170 6.64197552445 25.3682599974
154 155 3.52715208263 37.5807738601
154 679 3.87438810077 15.6358264685
155 984 5.28764255047 5.65278478066
155 156 4.17475599691 27.4238613438
156 170 5.1602140478 65.8849375806
156 164 5.63055092351 27.9491469143
157 232 5.33553887874 55.6337280049
157 617 4.7458689194 63.9395395092
157 186 9.09325411756 9.6398517674
158 297 5.22762375239 95.6640564352
159 188 5.16797135025 59.3577501148
160 176 6.29399297962 78.9269874689
160 174 6.46139403414 35.0454127992
161 825 39.6817765618 62.2429266166
161 663 19.3685150146 32.552918456
162 777 4.76476497266 129.320014412
162 218 4.77399853059 49.389243466
163 754 6.87972219366 7.03021498129
164 175 5.23850694652 102.115720143
165 326 3.98636311122 8.92203621089
166 520 7.09513899251 50.7790557218
166 593 8.41547584534 10.550473923
166 511 10.6547638435 43.3603832189
167 754 6.7638028036 12.8475829119
168 768 5.29310693445 56.2220353915
169 658 5.79142821297 26.3253866504
169 571 5.82842731476 5.25594901041
169 701 4.87110546162 111.040903601
170 527 9.38957908837 10.7720045177
171 942 5.01410182428 39.2514051485
172 813 4.15995897718 97.4686629895
173 174 5.89957748801 18.7094765348
173 175 4.95906182569 31.3185686718
174 176 5.06666585455 45.9026100796
175 557 4.84322898266 118.690089243
177 713 5.85486030579 3.38378486314
178 185 6.41547584534 9.12852671574
179 980 5.70388741422 13.8710071006
180 809 4.61054362707 25.2636261132
182 185 6.57895887459 55.8387284533
183 789 7.2943422002 232.356102671
183 630 5.58491429125 18.3899842113
183 629 6.64994953205 8.88409029638
184 413 5.21102443203 66.3362736957
184 190 5.60280182741 90.2188844307
185 218 5.13421995106 57.4310047099
186 724 5.21408540715 48.3346549845
186 799 4.67192775667 36.5030967716
187 912 5.30875773471 47.1343210704
188 756 5.66657250592 29.5966740773
189 617 4.52521175974 13.2771741639
190 756 7.93611999645 10.881176407
190 206 4.06279552584 12.6749292616
192 241 5.71284663542 57.6483329681
192 202 4.03444831471 67.0134039209
192 427 7.15541173932 37.4102258748
193 757 6.57856898004 10.8028739054
194 516 4.79695323822 44.9915527669
194 517 3.09379944398 74.8097182054
194 631 5.81751904901 5.53019850628
195 577 4.78981596097 57.6456486034
195 210 7.28114441405 71.0690882515
195 207 6.73388737035 381.495434417
196 208 6.88545212996 50.4566577733
196 241 8.53248796921 8.84844523224
196 245 3.41491865486 32.2370293256
197 944 6.2981338501 3.64005494464
199 620 5.46159014268 103.266066058
200 787 6.38213716963 16.8861124017
200 798 5.22207759818 60.2697614733
200 335 7.5560681287 14.1872760117
201 336 4.33690495288 47.6576758749
201 360 3.74046576046 10.4114863381
201 357 4.85220376188 19.520233729
202 286 5.65685415268 4.34165866922
202 623 5.17509154005 60.5445256958
203 240 5.5 7.15629093875
203 241 5.7249951722 19.8645118909
203 922 6.64255986094 8.81197866208
204 340 6.8754875953 14.2777275208
205 482 4.39068530126 69.6812550003
205 308 6.82060050964 3.26496554346
205 301 5.15154361725 6.64830805544
208 499 3.82838392834 47.3303207197
208 213 6.28353435469 35.1314852037
209 946 5.91719476164 19.2554828581
210 323 5.99030606812 17.4056741467
210 252 7.08732112685 101.586454406
211 763 5.10699990229 7.08298113039
212 352 10.3029256995 20.2795572953
212 333 6.85943883508 17.7697765262
212 365 10.1563071148 84.1193500336
213 337 5.6994248316 5.4856663978
213 244 5.63009112153 55.3512713533
215 391 4.15651994985 35.280694422
216 361 3.83649948602 57.0682122093
216 363 7.06563278604 10.2277054786
216 372 5.71442423232 14.147802049
217 949 5.96380306826 9.64282156111
218 227 5.12100353313 44.8859970592
219 376 5.41547584534 2.75
219 220 7.48822052382 7.2865075338
219 359 4.40495115231 16.7958011703
220 379 6.72371101379 4.45252737218
220 227 6.76336471379 23.639517217
221 949 4.96155647206 34.0439698827
222 224 7.23003845723 25.6438303223
222 756 8.93666807009 12.8828046581
222 383 4.65045662443 10.770834454
223 246 4.12132024765 2.92617497768
224 234 7.16544879921 90.3825757544
224 390 7.18180299922 8.76042236425
225 404 3.19693163603 50.6947177138
226 230 5.0092863442 96.8708593095
226 407 5.6485868185 28.118836007
227 229 6.20420097896 33.1618411253
228 618 4.52071383264 5.12854889231
229 420 5.34208467646 35.8643516161
229 230 6.68972197634 13.6974946412
230 358 4.35859672731 28.919232971
231 962 7.66805609878 23.4053946773
232 794 8.09751796722 7.98889854736
232 796 6.62955024631 24.485253543
233 618 5.55119850082 29.2283993003
234 625 7.34837236984 38.6821987483
234 620 5.8966686887 42.0041736064
235 625 6.29116776163 26.9288883312
235 842 5.70160770416 6.21952570539
235 237 4.58466455548 94.655134565
236 338 5.36261071324 11.3067427587
237 493 5.6644069341 24.6488084885
237 711 4.59026987997 58.2966147597
238 953 4.51614111094 10.4981141705
239 962 4.53011264615 36.2946635981
242 953 6.53553390503 5.1171281008
243 622 3.88030946875 8.21099329391
244 248 8.35704517365 5.1560643906
244 521 9.13945327799 11.5507543544
247 782 5.04589593524 33.617742979
248 341 4.64762758708 78.5438352179
248 253 4.33298489333 54.6793376799
249 561 7.40239141848 25.6415188859
249 491 4.86959189035 60.9079517266
249 550 5.58989416918 20.5412797967
250 681 6.11984167959 98.9586595952
251 955 4.38759505637 35.0542065054
252 664 7.5765312359 146.959584773
252 582 4.62731763154 10.3942291681
253 893 4.56942649651 39.7867098844
253 575 5.40055765827 34.4190516756
254 627 5.15419229365 16.8827854622
256 483 4.9833405995 7.10442218312
258 778 4.2944478121 88.0717830945
260 312 4.72097422134 118.787024902
260 261 6.15665095822 18.5165156432
260 662 5.68373281917 114.089943521
261 268 5.60355929523 29.7782799534
261 273 4.65625076337 57.4476642969
262 529 10.1399619498 29.7886607601
262 693 7.65526485443 5.46465918425
262 670 5.48645902175 26.4144668583
263 266 5.90373253306 36.6767428323
263 644 6.72371101379 6.15325117316
263 662 4.03974646742 31.0449251893
264 340 7.87011689757 23.7651530607
265 266 7.44065856934 7.00071424928
266 648 5.1520460505 67.7780397361
267 788 4.28685322428 4.06299550981
267 790 6.11591980564 20.6426256962
267 878 5.70373946796 98.989448049
268 700 5.24123829934 36.8039873058
268 270 8.17712688446 8.22921624458
269 577 5.59016990662 9.15860251349
270 776 4.41718116873 61.4270390122
270 882 7.96387386322 4.36806593357
271 824 6.23315382685 9.89949493661
272 623 4.29471769698 83.6142750583
273 726 5.9796513285 9.55973567769
274 789 6.79956546541 10.618296194
275 414 6.85786255721 6.2085273818
276 697 8.06415061195 5.71048175371
276 694 6.28207731302 60.4577632707
276 833 5.65370809732 26.6528898645
277 450 18.8836486306 153.967135764
277 883 22.8993664147 13.5902702171
277 989 8.01221025068 69.7769590063
278 312 7.7654693438 228.046888365
278 942 8.23882976948 37.732966953
278 279 5.07987015654 38.113616437
279 400 7.67949322497 16.0271519193
279 290 7.16368755154 63.7425431258
280 332 5.20772956556 168.195753922
281 400 4.78483861724 74.6940228318
281 970 7.94224880547 51.2801335499
281 942 11.4059619904 6.32455532034
282 996 7.25128682106 8.36300150117
284 880 5.41177052278 12.0713591973
285 880 6.24120839704 11.8266684712
287 374 4.47144484173 98.6767240538
288 776 6.42761379254 53.398936795
288 810 7.70804581275 23.7302549502
288 732 6.67586496327 18.4948123313
290 817 7.99112892151 6.49191805247
290 307 6.30326746868 134.945794914
291 961 4.89705793289 5.27937446582
292 779 5.7015619278 4.03112887415
293 734 4.24985537291 57.9199440228
295 865 3.78589700652 47.7267245734
295 315 4.49996517439 65.9601396447
295 318 5.73385359117 81.4858879748
296 547 12.4253928518 29.203514193
296 804 5.6149920195 31.7221635033
296 411 12.1571208518 49.4258974664
297 881 5.41772688333 44.3092207448
297 887 5.6669269731 84.124038333
298 653 5.0787993091 87.0375441841
299 963 4.25995609779 60.139751645
300 520 7.59379274568 85.4186918709
300 633 7.86090114317 14.7449143775
300 753 7.93009699121 159.688482187
302 794 5.02470683092 7.03495825792
303 968 6.95750494289 8.81080643208
303 881 5.1383885558 33.5616252085
303 306 6.77582991482 27.8005041783
304 709 4.78557777405 3.40147027034
305 881 10.7914753709 10.2712681968
305 321 5.16739259116 140.357578049
305 983 9.09016990662 8.86848352313
306 418 3.78333622713 30.2265091246
306 998 4.387599908 26.3917309907
307 321 6.05254335985 47.5756673711
307 467 4.23675427357 34.8830873899
309 1016 4.91204111267 16.7947936606
309 467 6.97415272218 35.0279335283
309 854 7.20071740942 18.2849181076
310 313 2.23606801033 2.41660919472
311 672 7.0953123382 40.6624839814
311 698 4.28854315478 15.4632382593
311 597 6.63341222109 103.532008188
312 929 8.25706624901 24.2654959277
314 320 4.76873586268 41.2947535743
314 467 4.25039498702 58.2787309034
315 853 6.66490904482 46.2083791487
317 577 4.87596474529 30.9835527915
318 322 3.96870866723 41.3371637553
321 421 5.5340080519 74.0532130235
324 325 7.44140833515 41.2879215114
325 825 5.05343653259 153.609949468
325 899 5.88764693249 70.3711198874
326 328 4.99129491057 16.70868358
327 832 4.4150574719 15.5304651065
327 718 5.20805700303 14.7964756631
327 719 4.76173461217 39.6422098383
328 970 10.2231081617 23.2597132315
328 973 9.31534426711 31.2906618071
329 977 5.86777661 48.704879226
329 330 11.0901699066 7.31864058415
329 331 9.94647259305 33.0615303747
330 973 10.1723177752 42.6212668518
331 338 4.22763046291 51.9616609139
331 332 9.26292808511 61.0654855615
334 992 5.17511443049 46.4728827957
334 336 10.7698860784 29.1221069476
336 348 11.0573539072 125.649579298
338 340 5.32768999896 26.4331640115
339 716 5.66930259662 99.5098381556
339 606 3.47418407225 34.5847210532
339 830 4.82914161522 83.1216420806
342 638 7.18979981074 9.16852492235
343 772 3.94985241978 54.366314601
343 462 7.1459275234 18.8921483304
343 751 5.83961717996 6.00925600094
344 906 8.5276927948 7.77126115891
344 995 5.22536779727 39.2706834843
344 901 3.90342958042 49.3425665247
345 354 5.6671037674 5.48292804987
346 967 3.98771172514 9.18509208391
347 811 6.69214844072 53.9536969945
348 352 8.12310600281 58.527130461
348 994 5.95218561372 163.103508801
349 377 4.03102033663 42.5251898178
349 404 4.21833260253 54.7144731346
349 350 4.48843621757 14.5970896599
350 388 5.07798879975 114.167664854
350 389 4.35915168415 33.9359416532
351 791 6.2148748829 10.9037594138
352 369 6.67194702457 75.7284766057
353 650 4.8165563973 20.7427645698
354 355 5.14916304797 45.0548830162
354 919 7.31215816169 123.254676103
355 365 10.9094705544 15.9783553235
355 670 11.3819407177 129.940422179
356 643 8.5 6.92603782837
357 392 4.73048678659 50.0632797665
357 996 7.36901398285 10.6083941836
358 760 4.0 4.266438796
358 868 5.17225894042 113.044393003
361 395 5.91398231016 61.4103445184
361 366 6.85290610313 6.70868207344
362 495 4.40182966368 25.1441671718
364 568 4.74191284465 56.2075434788
364 952 4.41921813398 43.3713146434
365 441 4.10221031874 88.9313923807
367 388 7.59837113164 8.04207668752
369 682 5.81784594465 19.0526157074
369 431 7.68420300295 56.0446613375
370 496 4.55718998444 15.4830123725
371 715 3.06153596889 42.176915977
371 845 4.39451761455 31.7045369448
373 382 4.94226257374 74.8369804259
374 479 6.5 4.0354677548
374 772 5.13095123233 48.9729122075
375 378 5.42641506805 14.3726467137
375 533 5.26891008997 22.5195905343
375 861 5.03858975774 60.7638152324
377 861 3.50158252542 18.1352780162
377 543 6.65445227479 4.69828242795
378 381 3.82861554443 93.0098163857
380 538 4.89107805007 23.4227196774
381 481 3.71369602408 10.3993838916
381 562 4.18739912144 28.876713384
382 387 4.75413513184 2.26384628453
382 558 5.96550829801 26.6902884053
384 598 6.35062700278 29.125754313
385 798 9.7873995054 6.34079552012
386 888 4.78219807518 94.7236234523
386 916 6.51416240045 30.361380595
388 475 4.31867876526 54.1252467322
389 613 6.70571851206 10.6354945914
389 391 5.82373962585 56.4336602448
390 396 5.66227769852 2.79508497187
390 397 4.74341678619 6.97316284049
391 696 5.88868412309 13.3920965512
392 394 6.6289362277 17.641148943
392 628 6.69258213043 6.0141499815
393 967 4.96802556157 92.5201705685
394 666 4.46703269542 81.335595152
394 395 3.08667919932 35.6364296601
395 876 6.07775354385 4.11946598481
398 650 6.00969359997 3.34205492218
399 905 5.31095181694 87.4151657921
400 815 9.70767265912 24.2270150447
403 485 6.04622178175 65.6249766178
403 431 6.48824129548 32.5899605888
404 431 4.11811321156 118.249203579
406 653 4.48378890363 63.8343342322
410 801 6.20305550438 8.38445574422
411 417 11.4346368779 39.122458119
411 598 4.25143140475 51.1889144599
412 727 8.77200126648 5.09828402504
412 581 6.72548546603 33.4857606788
412 687 5.86532347628 88.3403208573
414 695 6.04395484924 4.29330874734
415 981 6.80788660049 3.00416377716
416 981 6.30788660049 6.64266512779
417 660 12.3564685939 137.565557523
417 557 5.53496315712 33.7410118718
418 563 3.35758595972 24.9640548802
419 424 7.29359796512 27.7524233543
419 785 9.18912696838 6.2339794674
419 940 7.63129527677 129.973594401
421 423 5.79243012234 34.6034435537
421 807 3.85698356749 27.0925856076
422 423 5.41920360452 47.7164187561
423 609 6.04993267736 33.2320417542
424 425 9.63293167334 28.7641021067
425 563 3.73453956508 49.952265298
425 428 6.87084166114 35.3577431406
426 658 8.30313110352 4.91350180625
428 856 10.7008771896 5.75
428 673 5.34504453746 41.6898042505
429 801 3.97083712056 30.1468480664
432 500 6.5 4.03608721412
433 978 5.85486030579 4.46010089572
434 649 4.82846157725 53.1540713407
436 773 5.32842731476 3.57945526582
437 900 6.65643999946 31.7116963047
438 471 7.60250951099 16.2058448751
438 805 4.30303873861 28.4191719306
438 463 4.40235668725 40.746062277
439 440 5.70462419725 78.7785240197
439 609 5.89172536693 104.723526027
440 456 5.32648506904 106.442141464
442 515 5.00579577703 14.0965584284
443 649 4.95161753187 83.3329558888
444 976 3.77627503669 13.9444245073
444 445 5.75560601017 26.733351016
445 448 6.63067531871 69.5432019766
445 704 7.13236271363 46.6936023455
446 448 6.00877605419 11.8514098774
447 504 6.74951912059 15.1115254319
448 466 6.85536231884 141.170867892
449 852 6.17210290072 87.0428035857
450 518 12.9526557922 19.3729837661
450 838 19.0737236208 35.7428040653
452 517 5.23118909236 84.8658459029
453 805 4.06016578221 36.5192274705
456 805 4.95506027395 47.1292959223
456 471 4.97173463595 72.909018047
457 759 5.71643315829 15.098909585
458 945 6.1280882159 22.1082903564
458 939 5.38811796308 48.7566875143
458 460 4.47212387545 37.1258452019
459 1000 5.72982977041 6.45506174185
459 715 6.5556640625 3.75
460 480 5.38328312392 32.7239251849
460 855 4.04783689562 20.7272272608
461 743 5.47452764532 13.9782697165
463 465 6.22794399704 58.3618059404
463 471 5.59569804225 21.1272294916
465 497 5.00047889587 65.8920527494
465 855 5.50492740022 16.6705536499
466 504 7.60961955264 253.374764367
468 814 4.73834285182 11.0191626681
469 508 4.33723677722 29.0553832115
472 1017 3.8643283844 20.8865985742
473 623 7.0231787736 5.76126842339
474 611 5.28499063219 96.276026231
474 731 4.24884192412 27.7945112504
475 913 4.43434711246 99.6118635511
475 950 4.82926799941 38.7680711281
476 763 5.19881929179 13.2885273995
477 816 4.78717805323 18.7922480145
478 545 3.61575707713 46.9064999283
478 725 5.0011056206 57.0006462377
478 573 4.57766877717 12.5930309728
480 962 6.51552455769 41.9178483836
480 495 8.14776515961 6.01040764009
483 604 5.59055503365 10.8584276303
484 765 4.78492311446 45.742436423
484 757 6.65524994607 17.6536475883
485 729 3.85476858236 15.5979858087
485 489 6.62328696812 74.2748453012
486 728 6.10753547789 183.25737053
486 747 4.99953005695 36.5402644167
487 502 6.44653847592 16.0574247448
488 589 4.77093022367 69.3641591743
489 500 5.32994777741 143.182466742
489 494 5.67837461183 96.113936295
490 839 6.2519691662 61.3922769311
492 1012 4.6450220347 29.7286881487
492 932 4.26376288772 35.9272330937
494 738 5.26911586692 171.515055595
495 496 5.23366152845 17.9825537169
496 497 3.84250705701 37.0836688667
501 511 6.21750213714 16.3420856373
503 676 7.66535043 6.92431372104
504 505 10.3296548364 12.2386690547
505 512 7.40135723247 125.504859775
506 920 6.56928681406 6.63477295974
507 524 4.6130029874 54.3917695247
508 512 4.9906765063 32.5790411387
508 773 3.40983751767 56.3874093654
510 997 7.15089222868 8.87326351028
511 512 7.74356735118 34.5737627146
513 847 9.56197929382 6.94622199473
514 847 10.1568546295 6.35708266424
516 528 4.29349420436 37.1392489845
519 920 4.63142513924 44.2691432314
520 594 6.5806388855 5.2974050251
521 522 6.16330010809 13.5668555907
521 566 6.84674674114 13.0406698199
523 552 5.23377027828 38.6086772711
525 664 6.07477760315 8.85508328589
527 529 7.56482091922 48.7883642323
527 532 5.30657097283 29.098780036
529 655 6.33355426788 10.8135331876
530 675 8.27200126648 3.35410196625
531 794 3.16640150634 40.969656412
532 665 4.20013242239 12.9919144159
532 678 5.70070634611 33.6396419714
536 992 5.38515121914 73.5233012625
537 545 10.9528429795 48.6578424639
537 699 7.89250469208 12.495199078
537 670 13.1427179989 9.72281293037
540 596 4.36016271085 52.9169155478
544 731 5.5190814928 23.5101907882
545 547 11.421373758 95.0960294256
546 990 4.37260007009 39.8794548612
547 548 5.00939222585 27.866553305
548 712 4.16727818381 10.5751393275
548 927 4.41547584534 6.62193325246
549 554 5.6454460533 107.560686972
551 809 4.62165193431 10.7610179884
553 614 4.3573884964 2.16333076528
554 632 4.03723799975 114.725871315
554 752 4.60333846691 34.7871665512
555 828 3.91421365738 4.56946386352
557 823 4.64304335009 46.1365604797
559 698 5.65881532935 16.254466174
560 946 6.88870575469 32.7178722201
560 949 8.87380680112 9.39516667425
560 574 5.99010686032 31.4221439355
561 626 5.2680940749 63.4864719876
561 564 5.87612295151 5.0219518118
563 851 5.26551423951 42.1849165544
565 994 6.09268188477 8.38048327962
567 801 5.71385645102 227.624840572
567 771 7.30788660049 4.95100999797
567 820 5.03019922551 62.6867378692
569 907 4.23606777191 2.51246890528
569 908 5.04266141459 34.8129928418
569 902 3.23606801033 3.78318648761
572 937 6.30205363756 14.5837620317
572 691 4.161065284 43.6210204085
572 935 5.31726199739 6.65485834892
574 955 5.33306449838 39.6601270312
574 956 5.66141883141 68.204981804
576 1013 3.59994602102 24.9660489224
576 590 3.77663667118 23.1051873857
576 591 6.80233287811 5.76563092818
578 908 6.08156911391 6.81008701822
578 958 4.7388678705 8.24669713675
579 724 9.38111709195 7.59608335329
580 691 3.95828513346 34.0247843874
580 739 4.62199910969 102.251124373
580 725 6.22873581015 65.5772206617
581 908 2.58967625368 42.106100188
583 691 5.5 3.70843632816
584 893 5.14168180472 62.1341827248
586 592 5.98784016899 17.3758394919
586 948 4.29068313273 34.5577841442
586 646 7.03112888336 5.42332923581
587 834 4.70780788585 18.0072877747
588 1008 6.26719665527 5.6189411814
589 590 4.52725494554 28.0874951096
589 591 3.18787540197 14.8537861208
590 592 4.52721306047 55.9739602796
591 1004 3.69279196784 16.7654722586
592 708 5.09149422797 61.1599767888
595 596 4.44708583394 32.2918291297
596 600 4.09848352421 15.1167311536
597 703 6.96590731297 22.4380151417
597 829 7.02150070761 41.1345460819
598 600 4.99450022429 39.7593261223
599 600 3.91458223774 21.5012918249
599 601 3.92060989644 13.7596117644
599 951 5.11866289267 18.3516024466
601 708 3.9662712388 28.6581897229
602 826 7.19258213043 12.1355881604
603 698 3.56287147531 57.2917476602
605 612 5.7140643673 109.982082704
605 660 12.9410604862 16.5294296862
605 669 13.3066045178 95.671708161
607 708 4.6015481805 113.623269676
609 866 5.71814009416 9.30761144888
610 701 5.02740171433 16.2700133639
611 612 5.48061431705 63.9212141973
611 716 5.78638621916 127.405855705
612 713 4.22733443842 58.4008540164
615 985 5.86310666962 89.9676423792
617 933 5.83724457533 7.93394979163
618 759 5.23059333722 16.540412684
620 627 3.28686185643 52.3692656196
621 662 5.20300744626 33.5963078998
624 1010 4.42414568951 40.5666638795
625 792 7.10032506523 21.7614912173
626 792 5.56909248049 51.9043591618
626 637 6.75130861754 80.7037544709
627 934 4.7451052151 61.2269697722
632 868 5.62708900934 49.1975519692
632 874 4.64086651022 91.7223571476
634 1003 5.40832710266 5.50817574157
635 868 8.24341583252 4.89719307359
635 669 4.44808559469 86.9886692393
636 989 6.91321960311 69.0097507628
637 792 7.71225204206 64.2273132971
637 638 8.27376937866 22.4426953733
638 987 9.04013908903 22.739268765
639 703 5.68430458372 22.825284122
641 1011 4.73248323844 78.9916916397
642 707 5.35017142657 26.1569542231
643 650 7.2015619278 9.00277734924
646 938 4.65594709019 40.1989484934
646 1015 5.5 2.33238075794
647 840 5.62132024765 6.75462804305
649 893 4.17426607185 32.5996886262
651 811 6.92913297091 6.78653536131
652 843 5.60324821612 16.4693389792
653 963 2.94317483902 5.65795899596
654 987 8.02823066711 8.63770802933
656 883 7.49400345331 37.4550185176
657 1005 3.79608977534 89.481645956
659 844 6.15390192393 45.340907906
661 773 4.39481935451 11.5055390411
667 985 8.31009292603 5.97536609757
668 707 2.97527792505 21.7431656342
671 848 4.25158864112 94.6661858908
672 987 7.94090168833 52.7273173981
672 981 4.90100998971 53.8005150454
673 704 7.47799001229 95.5911858388
673 858 4.56182834031 26.7835444307
674 675 3.35340280809 25.4353716919
675 676 4.96764105881 84.2067874153
676 713 5.28651985987 51.739418115
677 961 3.93636389292 49.2823168472
677 971 5.01111621388 30.9281601755
677 969 3.70336341612 38.7675526563
680 815 6.78688320128 12.2767184023
681 778 5.46919675627 82.2601035977
681 735 6.76444179599 48.1878796374
685 899 5.28152816594 40.0479106551
686 1007 5.00433778763 5.11981444976
688 689 3.60555124283 1.95256241898
692 873 5.65744315455 10.1057552274
701 841 6.51083135643 135.754078274
702 877 5.33746648148 4.67176970971
703 707 9.66784477234 7.10633520178
704 974 8.2426404953 11.503912378
705 726 4.42989844931 26.6148526478
706 1011 2.90781023742 6.26887886698
710 781 4.75562519152 19.1215417512
710 718 4.4831528173 33.2682578703
714 715 4.19209807545 13.6372683789
716 717 3.58210556403 20.2094710262
717 721 4.63542365862 37.584181299
717 718 3.04827713813 41.3101466004
719 921 4.8510101124 75.8987237921
719 721 4.31430987848 35.9406401388
720 725 5.06061343559 47.023104092
721 897 4.47136042512 47.2636167565
723 863 3.27839283248 22.409426896
726 745 4.63318162795 151.402498962
728 872 4.81331172908 73.0179238022
728 735 5.40641834863 123.331366426
730 828 6.37456354976 30.2774615272
733 1014 5.77639437266 50.846374114
734 799 4.88904255869 79.9976863243
735 872 5.70185785828 97.6997839481
736 738 6.82316762084 39.1034776796
736 947 4.51498557385 70.8683773534
737 833 4.98360854639 110.223679179
738 960 4.2633927506 25.4436964506
740 960 3.75930368283 37.3787938648
740 744 5.58489484861 32.2469224875
741 875 4.23989403053 50.7175741497
747 748 6.74685866021 57.2233632963
748 754 4.85456114571 101.280267279
748 749 8.78536146731 5.43797528338
750 873 4.86956734254 10.3899623983
753 803 8.85487270355 6.35649274364
753 758 7.69306989443 138.684525859
755 795 4.15828077118 25.6462803727
757 759 5.0386475786 38.725389801
758 782 7.22130057208 44.4533560341
761 812 7.43819904327 7.89335163286
762 870 6.21870146552 18.9574841069
763 812 6.54090269607 17.8372199445
765 797 6.10747605446 131.017950066
765 791 6.45387021774 47.0389200556
768 770 5.70505957564 64.4546659308
769 770 6.99528327163 13.7820066987
770 774 5.68701058596 75.9935906072
774 1008 6.39989607753 172.877347681
776 802 4.86132542275 7.28358782749
778 779 7.19007783337 7.25371262127
779 885 5.77499669045 61.1060461421
780 872 6.02238606338 99.1169000265
780 786 5.44686931374 31.6521783991
780 787 4.7721371753 84.0342857169
782 784 7.31262718356 110.112666747
783 784 10.105550766 6.96419413859
784 789 7.78611634161 77.6825591751
787 797 4.39333355391 30.9955923558
791 849 6.15817780804 108.358978569
796 809 3.88396328376 37.7909802551
796 800 7.14108514786 6.24954146432
797 905 6.49672602883 69.6784739427
798 901 3.66734976166 50.7555288966
799 1001 5.51277778894 13.3538208508
800 852 5.63021169474 67.6080160438
800 1001 3.28841052147 62.0414972811
806 888 4.98134418591 111.083396879
808 863 5.58440047172 13.9796560098
811 1001 5.73918291606 10.9618699056
812 813 6.12506242482 18.7788176458
813 814 4.05782609998 33.4548984982
814 816 5.73478986917 34.9073632133
815 860 7.43427944183 4.36606229914
816 849 5.47175378312 22.6234628408
819 1002 7.12310552597 6.41950153828
820 920 7.77168422319 9.43248116839
820 824 5.39075693171 80.1944701267
821 880 5.49359950824 8.74028937119
822 891 4.16258196228 35.7492455224
824 826 6.19403160986 121.295416027
825 894 33.7247159348 49.6067547616
826 1002 5.30397929148 165.213371201
827 892 2.88618091121 41.5505163144
828 986 4.12659595859 14.1360546036
829 1017 15.7849798336 17.4578587926
834 986 4.7124252636 88.5602586474
834 836 5.36244512235 80.1579463449
836 1006 5.00795350583 34.4435752107
836 863 4.79737883284 44.1796282499
837 999 3.97336169972 5.53597898661
838 1017 18.9274299498 50.7884144449
838 999 3.98450493738 56.9015189637
839 840 4.72596488322 34.3747968799
839 849 6.3607039147 73.1176994392
840 843 7.48319342165 16.8568749498
841 846 7.71993062497 26.5106110831
841 999 3.93583641535 48.6218033017
843 844 5.3258271673 33.7502736699
844 848 5.86435282258 37.918779838
848 867 6.18317097986 60.6482596814
852 952 4.94957497054 54.0130161037
857 867 5.02635926389 23.0180213228
861 996 5.49569761237 39.6885084909
864 885 7.52465080239 12.0581036899
870 871 5.369471364 27.4828009538
871 944 4.46621718261 57.7732364721
871 873 6.80711364746 4.77074417675
877 960 5.2655499725 32.064323795
878 946 9.28315418134 7.5386039665
883 894 22.991702771 32.9014760396
884 888 5.02084571147 6.05526147003
885 900 5.62641492299 105.998613465
886 896 3.50859107288 31.1484314013
886 891 4.95540959507 49.6931737293
886 991 4.26946844637 71.820155533
889 892 5.37793684006 4.50693909433
890 898 6.25453687486 20.1851456363
890 891 7.60555124283 5.06211418283
890 892 5.1297626746 19.5553268277
894 899 7.37029416343 73.2790674302
895 991 3.52615684974 17.1228184556
900 957 4.9941073223 10.1160956485
901 903 3.75978937625 39.1838056027
903 993 4.81870244906 11.8973774846
903 972 4.43543202311 7.89108464483
905 909 6.4540855965 62.2691467593
909 912 5.95612611022 59.3305258767
909 910 5.88912876036 14.4245448408
912 932 5.96941741498 26.5702991141
914 917 7.32873051787 17.9235668527
914 991 5.00521038256 110.168398237
915 997 7.56666278839 6.77421582178
916 918 6.4138761629 37.8934000321
917 924 6.13341014558 60.9218876999
917 918 8.52997970581 6.6211781429
919 997 4.37727887176 22.2505681172
923 928 4.54238923447 22.4028840984
924 926 5.43349822623 43.8528813098
924 925 5.32260048953 30.8550347513
925 926 4.89066716792 47.703104383
926 929 6.26729976265 65.6510631592
931 950 7.87746948165 9.08432716276
932 966 7.20350548012 70.9953663798
936 950 4.72362976967 34.0394708348
943 944 7.87755298615 6.80073525437
953 979 5.23449154793 60.6745804617
955 959 4.55924885306 50.2410901797
956 959 7.75691911516 10.1352928843
961 966 4.58276581764 39.3735247435
963 964 5.62374702957 16.9223430139
964 988 4.21634737333 40.3729469303
964 982 4.94728292602 40.3114094139
966 969 4.80578596798 70.3683535234
967 971 5.80480283078 10.1183783716
969 970 6.64005470276 11.03675677
971 973 4.25908725095 47.441361681
978 979 4.67322450635 24.715125462
978 982 4.43947120561 35.2791762813
979 994 4.86063513316 134.487743162
982 988 4.9938231311 131.478090918
985 1008 6.41903115199 53.081363286
988 990 4.80554703771 39.6883549984
990 992 7.93576371657 10.8094865743
1002 1003 6.51099760688 28.6024085825
1003 1014 5.8644817253 64.6788103081
1005 1006 5.84317650408 18.9093448787
1005 1007 5.58565788007 38.8898607169
1007 1010 4.91424597347 76.3533758122
1009 1010 5.87709557172 6.06609615885
1014 1018 6.37073208904 90.4969574001
1018 1019 5.20131896326 62.0299894106
