1 106 3.16227769852 4.41327459504
2 57 4.11316939181 41.70398662
2 194 4.62289337421 55.2415151856
2 54 9.36243088794 10.517766953
3 103 5.65685415268 4.10487515036
4 10 7.46817395497 28.8081656999
4 13 8.18118216094 32.731556498
4 5 6.66506641738 46.3720060425
5 232 6.71703497551 11.0525813686
5 44 4.52422900625 42.9802280124
6 96 5.93547438307 7.107924072
6 48 6.64085113031 16.0051796208
6 95 5.31528134426 16.9764846274
7 79 8.16994346853 12.4987713125
7 62 3.3315536575 35.8261303149
7 191 4.73606777191 32.5043074069
8 84 4.5615530014 17.3280841411
8 12 9.41966626863 21.6026212328
8 230 8.45343869963 64.1982047784
9 11 9.24445591005 13.8129047261
9 20 7.26305815708 65.9966418687
9 101 6.50772454231 25.6844710231
10 68 7.55451135542 47.0899280885
10 191 4.61133513651 61.451647659
11 220 4.15507222959 54.5278827757
11 31 4.01932239852 28.1240869476
12 44 6.7690975975 40.4073535356
12 30 9.49320185758 52.3332644165
13 110 4.18694825272 11.9678512002
13 15 8.82803191002 32.4813658885
14 120 3.82167862275 9.749487166
14 44 6.41392697957 50.3603122122
14 39 4.53449847692 36.5315274797
15 16 7.8122542247 49.7417432888
15 41 8.5987396258 47.247773096
16 66 2.9339632797 31.0618737361
16 62 8.849057612 7.09581831851
17 24 3.62891750889 59.0101781953
17 226 7.72485425935 18.5346342475
17 134 3.92404650944 40.6428490768
18 63 4.50921508345 7.63062455884
19 24 4.34662356097 27.4854620822
19 20 8.72921105751 17.3791423785
19 229 7.28541106499 31.2334498587
20 143 7.79279485963 28.351272708
21 90 4.47251224058 9.90467061542
22 65 5.58953443242 10.200210703
23 232 6.99955333306 18.7359502823
24 171 8.12372172588 11.7461835512
25 37 3.68920690704 13.8955665316
26 143 7.81716021637 16.3324168282
26 28 8.286260365 19.2279145999
26 175 3.71201098257 22.0550496221
27 76 5.78436511875 9.37519622385
28 188 6.77200174332 8.14324873745
28 29 7.17983841189 14.838220337
29 201 7.02186424814 14.1003037533
29 45 4.20606024999 36.8527475231
30 184 8.48703959677 34.8241652333
30 173 8.48703749353 21.4642934269
32 202 7.59790236803 27.555707965
32 195 10.6897962287 10.5687518955
32 52 4.49775979428 44.9755489127
33 160 19.7441302856 35.8821852058
33 161 10.3103239108 24.0803027698
33 116 10.6974571581 26.3757376381
34 37 5.72337819139 17.5433030633
35 148 4.22257417405 25.3456146898
36 184 9.24569699208 44.3957435375
36 37 8.40572750251 15.0871735382
36 39 9.07857309848 24.0983350046
38 56 3.36903705612 31.9566930877
38 64 5.65685415268 4.29534631898
38 50 8.05506661161 11.0140480546
39 40 9.46684663254 14.7128624746
40 41 10.9782386619 15.7570745736
40 43 3.59832713883 93.5418668419
41 219 8.41598630558 43.0540858634
42 109 9.34026696438 34.6028735765
43 219 4.64932190069 19.7368943859
43 93 4.19138386715 56.6853155588
45 184 4.69423289661 39.5071196115
45 46 8.0928079921 7.08260579278
47 218 3.42701678612 30.9212709959
48 128 6.79898608906 55.4106874384
48 114 4.73606777191 92.7053935863
49 66 4.06494816058 20.4270041856
50 213 7.28517696738 29.7486050418
50 191 4.49814675132 22.0288674951
51 66 6.86301561579 16.4640088548
53 232 6.46848201752 5.50272659688
55 111 3.74773966181 42.7421753842
56 57 7.17319927315 15.4076340575
56 62 7.24330586115 60.3607390981
57 73 7.07430046162 18.6914893889
58 185 3.27565916182 57.8467803771
58 69 9.77338249318 58.1792316023
58 183 9.09554870708 64.913171512
59 185 8.61070490159 8.4260025663
59 186 8.00673562927 19.2636135044
59 61 6.7304074269 34.495369785
60 151 4.23371419645 13.8926334551
61 181 5.55919853146 20.5731818315
61 71 8.25419898404 35.3888938158
63 145 3.7686779461 29.1668282613
63 169 9.75112729032 28.4984530854
65 160 4.13421273633 91.6716479333
65 195 4.21239283017 47.5558881738
67 151 4.73606777191 3.71214223865
68 128 13.456065056 19.9836461816
68 126 12.4029841483 39.7643350823
69 72 8.49758161517 39.8358529026
69 100 8.88903653615 35.4923922343
70 156 4.47771842227 40.0693461389
71 72 7.38364822628 39.3456918803
71 86 9.13161017666 37.5727822982
72 74 8.72560171123 13.7236739994
73 130 4.45001103098 45.725758605
73 113 4.12132024765 9.24770241736
74 98 4.58033591854 74.7934656237
74 76 6.19472921427 60.6074279837
76 91 4.03884363174 18.0766423873
77 154 6.9466047287 8.53302408294
78 81 7.14257593324 32.1057112902
78 202 3.82531621347 94.3584921146
78 189 7.55944351447 43.2744516039
80 94 4.27171101042 78.0174621512
81 136 9.30734466908 79.5263894499
81 87 11.0420188904 8.47260290584
82 209 8.07350239663 28.4732799891
82 83 10.0508156111 7.06738873151
82 118 8.79173183441 7.86002544525
83 212 3.31783843434 68.7897483054
83 85 6.14485271203 32.1225913985
85 192 7.25081216301 38.5190193205
85 225 4.5615530014 10.7872610055
86 90 7.3865962735 27.6532543147
86 87 8.39326310816 43.3770698523
87 89 7.37548936772 36.9364934584
88 199 4.09108924708 38.25
89 192 3.95469196053 105.417632885
89 90 4.32736571742 45.3877186032
92 157 10.4115595007 26.9433856621
93 94 8.94911459231 13.3790074726
93 219 7.69962507699 53.6313735734
94 133 8.17346636741 59.7262857711
97 207 6.5 6.60302960769
98 99 3.01169636638 10.3400699139
98 133 4.29008159125 59.8702764316
100 162 4.20545833452 22.3106476822
100 130 8.24534838934 35.6721634265
102 226 9.37167024325 15.9930191783
102 221 7.63180347889 37.1071681711
102 223 4.08990657851 45.5945973529
103 224 3.92626880146 15.4326436095
103 141 6.39266261939 7.39925057574
104 105 3.25139330592 25.0677422957
105 121 6.74639147681 18.5245321361
105 146 7.49501183594 43.023332754
107 119 2.69917297363 9.07331251528
108 165 3.80702053167 65.0947386507
109 216 8.99562795771 47.9348200224
109 153 8.93362317267 10.7719014573
111 112 13.1813673912 8.66969335823
111 220 11.19974094 19.240627127
112 163 6.66113944659 56.6138240847
112 230 10.9627696546 58.0122826727
114 128 12.6351803665 75.1125791167
114 230 12.36864395 19.3141701542
115 124 4.78270101547 14.5646833127
115 126 7.034650809 111.800402063
115 119 7.95020133004 11.464197721
117 161 7.77682145348 10.0327936467
119 121 6.01232602633 64.6327641859
121 122 6.46957882506 37.5505887472
122 132 9.21160935189 29.5517996133
122 125 4.73606777191 21.273105086
123 176 6.20334234642 29.6941530409
123 190 8.56351202624 12.7953595386
123 182 7.28099035028 17.4043877518
126 129 14.8128620615 12.5339135907
127 170 4.18287277222 23.0773157018
129 131 13.4094840029 45.2880348526
129 166 10.9636497498 11.9816526406
130 133 9.63538987442 9.77360932496
131 132 14.1202053867 51.8191064095
131 213 7.64617041007 44.8233086821
132 172 13.4770542699 41.9956484813
135 172 2.61803388596 18.5064853497
136 192 9.47547497559 13.3287299036
136 204 9.3471508712 33.140134174
137 167 11.8705702967 23.8638632356
138 139 3.94552629078 21.3980176287
138 205 7.38523101807 6.5736215285
138 203 10.4703168306 28.193545643
139 147 6.95896378864 30.1769835303
139 142 6.43189278305 46.9740403715
140 154 7.23817384687 45.3589199416
140 147 6.4584809401 35.8972666768
140 151 3.65441705546 50.3745967726
141 146 3.18691994036 25.6763052911
141 227 2.82592780419 21.5635412646
142 145 7.43015316317 68.9125517645
142 149 4.13044899267 70.2374660734
143 173 8.05289790198 41.7459097647
144 211 3.65722081538 24.6044711384
145 146 8.4546177356 39.1869910755
147 148 7.79642004911 24.715698835
148 150 10.8312214841 34.0965968577
149 168 16.0780605746 13.4551024128
149 167 15.4805538704 25.292047839
150 177 17.4376509388 15.099052737
150 157 17.9572466935 58.2992851818
154 156 6.30205546539 26.4540287836
155 168 4.5615530014 17.6014914141
156 158 9.39860090717 56.7354312068
157 158 20.1793560368 46.130188286
158 165 24.1932921012 22.5596355934
159 178 7.20566548384 8.59380373435
160 165 25.619430542 14.8534507775
161 164 10.0722446442 8.30963296422
164 204 9.75766628489 168.701959283
164 197 8.14212949838 25.5303505349
167 169 17.1213965105 18.0492966124
168 177 16.0800719601 27.1111740831
169 174 15.7978509384 47.51669095
170 172 15.6015995827 14.7918707448
170 174 18.0138778687 12.7524507449
173 200 2.344280223 17.0332038843
174 183 10.4808390168 40.5680152335
176 187 7.30449973491 15.5868980375
176 189 7.09725937386 27.6953749174
177 179 7.97266966809 51.104133255
178 179 3.58582727596 44.8932447092
178 180 8.77200126648 6.36592491316
179 187 6.9860691525 27.5548556723
183 185 4.55703303308 67.2437145824
186 187 3.81458555733 66.3925635896
186 189 4.53579647156 43.6681983141
190 195 4.55465435144 32.4394089953
190 231 3.7350145745 8.61539320055
193 213 7.78821374638 9.04684991979
196 228 4.62132024765 46.9101534851
197 209 7.49270278125 123.84064196
197 199 12.7152978837 51.6690490722
198 221 8.07714567911 13.6656975779
199 206 7.10991320686 34.4051258668
202 204 8.27794641443 23.8474522023
206 211 4.73606777191 40.5764710146
206 207 7.64000299566 22.2889575716
207 208 8.13376013028 10.0429112958
209 212 4.73606777191 13.9899050825
210 223 2.98785017262 6.24936508948
211 212 4.44505207992 21.3995250907
214 215 3.42223303898 30.8609785976
215 216 2.96845511412 48.2635473209
215 223 4.04814968939 18.7773538887
216 217 9.27547274131 52.9092960752
217 218 11.3016193538 27.593996243
217 221 7.82793827707 45.9593194738
218 220 9.81844108087 46.5407246943
222 228 3.67658087375 21.9498600888
226 229 8.28055829007 26.891904448
228 229 4.61822121403 27.0134434077
