0	 860.0	 265.5
1	 903.4	 276.25
2	 903.25	 250.0
3	 922.5	 277.9
4	 935.0	 278.25
5	 926.0	 270.5
6	 931.2	 234.9
7	 947.8	 317.0
8	 1311.0	 832.75
9	 979.0	 310.9
10	 998.75	 332.5
11	 998.25	 322.0
12	 999.2	 277.3
13	 939.25	 257.75
14	 1005.25	 269.25
15	 1003.6	 234.1
16	 1899.25	 1047.0
17	 1022.75	 412.0
18	 1073.75	 473.0
19	 1054.2	 445.5
20	 1073.8	 449.6
21	 1048.55	 470.3
22	 1373.8	 832.2
23	 1043.75	 381.1
24	 1035.3	 338.0
25	 1424.0	 1047.5
26	 1056.8	 353.4
27	 1084.4	 347.1
28	 1063.3	 347.4
29	 1121.9	 482.0
30	 1122.25	 422.15
31	 1161.25	 469.25
32	 1152.25	 440.75
33	 1128.75	 419.25
34	 1093.0	 371.75
35	 1156.5	 372.5
36	 1154.6	 347.8
37	 1146.5	 350.45
38	 1163.0	 355.4
39	 1074.0	 477.5
40	 1025.8	 271.3
41	 1101.3	 318.55
42	 1062.0	 282.0
43	 1391.0	 953.3
44	 1045.7	 261.25
45	 627.0	 1136.5
46	 1064.75	 243.75
47	 623.0	 1121.55
48	 1081.75	 261.75
49	 1087.6	 208.8
50	 1114.1	 330.2
51	 1123.5	 288.75
52	 1128.7	 295.55
53	 643.0	 1117.5
54	 1126.5	 260.5
55	 415.75	 1044.05
56	 1472.4	 1047.8
57	 1120.1	 258.1
58	 1150.0	 253.25
59	 1152.9	 240.0
60	 1159.2	 236.2
61	 1158.0	 205.75
62	 1211.05	 1325.35
63	 1485.3	 1009.1
64	 1187.6	 1270.2
65	 1215.5	 1283.25
66	 1228.6	 1272.3
67	 1193.0	 1243.9
68	 1235.0	 1212.5
69	 1251.4	 1218.2
70	 1295.4	 1310.5
71	 1336.25	 1301.0
72	 1339.3	 1301.7
73	 1343.2	 1310.1
74	 1262.3	 1215.35
75	 1297.5	 1226.5
76	 435.1	 994.3
77	 1347.2	 1236.6
78	 1335.25	 1225.5
79	 1286.2	 1206.1
80	 1185.1	 1158.9
81	 1212.05	 1174.55
82	 1200.25	 1155.0
83	 1500.4	 968.8
84	 1236.3	 1143.3
85	 1213.6	 1144.8
86	 1258.4	 1123.4
87	 1251.3	 1125.5
88	 1187.75	 1095.0
89	 1204.2	 1111.6
90	 1193.6	 1097.0
91	 1217.1	 1079.6
92	 1244.6	 1109.3
93	 1228.9	 1101.8
94	 1223.75	 1079.0
95	 1209.85	 1049.2
96	 1269.25	 1146.75
97	 1327.5	 1194.55
98	 1306.4	 1140.6
99	 1384.2	 899.6
100	 1320.0	 1150.7
101	 1294.3	 1115.6
102	 1300.0	 1105.5
103	 1265.75	 1076.5
104	 1251.75	 1061.25
105	 1381.0	 883.8
106	 1342.65	 1081.9
107	 1343.2	 1137.05
108	 1372.3	 1288.5
109	 1370.75	 1301.5
110	 1362.2	 1266.0
111	 1360.4	 1281.1
112	 1404.0	 1288.1
113	 1360.9	 1211.0
114	 1359.0	 1204.5
115	 1380.5	 1188.25
116	 1379.5	 1198.1
117	 1413.8	 1245.4
118	 1399.5	 1201.75
119	 1406.4	 1189.3
120	 1377.7	 847.9
121	 1427.75	 1239.25
122	 1436.5	 1264.1
123	 1435.4	 1251.9
124	 671.5	 1199.5
125	 1534.75	 1255.5
126	 1485.65	 1251.55
127	 1482.25	 1240.5
128	 1540.5	 1249.75
129	 1436.25	 1220.25
130	 1436.5	 1198.0
131	 1449.0	 830.75
132	 1519.75	 1227.5
133	 1557.0	 1208.5
134	 1468.65	 1187.05
135	 659.45	 1168.1
136	 1534.4	 1206.85
137	 1364.1	 1161.5
138	 1376.7	 1160.95
139	 1477.25	 927.0
140	 1491.8	 917.95
141	 1415.25	 1125.0
142	 1409.9	 1133.6
143	 1400.25	 1131.0
144	 1030.2	 375.2
145	 1395.4	 1077.9
146	 1353.0	 1079.8
147	 1543.25	 918.25
148	 1435.5	 1067.5
149	 1467.05	 1124.85
150	 1525.4	 1145.6
151	 1556.4	 1128.1
152	 1501.2	 1187.2
153	 747.75	 1221.5
154	 1543.1	 1130.6
155	 1488.15	 1102.95
156	 1463.5	 1071.5
157	 1469.0	 1068.25
158	 1451.6	 1071.25
159	 1527.25	 1097.0
160	 1520.25	 1063.0
161	 1203.25	 1039.5
162	 1259.3	 1045.9
163	 1257.0	 1031.0
164	 1234.9	 1026.6
165	 1228.8	 1028.6
166	 1184.0	 984.0
167	 1205.0	 995.75
168	 1186.75	 980.5
169	 1202.7	 1005.7
170	 1195.8	 965.8
171	 1183.5	 940.0
172	 1194.0	 972.1
173	 1196.5	 940.25
174	 1216.6	 923.0
175	 1237.25	 980.25
176	 1242.7	 990.7
177	 1274.2	 990.8
178	 1294.5	 1048.5
179	 1309.0	 1013.5
180	 1303.0	 1016.5
181	 1269.0	 1000.6
182	 1374.6	 1035.6
183	 1326.7	 987.0
184	 1291.75	 974.0
185	 1271.05	 938.75
186	 1283.3	 937.0
187	 1292.05	 947.6
188	 1350.75	 942.85
189	 1188.1	 868.9
190	 1185.5	 866.5
191	 1206.8	 887.0
192	 1243.8	 918.2
193	 1268.9	 877.9
194	 1176.75	 850.75
195	 1226.1	 848.3
196	 1179.75	 787.5
197	 705.9	 1126.5
198	 1217.4	 788.6
199	 1246.0	 847.2
200	 1268.35	 843.1
201	 1260.9	 857.35
202	 1279.0	 817.25
203	 1237.0	 782.0
204	 1286.5	 902.25
205	 1310.5	 917.75
206	 656.0	 1034.0
207	 1285.5	 888.0
208	 1355.0	 923.5
209	 1354.75	 873.0
210	 1310.3	 863.2
211	 1287.1	 831.9
212	 1311.8	 839.0
213	 1334.8	 854.2
214	 1343.4	 839.4
215	 1358.8	 852.6
216	 1324.5	 780.75
217	 1264.0	 786.5
218	 1367.9	 1055.3
219	 1384.0	 1022.5
220	 1419.6	 1052.4
221	 1385.75	 998.25
222	 707.0	 1011.75
223	 1461.5	 1031.35
224	 1453.25	 1033.25
225	 1415.5	 974.5
226	 1394.75	 988.75
227	 1403.8	 968.6
228	 1406.8	 960.2
229	 1409.5	 948.6
230	 746.05	 1096.35
231	 1458.0	 954.25
232	 1454.75	 968.75
233	 1447.0	 998.2
234	 1425.0	 936.25
235	 1469.5	 940.6
236	 1476.8	 1041.8
237	 1499.9	 1040.3
238	 1495.2	 992.6
239	 1519.75	 1019.75
240	 1542.75	 1033.75
241	 1522.0	 1009.2
242	 1548.55	 1001.15
243	 1507.0	 949.6
244	 1638.6	 946.4
245	 1526.7	 945.9
246	 1515.5	 957.25
247	 1382.3	 906.3
248	 1397.2	 914.3
249	 1664.5	 1155.0
250	 1405.0	 907.0
251	 1437.1	 919.3
252	 1428.0	 926.25
253	 1422.2	 886.4
254	 1446.5	 897.6
255	 1464.0	 861.6
256	 1372.0	 841.75
257	 1396.9	 866.8
258	 1414.2	 835.6
259	 1404.0	 786.5
260	 1702.25	 1116.25
261	 1388.5	 790.95
262	 1468.65	 853.4
263	 1420.8	 790.2
264	 1460.75	 785.25
265	 1480.6	 934.2
266	 1509.6	 900.9
267	 1496.5	 887.9
268	 785.0	 992.0
269	 1484.25	 822.25
270	 1501.6	 824.0
271	 1474.2	 785.85
272	 1527.75	 846.75
273	 1554.25	 867.75
274	 353.3	 939.3
275	 1536.3	 782.7
276	 1524.4	 818.0
277	 1181.0	 1231.0
278	 1568.7	 1247.2
279	 1572.5	 1212.0
280	 1563.8	 1181.4
281	 1615.25	 1076.75
282	 1601.2	 1193.8
283	 1638.0	 1190.5
284	 1647.0	 1183.8
285	 1572.0	 1156.0
286	 1581.0	 1109.4
287	 1558.7	 1133.6
288	 1607.75	 1138.0
289	 1624.0	 1152.25
290	 1656.5	 1111.25
291	 1685.5	 1220.0
292	 1609.2	 1010.4
293	 1680.5	 1200.5
294	 1674.25	 1171.25
295	 1667.0	 1168.75
296	 1626.9	 1006.6
297	 1695.5	 1147.1
298	 1577.25	 1097.25
299	 1578.0	 1073.0
300	 1606.0	 986.5
301	 1589.1	 1053.2
302	 1618.6	 1076.1
303	 1628.0	 1097.3
304	 1624.0	 1063.0
305	 1611.75	 1045.25
306	 1618.55	 1029.3
307	 1577.25	 1016.75
308	 1583.15	 998.4
309	 1651.5	 1074.0
310	 1600.75	 975.75
311	 1597.5	 981.25
312	 1630.0	 1022.5
313	 478.5	 933.5
314	 422.5	 957.0
315	 1672.6	 1050.8
316	 1655.25	 1068.3
317	 1670.75	 1063.75
318	 1674.5	 1061.0
319	 1723.8	 1071.3
320	 1687.5	 1088.5
321	 1691.5	 1038.25
322	 1719.0	 1051.5
323	 1680.2	 1084.0
324	 1658.4	 1016.0
325	 1662.75	 968.0
326	 1684.1	 1009.0
327	 1693.95	 969.25
328	 1752.25	 1173.25
329	 1659.25	 1020.5
330	 1756.8	 1185.4
331	 1758.2	 1137.2
332	 1773.2	 1137.6
333	 805.5	 844.5
334	 1746.7	 1133.2
335	 1749.75	 1083.75
336	 1781.5	 1124.5
337	 462.0	 882.5
338	 1763.75	 1139.0
339	 1687.25	 1006.0
340	 1778.0	 1077.75
341	 1823.6	 1147.5
342	 1788.1	 1104.2
343	 482.75	 894.75
344	 1866.3	 1119.6
345	 1820.8	 1098.8
346	 1821.75	 1072.75
347	 1784.8	 1073.7
348	 1861.0	 1082.0
349	 1735.6	 1164.8
350	 1854.0	 1100.25
351	 1832.0	 1058.5
352	 344.25	 862.75
353	 1757.5	 1035.2
354	 1843.4	 1034.8
355	 1735.1	 992.9
356	 381.25	 870.5
357	 1775.0	 1147.0
358	 1808.15	 994.0
359	 1742.0	 1136.75
360	 1825.5	 986.5
361	 1860.5	 1015.6
362	 1930.9	 1047.2
363	 1762.6	 1129.6
364	 878.25	 883.5
365	 1919.4	 968.75
366	 340.5	 823.4
367	 1968.0	 994.4
368	 1573.0	 956.75
369	 1610.5	 950.75
370	 1573.0	 920.75
371	 1649.45	 944.45
372	 1666.95	 932.35
373	 1616.5	 921.5
374	 1571.0	 897.5
375	 1632.1	 909.6
376	 1336.9	 526.8
377	 1668.2	 910.6
378	 1680.3	 900.5
379	 1643.2	 863.75
380	 1748.25	 950.75
381	 1746.75	 943.5
382	 1800.3	 947.3
383	 1717.0	 914.5
384	 1686.5	 882.0
385	 1746.75	 905.0
386	 1744.0	 899.6
387	 1784.8	 898.0
388	 1785.2	 872.1
389	 1739.7	 890.45
390	 1577.7	 855.2
391	 492.0	 873.75
392	 495.0	 865.6
393	 1665.0	 842.7
394	 1690.25	 832.5
395	 1614.05	 818.5
396	 1561.0	 773.25
397	 1593.0	 764.0
398	 1613.25	 758.25
399	 1647.4	 800.8
400	 1663.2	 797.0
401	 1689.1	 789.1
402	 1671.5	 790.7
403	 1665.25	 741.75
404	 1703.4	 853.6
405	 408.0	 795.2
406	 1729.5	 831.0
407	 1755.25	 865.3
408	 519.25	 796.0
409	 1805.25	 819.0
410	 1699.5	 804.75
411	 1727.1	 801.55
412	 1737.0	 769.5
413	 1764.1	 786.8
414	 1799.0	 789.35
415	 1847.0	 948.2
416	 1833.5	 962.0
417	 1881.0	 957.0
418	 1895.85	 924.3
419	 1907.0	 896.25
420	 1907.55	 891.65
421	 1957.55	 932.85
422	 1905.3	 919.5
423	 1928.5	 917.5
424	 1987.5	 956.0
425	 1961.7	 939.5
426	 1996.3	 922.5
427	 1922.25	 864.5
428	 1962.3	 884.5
429	 1979.0	 914.25
430	 1980.5	 893.7
431	 1967.4	 865.8
432	 2007.0	 869.25
433	 1818.8	 849.7
434	 1808.6	 834.6
435	 1844.25	 847.5
436	 1828.0	 828.5
437	 1876.3	 832.9
438	 1874.75	 772.0
439	 1811.9	 845.4
440	 1923.6	 854.0
441	 1952.25	 852.5
442	 1938.0	 829.25
443	 1944.5	 819.7
444	 1942.75	 809.5
445	 1991.45	 853.6
446	 2016.3	 816.3
447	 2003.0	 819.0
448	 2003.0	 829.0
449	 1982.3	 801.0
450	 1919.0	 729.95
451	 1960.0	 777.75
452	 1964.75	 723.0
453	 2007.25	 718.25
454	 2311.4	 760.8
455	 1871.4	 987.0
456	 1734.0	 730.0
457	 1171.25	 703.0
458	 1250.8	 696.0
459	 1257.7	 714.5
460	 1252.6	 779.8
461	 1191.6	 679.6
462	 1186.15	 645.7
463	 1194.0	 639.6
464	 1203.75	 630.0
465	 1231.9	 683.75
466	 1245.25	 670.75
467	 1245.75	 655.5
468	 1248.0	 663.5
469	 1248.25	 644.25
470	 1565.2	 958.4
471	 1286.5	 782.5
472	 1298.75	 735.75
473	 1283.4	 711.2
474	 1301.5	 713.75
475	 1308.0	 704.8
476	 1311.25	 781.75
477	 1492.5	 779.5
478	 1309.8	 654.7
479	 1284.5	 661.25
480	 1604.0	 944.0
481	 1321.75	 644.5
482	 1338.6	 639.2
483	 1307.2	 612.8
484	 1189.2	 590.4
485	 1182.25	 596.0
486	 1175.4	 544.0
487	 1229.8	 577.85
488	 1261.25	 574.75
489	 1251.25	 589.95
490	 1229.7	 548.1
491	 1202.1	 535.6
492	 1570.25	 897.5
493	 1438.5	 656.75
494	 1230.0	 479.75
495	 1283.2	 610.8
496	 1307.35	 587.85
497	 1334.0	 614.1
498	 1325.8	 561.0
499	 1309.75	 601.75
500	 1292.1	 522.7
501	 1323.8	 503.6
502	 640.5	 860.0
503	 1331.8	 510.3
504	 1340.0	 496.5
505	 1343.5	 778.75
506	 1351.75	 739.5
507	 1385.25	 741.75
508	 1379.8	 701.65
509	 1419.5	 738.3
510	 1387.9	 678.5
511	 1397.5	 697.0
512	 1430.5	 665.1
513	 1398.2	 652.0
514	 1441.0	 744.5
515	 1445.3	 716.1
516	 1469.0	 702.25
517	 1480.6	 715.15
518	 1509.15	 776.65
519	 1769.25	 936.25
520	 1518.75	 699.25
521	 591.8	 777.4
522	 1475.8	 679.4
523	 1440.5	 633.0
524	 1505.65	 639.1
525	 1359.05	 597.9
526	 1380.3	 613.0
527	 1398.6	 583.2
528	 1437.65	 595.85
529	 1427.5	 576.0
530	 1429.8	 567.5
531	 1381.7	 486.1
532	 1399.0	 500.5
533	 1413.4	 541.4
534	 1420.25	 524.45
535	 1413.4	 507.0
536	 1754.75	 893.65
537	 1464.25	 616.75
538	 1456.9	 610.05
539	 1471.5	 600.3
540	 1476.6	 582.8
541	 1491.0	 622.6
542	 1297.0	 1220.0
543	 1460.8	 548.0
544	 1456.0	 549.75
545	 1616.6	 850.8
546	 1525.5	 490.0
547	 1194.0	 442.2
548	 1209.25	 424.25
549	 1260.2	 406.1
550	 1207.2	 381.5
551	 1214.25	 387.5
552	 1210.75	 360.25
553	 1241.5	 391.9
554	 1248.6	 396.0
555	 1279.0	 430.0
556	 1292.45	 430.15
557	 1298.6	 432.7
558	 1312.75	 450.0
559	 727.4	 792.3
560	 1337.8	 425.0
561	 1261.0	 332.5
562	 1332.4	 379.8
563	 1293.4	 401.1
564	 1302.35	 345.9
565	 1331.5	 343.0
566	 1331.8	 332.2
567	 1267.4	 336.2
568	 1195.75	 317.75
569	 1180.8	 287.0
570	 1191.6	 281.65
571	 1229.25	 319.75
572	 1231.4	 308.4
573	 1233.5	 294.0
574	 1202.7	 244.3
575	 1194.25	 215.75
576	 1218.25	 213.5
577	 1235.8	 226.3
578	 1714.8	 853.4
579	 1289.5	 326.0
580	 1293.5	 293.25
581	 1386.6	 505.1
582	 1328.8	 320.4
583	 1254.8	 214.6
584	 1290.95	 221.65
585	 1298.45	 234.4
586	 1300.1	 269.7
587	 1313.0	 265.75
588	 1332.9	 214.0
589	 1365.45	 452.65
590	 1353.0	 448.8
591	 1381.25	 465.5
592	 1385.8	 472.4
593	 1393.5	 440.0
594	 1419.85	 434.05
595	 1364.5	 372.0
596	 1426.75	 394.75
597	 1392.2	 369.8
598	 1436.3	 456.6
599	 1460.75	 459.75
600	 1475.9	 426.2
601	 1691.0	 784.5
602	 1495.1	 461.9
603	 1484.1	 449.0
604	 1486.8	 433.0
605	 977.5	 1301.75
606	 925.25	 1248.0
607	 1485.5	 364.75
608	 1512.75	 377.5
609	 1468.5	 348.0
610	 1521.25	 396.5
611	 1763.25	 790.75
612	 1793.8	 787.6
613	 1370.9	 298.7
614	 939.35	 1228.5
615	 1404.5	 285.5
616	 1416.8	 286.4
617	 1335.5	 222.75
618	 1404.75	 227.75
619	 1845.4	 940.2
620	 1444.5	 325.5
621	 1511.0	 327.0
622	 1423.2	 279.8
623	 1458.5	 236.5
624	 1547.25	 777.25
625	 1562.8	 702.4
626	 1624.25	 750.5
627	 1570.5	 683.0
628	 1596.3	 681.8
629	 1578.25	 665.75
630	 1536.5	 637.5
631	 1591.7	 670.0
632	 1901.25	 876.25
633	 1606.8	 645.8
634	 1606.25	 633.25
635	 1600.1	 617.0
636	 1637.25	 745.25
637	 1623.75	 675.25
638	 1648.5	 676.25
639	 1695.3	 731.6
640	 1786.1	 723.1
641	 1753.45	 717.1
642	 1813.25	 664.25
643	 1673.5	 657.75
644	 1974.0	 952.2
645	 1757.75	 656.75
646	 1775.75	 622.75
647	 877.5	 1111.75
648	 1540.75	 598.75
649	 1541.6	 585.9
650	 1581.85	 588.95
651	 1580.1	 578.5
652	 1652.6	 581.2
653	 1573.3	 570.3
654	 1531.9	 565.3
655	 1657.7	 563.4
656	 1640.4	 550.6
657	 1612.75	 530.25
658	 1632.9	 542.1
659	 1694.6	 606.8
660	 1713.25	 615.0
661	 1722.1	 614.1
662	 1732.7	 598.6
663	 1721.25	 590.5
664	 1681.5	 580.45
665	 987.75	 1191.25
666	 1791.1	 606.4
667	 1784.4	 598.9
668	 1774.9	 583.9
669	 1766.8	 580.0
670	 1731.7	 547.2
671	 1791.1	 560.4
672	 1782.2	 547.8
673	 1681.0	 595.25
674	 1837.75	 705.55
675	 1882.7	 718.0
676	 1861.0	 709.8
677	 1893.85	 712.55
678	 1930.5	 725.0
679	 1906.5	 719.5
680	 1943.0	 646.25
681	 989.4	 1121.2
682	 1815.0	 618.1
683	 1831.8	 621.4
684	 1881.2	 629.1
685	 1895.2	 647.5
686	 1797.5	 718.5
687	 1980.7	 717.45
688	 1942.15	 717.45
689	 2014.75	 651.25
690	 2091.6	 703.75
691	 2027.0	 715.75
692	 2081.0	 652.25
693	 1861.5	 829.75
694	 2287.4	 742.6
695	 2252.75	 686.0
696	 1965.8	 634.8
697	 2013.7	 625.8
698	 2049.4	 629.8
699	 1824.0	 615.1
700	 1893.75	 600.25
701	 1829.55	 573.4
702	 1862.25	 591.75
703	 1861.2	 581.8
704	 1906.0	 595.0
705	 1939.25	 605.0
706	 1046.4	 1297.5
707	 1925.25	 567.0
708	 1072.75	 1299.4
709	 1839.0	 526.4
710	 1929.75	 545.5
711	 1935.9	 558.0
712	 1865.5	 528.0
713	 1033.0	 1280.6
714	 1985.2	 596.9
715	 2022.75	 608.75
716	 2024.0	 615.4
717	 2067.2	 614.0
718	 1983.25	 533.0
719	 2042.2	 564.7
720	 2037.25	 544.75
721	 2027.5	 546.25
722	 1806.5	 527.25
723	 1541.4	 516.7
724	 1558.4	 524.5
725	 1534.2	 484.5
726	 1546.4	 484.65
727	 1559.5	 475.85
728	 1584.5	 497.25
729	 1977.25	 836.25
730	 1605.7	 509.4
731	 1576.0	 484.1
732	 1539.5	 408.3
733	 2015.7	 791.7
734	 1930.8	 769.0
735	 1672.8	 506.2
736	 1708.8	 477.5
737	 2300.4	 771.0
738	 1665.0	 462.25
739	 1685.4	 412.2
740	 1122.25	 1278.75
741	 2321.2	 752.6
742	 1531.0	 329.5
743	 1539.75	 327.5
744	 1588.25	 368.0
745	 1591.4	 357.7
746	 1562.5	 390.0
747	 1580.0	 346.2
748	 1608.0	 318.5
749	 1585.0	 338.25
750	 1546.5	 301.5
751	 1232.25	 735.25
752	 1570.95	 265.2
753	 1249.6	 751.6
754	 1607.65	 374.75
755	 1633.7	 350.7
756	 1244.2	 1066.6
757	 1676.1	 351.95
758	 1690.8	 350.5
759	 1613.25	 340.5
760	 1621.8	 279.8
761	 1661.6	 336.5
762	 1664.2	 300.7
763	 1053.6	 1222.9
764	 1716.0	 324.5
765	 1010.0	 1124.75
766	 1746.0	 513.25
767	 1767.1	 503.6
768	 1808.25	 521.75
769	 1845.2	 526.8
770	 1719.2	 486.1
771	 1783.6	 477.9
772	 1767.0	 459.0
773	 1756.0	 447.2
774	 1809.0	 462.5
775	 1838.0	 473.2
776	 1722.0	 491.0
777	 1879.4	 516.2
778	 2015.1	 517.8
779	 1989.3	 483.5
780	 1274.6	 748.8
781	 1881.6	 445.1
782	 1295.2	 738.6
783	 1768.9	 404.9
784	 1067.0	 1190.75
785	 1797.3	 441.1
786	 1865.25	 433.25
787	 1811.6	 420.0
788	 1811.0	 404.8
789	 1862.25	 423.4
790	 1893.9	 439.2
791	 1929.5	 433.5
792	 1896.25	 413.0
793	 1136.25	 1170.55
794	 1872.0	 403.8
795	 1344.4	 676.8
796	 1103.8	 1066.7
797	 1444.8	 1191.8
798	 806.75	 993.15
799	 1248.5	 607.25
800	 1269.6	 945.0
801	 1541.35	 1204.65
802	 859.6	 977.6
803	 869.25	 957.5
804	 907.4	 1049.2
805	 885.0	 1020.4
806	 922.6	 1030.2
807	 917.75	 957.25
808	 966.5	 971.0
809	 815.5	 917.5
810	 1413.25	 728.0
811	 1410.65	 704.9
812	 873.0	 795.5
813	 855.0	 794.0
814	 1369.75	 696.75
815	 1383.0	 680.0
816	 895.6	 927.0
817	 942.95	 920.95
818	 944.75	 889.75
819	 1520.25	 749.25
820	 1517.6	 711.2
821	 957.7	 868.9
822	 1438.6	 629.2
823	 1341.25	 1121.75
824	 1394.0	 578.2
825	 1038.25	 990.0
826	 1031.25	 952.75
827	 1455.6	 447.2
828	 1072.25	 1061.5
829	 1141.25	 1036.25
830	 1170.25	 1030.5
831	 1468.2	 578.4
832	 1469.2	 559.2
833	 1493.75	 606.25
834	 1111.2	 968.4
835	 1504.0	 830.5
836	 1469.4	 497.8
837	 1246.0	 455.4
838	 1055.25	 826.25
839	 1078.0	 901.0
840	 1197.8	 354.6
841	 1368.3	 346.25
842	 1254.5	 341.25
843	 1306.75	 425.0
844	 1100.6	 861.0
845	 1179.25	 997.25
846	 428.0	 748.75
847	 1323.5	 375.75
848	 1185.0	 329.4
849	 1197.6	 320.6
850	 468.75	 779.5
851	 498.9	 742.2
852	 1635.75	 981.75
853	 1219.6	 251.6
854	 1242.7	 241.8
855	 1249.6	 296.4
856	 555.8	 692.0
857	 1322.8	 306.4
858	 1330.5	 282.0
859	 1297.5	 263.0
860	 1275.25	 239.5
861	 392.9	 637.1
862	 1303.0	 239.75
863	 1367.85	 446.75
864	 1204.05	 780.4
865	 1373.4	 408.0
866	 517.75	 647.75
867	 569.5	 676.75
868	 1357.0	 383.5
869	 474.4	 592.4
870	 779.7	 669.3
871	 869.15	 984.9
872	 1813.0	 623.75
873	 1405.8	 1186.0
874	 623.0	 744.6
875	 700.0	 751.4
876	 629.7	 716.5
877	 1600.75	 650.5
878	 1376.0	 301.25
879	 1399.0	 306.75
880	 776.75	 738.0
881	 785.8	 777.0
882	 1355.25	 265.25
883	 817.0	 769.2
884	 1396.2	 246.4
885	 775.2	 717.4
886	 799.0	 702.0
887	 805.0	 689.0
888	 838.0	 697.4
889	 1441.8	 269.0
890	 620.25	 676.5
891	 680.0	 654.0
892	 608.5	 614.0
893	 1535.5	 678.25
894	 643.7	 593.8
895	 737.3	 664.7
896	 788.75	 655.0
897	 798.0	 669.15
898	 818.0	 660.0
899	 759.75	 617.25
900	 1623.1	 705.9
901	 1683.0	 703.0
902	 1654.5	 686.75
903	 725.0	 581.4
904	 1695.8	 671.0
905	 491.6	 552.0
906	 1798.0	 669.0
907	 482.75	 543.5
908	 1554.75	 599.75
909	 571.0	 549.8
910	 1596.5	 545.0
911	 1640.5	 535.5
912	 551.5	 495.0
913	 1798.0	 597.0
914	 1665.0	 549.0
915	 630.75	 439.0
916	 1693.5	 545.5
917	 1795.0	 557.0
918	 1808.2	 653.4
919	 1354.5	 1134.25
920	 688.8	 542.9
921	 1912.2	 669.2
922	 1412.0	 787.5
923	 690.75	 496.5
924	 770.8	 568.2
925	 778.4	 551.2
926	 810.8	 532.8
927	 2305.0	 720.25
928	 1549.0	 925.5
929	 2314.8	 680.4
930	 2003.5	 651.0
931	 785.65	 459.25
932	 816.8	 451.2
933	 1821.5	 572.0
934	 1859.5	 596.4
935	 1564.3	 1066.3
936	 1842.25	 537.25
937	 794.25	 444.75
938	 785.0	 425.5
939	 1953.6	 533.8
940	 483.55	 957.4
941	 781.45	 278.3
942	 771.4	 334.0
943	 825.2	 333.2
944	 838.5	 373.25
945	 846.0	 736.8
946	 1552.1	 495.3
947	 885.5	 679.75
948	 841.0	 618.2
949	 1634.25	 448.25
950	 1664.75	 494.0
951	 1004.25	 762.5
952	 1679.4	 503.2
953	 1459.25	 1118.0
954	 1709.75	 501.0
955	 945.75	 656.9
956	 1688.5	 410.25
957	 1701.25	 445.25
958	 1537.8	 371.0
959	 1558.9	 365.3
960	 885.6	 566.4
961	 1600.0	 318.25
962	 930.75	 584.0
963	 1666.25	 381.25
964	 1770.5	 512.75
965	 1006.25	 490.5
966	 1712.7	 464.1
967	 1061.8	 732.0
968	 1792.6	 439.0
969	 1965.0	 504.2
970	 1110.5	 759.75
971	 810.9	 327.5
972	 1918.0	 441.8
973	 610.25	 949.5
974	 1715.3	 1073.1
975	 1771.25	 436.25
976	 1106.0	 704.25
977	 1813.8	 423.4
978	 1203.8	 1029.0
979	 1845.4	 411.35
980	 1897.25	 440.5
981	 1819.5	 405.75
982	 1053.4	 565.5
983	 1033.25	 497.25
984	 517.0	 1128.0
985	 560.45	 1166.55
986	 1066.0	 537.25
987	 572.9	 1161.0
988	 582.8	 1126.8
989	 462.5	 1094.8
990	 526.1	 1092.8
991	 508.7	 1081.4
992	 540.9	 1070.0
993	 594.8	 1190.3
994	 621.6	 1203.7
995	 603.2	 1178.0
996	 648.25	 1213.5
997	 633.6	 1161.6
998	 587.2	 1101.3
999	 630.6	 1125.6
1000	 635.4	 1116.6
1001	 630.0	 1096.2
1002	 626.25	 1103.75
1003	 411.7	 1051.05
1004	 392.75	 1023.75
1005	 431.8	 1062.3
1006	 1119.1	 553.3
1007	 448.4	 1033.4
1008	 377.5	 999.7
1009	 1523.0	 362.0
1010	 450.5	 1021.4
1011	 463.25	 976.25
1012	 486.75	 1068.0
1013	 526.25	 1062.25
1014	 616.4	 1068.5
1015	 564.0	 1038.75
1016	 631.8	 1038.5
1017	 1158.0	 490.7
1018	 574.5	 1025.0
1019	 591.25	 1002.5
1020	 643.75	 1020.15
1021	 679.2	 1226.2
1022	 708.6	 1239.5
1023	 699.0	 1210.7
1024	 651.9	 1155.5
1025	 655.75	 1160.5
1026	 673.5	 1153.7
1027	 782.75	 1249.1
1028	 781.75	 1218.0
1029	 734.6	 1177.3
1030	 733.7	 1139.9
1031	 756.5	 1204.25
1032	 793.5	 1207.0
1033	 777.9	 1164.2
1034	 790.8	 1163.2
1035	 773.45	 1134.65
1036	 657.4	 1085.5
1037	 681.1	 990.7
1038	 707.1	 1021.6
1039	 722.75	 1073.25
1040	 723.25	 1126.75
1041	 746.5	 1061.75
1042	 891.8	 387.6
1043	 774.2	 1125.5
1044	 771.3	 1101.1
1045	 754.25	 1086.5
1046	 718.5	 1026.0
1047	 739.6	 1051.2
1048	 746.25	 1005.0
1049	 779.2	 988.6
1050	 349.0	 950.6
1051	 351.8	 945.0
1052	 381.0	 950.9
1053	 336.4	 905.8
1054	 374.4	 919.2
1055	 375.8	 909.5
1056	 416.0	 920.75
1057	 369.0	 900.0
1058	 413.1	 894.7
1059	 1898.25	 1092.5
1060	 403.05	 909.6
1061	 425.8	 952.6
1062	 476.0	 938.2
1063	 456.8	 926.9
1064	 962.0	 392.0
1065	 519.4	 951.4
1066	 500.25	 956.5
1067	 525.8	 916.2
1068	 455.5	 895.75
1069	 456.5	 885.75
1070	 503.8	 918.2
1071	 521.2	 911.8
1072	 523.4	 884.4
1073	 310.25	 842.75
1074	 384.0	 862.0
1075	 357.35	 856.55
1076	 346.5	 854.25
1077	 361.0	 832.4
1078	 392.2	 859.8
1079	 1738.3	 1036.3
1080	 312.5	 808.0
1081	 323.9	 804.7
1082	 342.6	 810.2
1083	 344.25	 816.75
1084	 345.2	 795.7
1085	 376.6	 809.8
1086	 406.5	 805.0
1087	 447.65	 870.65
1088	 459.25	 859.5
1089	 487.65	 870.25
1090	 519.3	 841.5
1091	 463.25	 809.0
1092	 459.0	 780.75
1093	 468.1	 818.7
1094	 547.9	 962.25
1095	 568.9	 942.4
1096	 584.5	 963.8
1097	 625.6	 961.45
1098	 956.0	 343.0
1099	 574.9	 975.3
1100	 547.75	 911.5
1101	 556.6	 907.9
1102	 570.6	 899.0
1103	 574.0	 879.5
1104	 616.5	 910.05
1105	 638.7	 907.8
1106	 712.2	 964.9
1107	 666.0	 940.7
1108	 756.5	 983.5
1109	 763.75	 928.25
1110	 658.3	 923.7
1111	 676.0	 907.75
1112	 690.65	 921.6
1113	 675.0	 884.5
1114	 600.7	 869.95
1115	 555.95	 840.55
1116	 541.6	 834.8
1117	 638.9	 860.2
1118	 625.25	 833.5
1119	 588.5	 834.5
1120	 541.0	 804.8
1121	 538.75	 796.0
1122	 541.55	 776.15
1123	 598.2	 810.05
1124	 616.05	 833.3
1125	 657.9	 790.2
1126	 706.85	 870.15
1127	 665.6	 848.8
1128	 669.05	 837.5
1129	 1746.25	 1128.25
1130	 684.8	 829.4
1131	 726.4	 876.1
1132	 732.65	 883.6
1133	 778.6	 848.05
1134	 726.2	 828.8
1135	 776.5	 867.5
1136	 657.0	 796.0
1137	 697.7	 803.8
1138	 704.25	 828.75
1139	 667.0	 778.9
1140	 1064.8	 393.6
1141	 737.2	 828.35
1142	 792.6	 806.05
1143	 750.4	 834.4
1144	 740.75	 791.25
1145	 781.0	 779.25
1146	 779.3	 798.65
1147	 826.55	 1254.65
1148	 820.6	 1266.3
1149	 897.2	 1299.7
1150	 902.4	 1284.7
1151	 888.5	 1272.0
1152	 1084.0	 383.5
1153	 818.5	 1230.25
1154	 824.0	 1200.5
1155	 806.5	 1200.7
1156	 846.0	 1217.0
1157	 843.3	 1253.2
1158	 854.4	 1238.6
1159	 884.4	 1243.2
1160	 1129.3	 468.0
1161	 878.75	 1233.75
1162	 890.75	 1199.25
1163	 969.1	 1318.3
1164	 971.25	 1303.25
1165	 934.2	 1278.0
1166	 964.8	 1286.8
1167	 948.7	 1317.7
1168	 910.0	 1232.0
1169	 921.9	 1222.6
1170	 924.3	 1207.9
1171	 955.45	 1271.8
1172	 973.0	 1263.0
1173	 975.7	 1249.9
1174	 804.25	 1188.0
1175	 832.4	 1162.5
1176	 803.0	 1140.0
1177	 858.85	 1170.1
1178	 872.1	 1145.7
1179	 796.25	 1071.25
1180	 831.2	 1072.4
1181	 853.2	 1115.2
1182	 874.5	 1102.25
1183	 1061.75	 295.75
1184	 887.0	 1081.5
1185	 869.1	 1091.2
1186	 906.35	 1198.65
1187	 1043.25	 297.0
1188	 912.75	 1156.5
1189	 972.8	 1200.4
1190	 982.4	 1177.4
1191	 922.35	 1145.25
1192	 911.15	 1086.35
1193	 939.8	 1074.8
1194	 960.1	 1124.9
1195	 935.25	 1144.5
1196	 946.75	 1120.5
1197	 975.0	 1109.6
1198	 942.3	 1085.45
1199	 982.2	 1103.6
1200	 967.8	 1077.8
1201	 1014.0	 1316.7
1202	 1062.0	 1325.8
1203	 1058.8	 1289.4
1204	 1062.8	 1299.2
1205	 1084.75	 263.5
1206	 1017.75	 1261.0
1207	 1029.8	 1258.2
1208	 1002.7	 1249.15
1209	 1071.75	 1247.0
1210	 1115.4	 1305.9
1211	 1125.25	 1328.75
1212	 1134.0	 1324.4
1213	 1152.25	 1298.5
1214	 1111.7	 1228.5
1215	 1166.2	 1269.5
1216	 1150.0	 1229.6
1217	 1027.5	 1212.0
1218	 989.75	 1185.85
1219	 1011.7	 1186.7
1220	 1115.25	 261.0
1221	 1016.6	 1122.2
1222	 1021.7	 1099.7
1223	 1044.9	 1131.5
1224	 1067.0	 1120.6
1225	 1063.4	 1117.4
1226	 1034.0	 1090.4
1227	 1040.5	 1089.25
1228	 1096.2	 1193.35
1229	 1110.1	 1181.6
1230	 1152.2	 1207.5
1231	 1172.8	 1188.85
1232	 1136.65	 1155.9
1233	 1117.2	 1163.3
1234	 1095.25	 1150.25
1235	 1161.4	 236.0
1236	 1100.65	 1099.45
1237	 1108.3	 1085.9
1238	 1119.0	 1081.5
1239	 1109.4	 1146.5
1240	 1164.5	 1125.4
1241	 1167.25	 1140.0
1242	 1146.8	 1084.2
1243	 1144.25	 1072.25
1244	 819.3	 1065.35
1245	 871.4	 1059.8
1246	 855.45	 1033.0
1247	 879.7	 1018.6
1248	 881.0	 1004.9
1249	 830.5	 989.5
1250	 824.1	 946.6
1251	 832.8	 949.6
1252	 859.5	 982.5
1253	 1239.75	 1295.5
1254	 878.2	 947.6
1255	 870.95	 927.05
1256	 913.7	 1029.4
1257	 903.6	 1000.45
1258	 960.5	 1037.75
1259	 962.0	 1015.5
1260	 911.2	 959.8
1261	 896.0	 956.0
1262	 942.5	 980.75
1263	 922.6	 978.4
1264	 951.75	 960.25
1265	 953.5	 954.0
1266	 1252.9	 1247.35
1267	 834.8	 790.8
1268	 1248.0	 1224.25
1269	 874.0	 798.6
1270	 852.3	 799.85
1271	 865.0	 838.0
1272	 837.1	 770.7
1273	 894.85	 918.1
1274	 899.95	 891.5
1275	 1288.2	 1282.8
1276	 1280.0	 1280.0
1277	 972.0	 901.0
1278	 939.75	 884.0
1279	 975.45	 888.8
1280	 884.25	 827.75
1281	 919.2	 880.1
1282	 897.3	 812.9
1283	 897.3	 790.0
1284	 884.5	 777.75
1285	 927.1	 826.25
1286	 1277.5	 1257.5
1287	 944.7	 872.2
1288	 934.4	 821.4
1289	 960.0	 813.0
1290	 963.0	 787.75
1291	 954.8	 874.5
1292	 878.95	 918.05
1293	 1271.6	 1223.9
1294	 1012.1	 1043.65
1295	 990.5	 1047.0
1296	 1031.8	 1056.55
1297	 1025.1	 1028.2
1298	 1043.65	 1022.8
1299	 1063.9	 1013.1
1300	 1005.7	 984.5
1301	 1052.7	 977.2
1302	 1062.65	 980.95
1303	 1047.75	 957.5
1304	 1068.6	 1070.2
1305	 1313.6	 1226.6
1306	 1115.5	 1022.8
1307	 1128.8	 1047.15
1308	 1142.75	 1064.0
1309	 1075.0	 970.4
1310	 1078.0	 943.9
1311	 1154.4	 983.4
1312	 976.6	 909.0
1313	 1003.5	 926.0
1314	 1000.75	 939.5
1315	 1059.0	 936.8
1316	 1040.5	 869.4
1317	 1061.0	 870.3
1318	 1024.05	 912.05
1319	 993.75	 854.0
1320	 974.0	 813.5
1321	 978.6	 815.25
1322	 1331.6	 950.9
1323	 1016.4	 814.6
1324	 1029.9	 839.85
1325	 1051.6	 801.2
1326	 1065.5	 802.0
1327	 1106.0	 919.4
1328	 1103.0	 894.0
1329	 1086.2	 891.4
1330	 1107.4	 875.6
1331	 1113.0	 919.5
1332	 1163.05	 918.65
1333	 1076.0	 802.0
1334	 1094.0	 800.75
1335	 1163.3	 856.6
1336	 1150.5	 840.85
1337	 1173.0	 834.5
1338	 1100.0	 797.0
1339	 1163.1	 789.8
1340	 383.6	 765.9
1341	 438.4	 748.8
1342	 397.25	 731.45
1343	 1653.75	 859.0
1344	 1230.25	 1076.5
1345	 353.0	 687.45
1346	 431.4	 713.7
1347	 438.75	 704.25
1348	 497.6	 757.3
1349	 1283.8	 1169.4
1350	 493.4	 750.4
1351	 520.1	 756.5
1352	 469.0	 715.0
1353	 554.25	 711.75
1354	 556.7	 702.6
1355	 555.8	 695.2
1356	 386.0	 679.0
1357	 388.8	 671.0
1358	 362.6	 661.0
1359	 430.8	 678.2
1360	 417.6	 663.9
1361	 387.5	 633.0
1362	 406.0	 599.75
1363	 432.7	 635.6
1364	 431.0	 611.4
1365	 442.4	 608.9
1366	 451.2	 659.8
1367	 511.1	 636.0
1368	 479.0	 634.0
1369	 525.4	 681.5
1370	 561.2	 640.3
1371	 490.9	 624.7
1372	 475.8	 580.8
1373	 502.2	 595.3
1374	 501.3	 585.4
1375	 446.1	 585.3
1376	 524.2	 608.6
1377	 534.2	 603.65
1378	 537.15	 583.3
1379	 540.5	 595.0
1380	 579.75	 755.0
1381	 608.7	 761.0
1382	 600.3	 750.6
1383	 624.5	 751.2
1384	 612.2	 725.3
1385	 624.1	 723.8
1386	 596.2	 702.4
1387	 660.1	 725.4
1388	 651.4	 695.0
1389	 710.6	 717.0
1390	 742.3	 764.0
1391	 770.75	 765.85
1392	 777.5	 742.4
1393	 820.85	 763.25
1394	 815.0	 739.25
1395	 1701.6	 841.5
1396	 723.75	 727.5
1397	 764.2	 711.2
1398	 768.4	 684.7
1399	 805.7	 698.9
1400	 591.4	 674.6
1401	 631.4	 673.2
1402	 627.9	 665.4
1403	 1359.0	 1200.5
1404	 581.5	 644.45
1405	 619.8	 652.2
1406	 658.0	 680.25
1407	 704.25	 671.0
1408	 697.75	 655.0
1409	 610.0	 605.85
1410	 583.45	 589.85
1411	 1397.6	 1228.8
1412	 633.2	 604.8
1413	 639.2	 618.3
1414	 487.6	 786.8
1415	 693.5	 604.25
1416	 695.0	 593.2
1417	 712.0	 586.75
1418	 772.5	 659.25
1419	 1400.7	 1205.7
1420	 856.6	 1078.2
1421	 838.75	 646.75
1422	 825.2	 628.3
1423	 761.0	 602.75
1424	 734.3	 602.5
1425	 714.75	 579.5
1426	 1451.75	 1245.25
1427	 802.8	 609.0
1428	 788.0	 594.0
1429	 1740.0	 818.5
1430	 1454.8	 1229.2
1431	 1461.5	 1242.05
1432	 466.85	 581.7
1433	 423.5	 575.0
1434	 465.35	 561.9
1435	 474.8	 556.2
1436	 493.3	 580.2
1437	 518.5	 568.5
1438	 538.3	 531.2
1439	 527.0	 550.5
1440	 519.1	 547.6
1441	 444.8	 549.4
1442	 483.75	 545.75
1443	 490.7	 508.0
1444	 941.2	 1198.3
1445	 526.4	 508.25
1446	 585.2	 565.9
1447	 550.8	 533.8
1448	 605.5	 550.4
1449	 642.0	 556.8
1450	 667.4	 546.4
1451	 585.0	 517.25
1452	 568.3	 496.95
1453	 596.3	 498.1
1454	 570.6	 496.5
1455	 602.3	 525.7
1456	 659.25	 513.0
1457	 622.75	 502.25
1458	 507.45	 477.15
1459	 1362.75	 1156.5
1460	 540.0	 454.0
1461	 550.15	 461.8
1462	 559.5	 457.6
1463	 560.8	 449.1
1464	 575.1	 464.85
1465	 577.3	 425.7
1466	 585.2	 433.8
1467	 603.5	 457.5
1468	 664.0	 470.5
1469	 655.1	 462.2
1470	 633.75	 435.75
1471	 660.75	 446.25
1472	 646.75	 435.0
1473	 600.4	 411.75
1474	 1447.75	 1142.75
1475	 608.5	 417.75
1476	 654.0	 414.0
1477	 1319.25	 917.0
1478	 640.8	 387.4
1479	 659.0	 374.5
1480	 672.5	 568.0
1481	 696.0	 534.0
1482	 661.5	 522.0
1483	 720.35	 539.1
1484	 759.5	 517.5
1485	 716.7	 478.6
1486	 754.25	 495.5
1487	 715.7	 460.7
1488	 724.0	 460.0
1489	 783.75	 565.5
1490	 806.75	 513.75
1491	 811.7	 528.9
1492	 755.1	 481.8
1493	 796.2	 478.2
1494	 815.5	 449.25
1495	 1520.4	 1129.4
1496	 683.0	 401.0
1497	 695.5	 411.25
1498	 699.5	 404.75
1499	 731.2	 433.95
1500	 748.6	 419.7
1501	 738.0	 399.9
1502	 711.6	 386.6
1503	 707.6	 355.4
1504	 783.75	 391.75
1505	 836.75	 435.0
1506	 807.0	 400.75
1507	 840.75	 410.5
1508	 782.6	 363.0
1509	 796.1	 372.2
1510	 776.2	 307.5
1511	 792.6	 289.4
1512	 793.0	 314.8
1513	 1558.25	 1090.75
1514	 827.75	 308.0
1515	 846.75	 289.5
1516	 854.5	 731.25
1517	 846.05	 697.55
1518	 884.75	 732.0
1519	 857.7	 713.85
1520	 893.2	 718.4
1521	 912.6	 715.05
1522	 857.2	 658.9
1523	 869.1	 654.7
1524	 885.3	 670.0
1525	 1813.6	 1002.4
1526	 885.2	 626.1
1527	 888.0	 632.25
1528	 902.75	 654.35
1529	 928.45	 764.45
1530	 934.3	 726.1
1531	 944.6	 732.2
1532	 981.5	 711.75
1533	 925.5	 686.75
1534	 930.25	 692.5
1535	 945.8	 673.2
1536	 1203.2	 973.4
1537	 984.2	 689.0
1538	 969.5	 671.7
1539	 1003.25	 639.75
1540	 985.65	 659.9
1541	 978.2	 626.6
1542	 843.25	 768.0
1543	 1860.55	 1044.9
1544	 845.6	 581.85
1545	 844.75	 556.25
1546	 884.35	 590.1
1547	 871.25	 527.25
1548	 851.3	 490.1
1549	 854.1	 473.8
1550	 902.2	 530.3
1551	 911.2	 550.7
1552	 886.6	 479.2
1553	 918.0	 496.0
1554	 887.6	 482.6
1555	 1224.25	 969.25
1556	 955.85	 613.7
1557	 951.3	 578.2
1558	 934.25	 577.25
1559	 970.95	 578.75
1560	 989.5	 578.5
1561	 951.5	 548.75
1562	 957.5	 536.0
1563	 954.7	 515.6
1564	 930.0	 473.8
1565	 982.75	 547.25
1566	 972.9	 492.0
1567	 973.0	 504.2
1568	 1002.25	 490.5
1569	 997.6	 514.5
1570	 991.75	 629.85
1571	 1018.8	 731.8
1572	 1027.0	 712.8
1573	 1039.5	 720.6
1574	 1035.8	 741.2
1575	 1051.0	 767.8
1576	 1073.0	 766.4
1577	 1074.0	 758.5
1578	 1061.05	 725.95
1579	 1011.75	 642.75
1580	 1120.0	 789.75
1581	 1122.2	 730.6
1582	 1147.3	 783.65
1583	 1140.4	 738.75
1584	 1092.6	 671.7
1585	 1331.5	 980.0
1586	 1120.5	 694.25
1587	 1116.0	 702.7
1588	 1139.6	 689.6
1589	 1152.9	 687.0
1590	 1134.25	 641.5
1591	 1124.0	 631.75
1592	 1146.0	 658.75
1593	 1016.25	 624.5
1594	 1027.0	 565.2
1595	 1051.1	 582.05
1596	 1049.4	 605.2
1597	 1079.6	 597.0
1598	 1053.5	 591.5
1599	 1019.75	 542.75
1600	 1018.6	 529.3
1601	 1081.75	 531.5
1602	 1044.4	 509.4
1603	 1079.2	 501.5
1604	 1076.5	 513.5
1605	 1104.6	 606.4
1606	 1149.0	 606.5
1607	 1155.0	 565.75
1608	 1084.0	 539.0
1609	 1129.25	 525.5
1610	 1123.9	 553.15
1611	 1111.75	 480.25
1612	 1164.5	 518.25
1613	 1157.25	 482.75
1614	 1099.25	 589.0
1615	 844.0	 468.8
1616	 860.95	 471.75
1617	 838.75	 422.75
1618	 862.0	 431.4
1619	 871.7	 434.3
1620	 886.2	 454.7
1621	 902.2	 435.3
1622	 892.5	 419.0
1623	 886.75	 466.25
1624	 845.1	 404.6
1625	 843.9	 375.5
1626	 860.6	 351.7
1627	 887.3	 386.3
1628	 924.0	 386.0
1629	 911.25	 406.5
1630	 901.0	 354.0
1631	 931.1	 424.9
1632	 997.5	 436.25
1633	 948.0	 404.0
1634	 955.6	 399.2
1635	 938.7	 359.9
1636	 962.4	 362.4
1637	 991.75	 411.75
1638	 1001.9	 396.7
1639	 982.65	 365.35
1640	 881.25	 279.25
1641	 907.9	 315.5
