0 116 4.52371551917 63.5598017094
1 239 8.74482331472 16.0609871563
2 100 3.63196492317 13.5538654853
2 206 5.17450838794 17.0568893992
2 6 3.89493270008 28.4047867195
3 232 10.3586444855 7.85175139698
3 162 7.43408430635 33.164427097
3 159 10.227066757 17.0907786975
4 242 4.97859151465 51.1453678107
5 51 7.28216493551 37.739273006
5 220 5.0 46.1946188666
5 155 5.0 25.3034582617
6 68 3.92118208584 25.4329019186
6 39 5.59708690643 5.46191358408
7 249 7.09830583859 27.4314285413
7 164 4.11390505907 76.2880656077
7 13 6.94019065562 30.7605895689
8 192 8.89272348155 98.8179601041
8 189 8.72893265096 28.292592309
8 222 8.3366763263 42.7954402487
9 36 2.28335576911 22.2218923587
10 226 7.77276113082 62.5340588436
10 228 7.78603002015 64.7035072821
10 30 9.75582399945 8.03218631224
11 154 13.8069572113 23.5358373887
12 249 4.62929851442 79.8531604156
12 101 3.99026370127 9.91047390034
12 15 4.85567328774 47.8945917154
13 16 9.51421631226 29.1878695599
13 166 9.48450301128 150.00570042
14 25 3.58113884926 10.1867561078
14 118 8.39510726929 9.71853898485
14 22 8.08428895596 39.8533555577
15 16 8.67927390196 63.5304192014
15 30 9.22492883306 42.5249216735
16 34 7.02060818121 24.4822200922
17 179 4.36832608281 51.9762210456
17 212 4.36133592633 86.1283072902
17 165 15.0910237101 40.8057839415
18 34 3.66953469368 14.160724226
19 32 12.1369368813 45.3243273206
19 94 4.94462791241 41.7916399084
19 79 12.0211770679 13.625509897
20 246 7.27200174332 4.80754615162
21 30 1.69639658576 21.1521275526
22 195 16.1670432444 24.4841371806
22 207 11.0029389888 20.1433139982
23 34 4.59562234855 82.3632576309
23 26 4.6697629409 42.8921030028
23 197 4.48011658759 23.0087225477
24 168 3.75151004263 24.7369620567
24 26 8.27242304373 13.9525437267
24 165 7.20485308094 124.452900892
26 203 9.56079419503 11.2100155113
27 76 5.08850535475 63.6580537115
28 43 3.79802690783 37.3301188305
29 234 9.22066289272 47.7969123941
29 51 5.09062547699 42.1804943022
29 226 7.44685163413 27.4500738867
31 193 2.77841914054 23.5992718454
32 75 4.94464736272 70.3313403925
32 83 12.9043051777 53.2602195685
33 36 9.01112152006 50.7682807302
35 43 3.70206667525 29.3109856011
36 38 8.00749035344 22.8000383669
37 50 3.65339040837 53.321493351
37 78 5.1495650547 54.0439999422
37 62 4.46836717686 128.085978156
38 57 4.60554358229 64.1847333873
38 60 9.12413920729 74.5310737237
40 185 3.45060549914 39.5915803903
41 83 4.60875843391 24.7599216995
42 43 8.60221759987 19.6182901119
42 60 11.8761071302 10.3180631932
42 62 11.1291920239 62.8071968115
44 191 4.23606777191 9.90580637808
45 88 5.09901952744 15.8310612405
46 104 4.77739029361 68.496347881
46 123 14.5346661858 53.3933675139
46 87 15.0890484881 15.2083376603
47 50 6.32380103032 11.7030102523
47 52 4.10590768839 15.5262578869
47 77 5.8541021347 3.82099463491
48 157 3.80073062602 7.22561914519
49 207 6.53112888336 9.51590773389
50 79 4.59097215004 54.9739256375
51 73 4.33359127283 59.3762056815
53 122 4.57640568141 28.9005622783
53 84 5.09901952744 48.5105400918
53 102 4.34493762732 44.813916283
54 141 3.77495369052 27.9635477005
55 61 4.17785434829 21.2047754056
56 166 5.02181792519 28.3608354127
57 66 4.93041974879 19.0065778087
57 143 3.5 8.78464569576
58 66 2.88017602433 41.9756611874
59 61 5.03575478884 27.9641493777
60 63 7.95562686128 56.1365521327
61 122 6.81727225773 10.3821766321
62 64 11.8258356176 36.6201679489
63 69 7.77071399736 30.085654353
63 70 4.40432714305 44.3162498413
64 65 12.1815627139 42.5543770121
64 74 7.98558466263 78.1125357106
65 72 4.47982951876 40.5838637885
65 78 12.6084639638 29.6710034066
66 67 8.12774487904 8.52809108084
67 210 3.15666549982 31.5971725771
67 69 5.10448727326 45.8170274025
69 170 7.75151225184 52.6535251329
70 74 4.29481826648 51.0341419167
70 221 6.90141822231 9.8166999435
72 235 6.5806388855 6.72681202354
72 76 4.10494948913 25.3154810153
74 174 7.81318474883 22.7306148697
76 176 4.60761874019 47.1561236744
78 79 12.7738752617 48.1474470685
80 91 4.22624370128 10.5408714854
81 171 7.53705594717 19.316512609
82 202 7.86139137949 46.916733128
82 171 7.43119950474 32.2736762337
82 174 7.57391403444 32.6667535579
83 84 13.15386836 36.6513969529
84 85 13.7998107976 18.3493145785
85 88 13.6815655307 21.1413669642
85 121 8.82230487134 64.7094499854
86 204 6.08504390717 2.90688837075
87 88 14.545961409 29.1324103747
87 113 3.62446254848 36.6648673801
89 170 4.66340837489 23.2115376251
90 135 3.93105907368 23.8122867445
91 92 6.79109500554 31.9429721789
91 94 7.4722194001 27.4652412314
92 188 6.92779915381 20.0934203372
92 93 4.56239508673 53.8358172437
93 108 3.79418754605 12.3545475462
93 125 7.12128425218 3.22785722505
94 175 4.85892256522 47.2969209548
95 209 5.11667251587 9.05538513814
96 142 3.74724329443 25.8825230609
97 98 4.81390285492 7.7472575793
98 139 6.14005470276 4.17851648316
98 103 3.9519887712 30.2129111474
99 107 4.98586239304 25.2266723925
103 105 8.47690006878 8.07892815281
103 157 4.25827497537 29.4908884234
104 122 4.48118298224 61.7417015165
104 157 5.10003397192 40.5655333997
105 180 7.53414288084 19.8984633299
105 109 4.95969776556 42.4808780512
106 184 7.27583793868 8.58627973649
107 201 7.66445045279 15.2043323065
107 109 4.61759240119 42.5704416233
109 144 3.64722537394 28.9791994734
110 152 4.97011262678 9.50222113151
110 172 5.04880016352 36.1969957317
110 182 4.60719890822 43.8612870308
111 201 4.29702378402 80.1596703703
111 115 6.14266194966 17.0945617897
111 149 5.12097554084 67.9224538198
112 211 4.70304324596 30.6129832729
113 120 5.89414453506 7.98889854736
113 137 5.24209213257 53.0870276056
114 132 4.5615530014 10.6297930366
115 242 5.24209213257 35.423332706
115 167 4.38886936778 22.3843469457
116 118 7.0585739829 21.8590564699
116 207 4.15458298727 52.7114299675
117 130 15.0947376193 38.3591137105
117 131 14.9742871069 37.1815295719
117 126 9.81974381373 31.1316119564
118 242 4.83997046379 55.9348951907
119 121 3.77608912542 31.8453843621
121 192 9.85081796824 12.832516935
123 241 13.7419894925 39.7891658791
123 133 4.25686028897 42.6306915603
124 216 3.65997958171 89.1742059059
124 211 10.7809015593 21.3702461585
124 187 8.64084832762 26.1813515072
126 233 4.71497561796 22.4035711439
126 201 7.32577589802 26.0848935522
127 188 5.19258213043 11.3671676331
128 129 3.7963634685 29.8774723553
128 215 3.84080701511 9.89249396767
128 247 3.92409586906 3.19452656899
129 130 16.7943820953 8.75
129 149 16.5164920216 37.6325278331
130 141 4.86467548551 63.211485672
131 241 16.7390830399 60.664494207
131 132 11.4793194594 22.2829370151
132 136 5.01345044367 46.6908820897
133 137 4.1097934197 34.6168004778
133 135 6.63803003453 21.9579384306
134 164 8.20220404056 6.52777010615
135 138 4.00833809763 53.269403383
136 138 7.8708524187 27.0637784905
136 142 4.64803719483 19.7013958896
137 196 7.04705761326 57.4316481217
138 155 7.00467305662 40.4151103966
140 145 4.66440345202 20.6206782562
140 146 3.64427830063 59.5302017813
140 141 6.47016413957 11.5708623928
142 146 4.47904925031 17.9417111781
145 228 7.0037135483 69.6002925733
145 148 4.44935516331 123.890530813
146 220 2.93619861553 30.4304124192
147 216 2.69927297296 14.2159976031
148 149 19.5469442728 14.0665508144
148 150 17.8344531947 22.2652029286
150 178 4.02489467431 20.6344372349
150 151 18.3501080002 27.8959983219
151 248 13.3603172302 19.7135740037
151 195 19.4139857589 66.7460459599
153 168 3.24405847763 40.1285063624
154 218 4.69416205876 42.9773602912
154 156 21.3750817582 28.3935642423
155 196 6.91284015478 69.0855911129
156 232 4.42571994838 102.086281903
156 195 25.0389372683 23.7688565684
158 217 6.9163814621 25.2868796603
159 162 3.76880356996 34.8850971046
159 245 4.67237413691 16.1221896776
160 202 4.18191389416 15.7544278036
162 249 6.55240830339 24.6010387379
164 232 4.75628661376 30.7342834764
165 218 15.1263336468 24.923524194
166 218 12.2494029728 41.1334283477
168 181 4.5615530014 8.50367567585
169 234 8.95184219197 24.1861750087
169 229 8.23563077259 43.8429838304
169 231 4.27292843492 19.4154935087
170 172 7.56564141257 20.7691557444
171 172 7.20598992679 24.6636808114
173 182 5.04951000214 8.86002257333
174 176 4.44213132854 52.7959278733
175 240 7.32092894479 17.7268765273
175 177 4.74356561147 92.4399443576
176 177 7.96155425148 16.148163341
177 186 6.95173436621 44.5983463327
180 194 5.01188992716 26.4810542682
180 241 9.85281349078 45.7768557043
182 184 5.17667467388 33.7353301451
183 184 8.09867243873 19.4851234195
183 202 7.387501275 24.6741454978
183 186 8.82223589728 28.4425370879
185 240 7.33485646885 35.7363059463
185 187 6.68307104798 54.8002904381
186 211 10.4719585019 27.7247036407
187 213 9.52059861066 13.7516980659
188 190 4.47590751567 27.8345558614
189 200 7.20203122664 53.2820542711
189 219 4.51266335255 40.2397431946
190 243 7.77200174332 4.9117206761
190 191 9.00560373187 9.25600016114
191 199 4.59741002558 39.1751357861
192 193 4.60790029468 41.4608594443
193 208 6.83077843353 14.2699674784
196 206 8.14784753774 21.5373767548
198 227 7.0 4.25
199 200 4.36524756418 39.7430811589
199 240 6.14974420564 62.6981761704
200 214 7.2668162167 35.2889843483
204 208 5.01560756644 48.1462774201
204 222 5.01358842163 44.7612555677
205 208 5.07596005475 56.3812912232
205 209 7.84489010113 37.2937917902
205 206 10.2201538086 8.73121029102
209 229 7.04348581072 36.2292783139
213 216 3.35892392312 29.8987307064
213 214 9.30934320804 40.6211572721
214 217 4.33001205027 31.4233004724
217 219 6.95740448651 33.4494453211
219 224 6.63690898801 23.3315984485
220 246 7.93672533203 16.9195840554
222 223 9.19818315827 13.3806103435
223 227 6.72841122234 50.4234393499
223 230 8.6140401248 45.6381887568
224 238 5.04951000214 22.5411845297
224 227 3.75026214178 56.1811578734
226 236 6.97213602066 6.43272881443
228 246 7.59392215877 21.2183341561
229 230 11.3960926491 10.8629678266
230 237 4.88707112767 80.7698411373
234 239 10.8207284233 31.8619687556
239 244 4.18165316774 19.2505844067
