0 213 8.95031431096 59.2965390915
1 2 9.3288731829 10.7734995513
1 3 3.80763971102 24.8484283784
1 101 4.29901365605 29.7258305183
2 253 7.28776590286 41.3987623799
2 97 4.57925839895 24.6074175809
3 248 6.99480189585 47.199955154
3 101 7.85584215945 24.2952139745
4 107 8.56169364099 60.0887577334
4 251 12.9587426137 9.8149560593
4 247 10.5108525578 45.1405995874
5 199 4.52802421758 13.8370878439
6 206 5.04951000214 1.47139389696
7 73 4.74114151866 26.8480098584
8 10 13.9627038237 74.2529099325
8 21 12.9704331029 34.5539513997
8 55 4.38666278581 90.1335814222
9 152 7.21529733807 6.33658989851
10 55 15.2067125157 17.6953185002
10 23 7.86418854111 56.7218390255
11 224 4.39631390097 27.6155397966
12 240 5.92551270356 13.8584558965
13 197 4.20880091293 6.05185921846
14 240 7.46344041824 9.21954445729
15 24 10.9990276862 52.0298446321
15 236 18.4306057065 20.6021739875
15 55 13.141722324 114.02549431
16 251 9.37691082649 87.3201618186
17 24 4.12608228661 40.5274686418
17 19 3.01920752267 34.3273943083
17 84 8.17726248056 41.8080015471
18 106 4.15242007441 40.5488594168
18 196 12.2759325541 13.7762512808
18 221 10.0410808166 82.6448244926
19 237 4.19234903298 51.4609725674
19 25 4.43634117646 28.263271219
20 155 6.29588531645 32.7820876982
21 128 8.50636158825 50.9735844384
21 29 13.0607313552 19.0765579476
22 131 8.42077850382 31.2748746551
22 92 3.54137612275 23.0139088379
22 135 4.61951514053 30.7755178673
23 105 7.03112888336 6.43506021728
23 135 6.72730497546 30.8796411391
24 30 8.35386817408 32.8632424851
25 27 10.2808798703 10.4931556936
25 142 6.45916003788 43.4643122162
26 27 3.30095862176 40.0909156384
26 30 4.42568976153 32.5135356429
26 143 4.5615530014 7.62167960492
27 181 8.22035684524 43.2224775322
28 67 7.50222960123 21.4747469375
28 142 4.49688313668 45.1279419745
28 215 7.56499368724 64.7558703344
29 240 3.85526220021 79.5502985538
29 252 10.1292856543 23.0259886498
30 136 8.53558157666 25.4179980863
31 32 5.24209213257 4.94292423571
31 33 4.23712078641 27.6231715685
31 35 3.41961312597 43.2034752984
33 47 4.32742911237 121.2
33 36 6.83354892644 16.2160163664
34 163 3.25823510704 22.2736100347
35 36 6.81054044843 36.8149944522
35 109 6.74252867539 36.4808647036
36 43 4.48996373782 30.1189804078
37 58 15.4234716959 29.4272852868
37 238 16.8669477378 56.3775161557
37 191 10.632612978 18.5247548784
38 222 4.73606777191 12.7295915095
39 41 17.4170244699 47.9666680954
39 58 16.8692481367 22.1192806632
39 43 10.4383746712 34.2726999815
40 81 10.1574689351 68.7378333035
40 74 4.10151193615 23.8929139469
40 75 10.9804205081 15.2137861683
41 96 4.0010441524 30.8449347543
41 42 18.2580063392 29.3036134196
42 50 18.7993971136 31.137744262
42 255 12.0131492615 18.2773767264
43 193 3.95052614352 8.58618075747
44 49 3.98106687056 51.9638355454
44 45 7.8676150412 9.74732245067
44 47 6.53817910954 25.4407055566
45 220 4.56025318617 39.7020150622
45 225 5.58518840617 9.95409988541
46 160 6.3000883851 9.03810591575
47 52 10.5704768406 70.4078400022
48 217 9.1930513382 7.25482597999
49 250 9.44284441638 16.2122098247
49 53 14.0328640419 52.3649982614
50 60 4.24407388341 58.8484706683
50 52 19.4260337433 31.2558814539
51 88 3.86179659749 34.1858315611
51 94 8.39645405556 19.384291016
51 86 7.97237687036 64.4593545964
52 54 23.7418112077 13.0240851935
53 56 18.4583404767 38.5673538953
53 54 24.0233694385 29.7504792927
54 164 15.4154758453 24.4502044981
56 82 13.3779859412 28.8179269712
56 102 12.220807679 29.871525213
57 192 6.84266883095 28.3307515214
58 59 4.23668366884 39.5947261861
59 67 8.34904400499 106.99697859
59 219 4.5438508797 61.0526207464
60 76 4.64287698359 44.6229201196
60 63 6.46871338771 28.7813667554
61 161 9.51875399069 22.6578514773
61 138 2.5022737161 24.3755380867
61 150 9.71289669533 16.4102667899
62 118 5.5615530014 8.81164002896
63 64 6.22917204227 17.7098807212
63 71 7.74245899758 16.3576732952
64 219 3.51431176525 18.2293195196
64 69 4.17031952607 86.7915385241
65 137 6.68168582068 28.0448713393
65 68 9.51531112605 37.7607666633
65 229 6.36384010315 5.89957625597
66 219 5.7725657617 4.02732720984
67 179 6.72140443367 19.1202706953
68 144 13.7929424192 30.6489557208
68 167 9.6174201039 26.5841661202
69 72 8.10701985157 47.867651867
69 179 4.3384294926 51.7012814155
70 117 8.41859722137 8.19054332752
71 72 6.25521751477 70.0735461644
71 74 3.82599188431 28.5121465344
72 188 4.73606777191 33.814235168
73 195 7.82410189468 41.0878336172
73 214 11.9696236306 6.7578413199
74 78 3.16123037818 51.9923345417
75 188 9.46857810566 68.256120265
75 198 7.02915417524 26.9467334893
76 80 3.67371165256 14.7480133052
76 151 4.56676464193 16.1568870764
77 119 8.84327096911 21.6222933648
78 80 5.29748291572 11.6381563286
78 79 5.15154361725 4.93963561409
80 81 4.22707344834 28.7271648444
81 82 10.70935911 90.8866772767
82 83 16.6815720063 22.9644347827
83 88 9.70894220515 80.2425252214
83 85 18.7622068544 25.0856649581
84 236 17.9688288934 16.4546774613
84 237 15.1269028153 47.3869956
85 104 14.3209934235 15.2777616162
85 86 16.9199256897 15.8922150753
86 87 11.4186388724 24.7637557007
88 90 7.86091434672 32.0810967912
89 208 7.97213602066 9.01387818866
90 202 7.03028863037 39.6935210831
90 203 8.05158693019 58.6751629994
91 169 6.93934638576 9.95703738363
93 233 5.31769925478 4.23130005675
93 205 4.42162782277 23.5221703931
93 95 3.52772756274 16.3047573151
94 178 3.60322821587 33.0960900334
94 205 7.12551192082 16.6611415755
95 249 3.33081251537 22.0445298279
95 242 4.18287277222 4.54470873087
97 253 4.03069101751 40.6796070315
97 103 3.75609484601 22.4471764954
98 227 7.72476628535 8.39675128356
99 114 4.40119579066 43.4872969958
99 100 9.12570381165 6.73665347187
99 101 10.6353604782 11.5631039317
100 107 7.67670293511 75.6333765724
100 111 6.13914867629 35.2391877201
103 114 3.32690343303 41.8478792772
103 254 2.51499365587 16.2963186027
106 184 8.64090156555 7.52628726531
106 185 2.99301435336 44.1133575811
107 108 3.79409996615 16.9556566682
108 112 6.60909097545 9.02188547143
108 113 4.17444679552 45.4041848292
109 176 2.22165952076 10.6576563577
109 234 4.73606777191 25.0874470602
110 116 3.62978570276 34.490655277
111 112 4.12445299632 62.6179886295
111 223 6.135519577 29.579652721
112 123 4.75413513184 37.6785416384
113 132 3.23651067043 30.0759455379
113 123 3.39586780363 45.8405098253
114 192 7.58296855579 27.7235451471
115 207 3.6962876161 13.0915726033
116 200 4.3573884964 1.48660687473
116 214 4.20485250491 28.6818462864
117 192 10.3071603775 7.19617954195
117 118 7.94063668909 16.4851399294
118 119 9.99540960275 17.6191621444
119 210 9.67513725096 20.9865826528
120 172 6.90347614458 23.1278672647
121 185 4.09693080921 27.827254671
122 201 3.24693865667 29.4118590286
123 126 3.64895257641 31.2998801915
124 194 3.2859453386 21.6785317245
125 187 4.4282177687 18.8308257918
125 126 7.99133193564 14.2369990522
125 223 6.54154980609 46.2799081248
126 127 9.75702110203 10.4770680516
127 158 3.93959825852 53.8490482739
127 150 7.93833185529 59.3806881676
128 130 4.28552841647 32.3679625556
128 132 8.6152738012 43.2106144395
129 172 8.34527812762 64.4378657691
130 131 9.31904624963 17.4631014262
130 141 7.41938764355 12.3311818998
131 134 7.66673006461 30.2817255754
132 133 10.889345525 18.1447916774
133 139 4.14179193678 27.4647501354
133 150 8.28083080589 24.4615846365
134 137 4.09626415228 18.8268973983
134 157 5.5 6.69047830876
135 137 3.97805140247 38.9603965586
136 147 10.1265136881 70.1165787809
136 182 3.75278414395 56.1991401653
138 144 4.66088242999 41.4659498866
138 139 6.5 4.28514877221
139 140 4.56942540858 21.4709105536
140 154 3.67141937816 8.77098164668
140 204 3.94750217464 8.21940693325
142 239 3.53946853496 69.5104526306
144 159 11.5096160427 11.1827084989
145 174 7.66556274989 44.1937466355
146 149 6.72653422794 18.6275029715
147 243 11.0502250422 22.1649490358
147 149 10.8478150535 34.9281672723
148 168 9.5554648235 18.3250573443
148 167 7.43276610866 52.0520347549
148 231 4.572878486 35.4158730948
149 173 10.7804896172 11.8423903068
152 187 8.2426404953 18.0936452933
152 155 7.40491819382 19.996999775
153 177 3.52818971839 48.9938771685
155 210 8.55721348735 39.3758871004
156 235 8.23152764829 29.6456817514
158 187 9.02289486489 65.9035247572
158 163 9.65704322603 21.3029992745
159 160 7.37899029265 19.3651672539
159 161 8.82034856011 32.9944715211
160 165 3.34782386123 47.5939075004
161 162 7.22714520071 57.2194439428
162 163 3.88770490112 39.1859668759
162 165 7.85099643746 27.9464552771
165 170 4.26718944347 89.0207575156
166 244 4.48215377946 18.2758102147
167 170 6.85221698995 26.4742761591
168 169 8.65447013594 19.2990241537
168 243 9.42485936187 62.0875379585
169 174 8.50147480582 44.2147124103
170 174 6.62591963004 32.207423447
171 182 5.5 3.2442256395
172 243 7.66357287936 28.2341965435
173 177 4.26897981661 39.432473927
173 230 9.7565323703 46.6826846786
175 244 3.32596465648 8.6337358315
177 186 3.14465430266 27.2810402367
178 202 4.44092924316 18.1245689604
178 207 4.20175402906 22.6549738263
179 184 7.20106640144 13.2796751754
180 221 3.98005996416 86.3604365436
181 182 3.85320599638 28.3071652543
181 215 8.38217356808 13.5053084915
183 226 3.09678750362 7.77190452849
184 190 3.97922838229 91.3416769226
185 209 6.96655772133 9.45339515887
188 189 10.3211759395 11.8465602946
189 196 8.49834437607 77.9971252117
189 195 4.55100497497 33.6752134366
190 230 9.12230734641 54.9833211948
190 215 10.5878117291 6.40597379604
194 202 6.458089408 41.3409392132
194 218 6.69781160355 4.83735464898
195 197 4.58211595158 44.0296697936
196 226 6.36247986463 76.2295537742
197 226 6.3545700062 21.9784824256
198 212 4.33509340199 32.710472504
198 199 3.62740740967 27.1528816956
199 203 7.00272375957 37.2611821913
201 203 9.04753494263 7.26722092687
201 212 4.50140910884 31.9188423976
205 207 4.3573884964 37.7767124033
206 216 3.33691738201 61.2089080723
206 213 7.4998620661 23.3940616652
208 212 4.43764935166 28.7141080307
208 214 10.2494559835 8.43128216208
210 223 7.04822950291 18.8138442159
211 252 9.11318511606 12.9970822264
213 217 11.1665739977 12.9210637195
216 248 10.3015087578 63.2378102821
216 241 10.4593663773 10.5759181823
217 241 8.92754643734 20.8488938537
221 235 9.18826617024 29.8623579806
222 224 6.06574563782 32.7200859633
222 246 4.33602779187 46.3922676747
224 247 3.35887669974 47.3954177079
227 232 4.00986086062 77.6667836607
227 236 8.62095963739 87.7458072021
228 232 7.18382458129 20.275310479
230 235 12.623751706 12.6061424914
232 234 7.20544420945 13.3300023192
234 238 8.65414114804 56.8373620191
237 239 15.2320532682 31.7234745585
238 239 17.6172447205 9.86470982847
241 245 4.13388693523 38.3462843945
244 245 7.19258213043 6.15893659652
245 253 8.34617842855 25.6466905828
246 248 11.4237464706 18.7724263539
246 247 12.8631481791 28.6827481039
251 252 10.1382449781 42.4839932355
