0	 590.2	 2021.4
1	 3732.05	 1288.4
2	 3683.05	 1203.9
3	 3791.5	 1246.5
4	 3786.2	 1225.6
5	 3934.0	 1269.7
6	 1379.25	 1567.25
7	 3674.1	 1199.8
8	 3752.75	 1190.75
9	 3663.2	 1149.4
10	 3670.5	 1148.5
11	 3730.1	 1154.65
12	 3847.5	 1177.0
13	 3901.6	 1170.6
14	 3922.0	 1155.95
15	 3917.0	 1122.5
16	 4059.2	 1188.7
17	 4153.8	 1170.0
18	 4087.9	 1134.7
19	 4114.5	 1121.75
20	 4335.4	 1364.8
21	 4241.75	 1318.75
22	 648.25	 1959.5
23	 4197.5	 1327.1
24	 4368.5	 1349.5
25	 4142.25	 1226.25
26	 4151.0	 1244.0
27	 3406.55	 1837.4
28	 4203.2	 1251.6
29	 4200.75	 1220.5
30	 4218.9	 1206.7
31	 3293.4	 1159.5
32	 4503.0	 1366.8
33	 4548.75	 1340.7
34	 4527.1	 1292.4
35	 4533.7	 1296.0
36	 4600.25	 1350.0
37	 4478.25	 1222.5
38	 4491.25	 1216.0
39	 1590.25	 1630.25
40	 4289.0	 1180.6
41	 3670.3	 1142.6
42	 4182.0	 1143.0
43	 4206.5	 1140.5
44	 3690.6	 1152.3
45	 4328.1	 1182.1
46	 4352.6	 1126.6
47	 3722.0	 1154.5
48	 1757.75	 1651.1
49	 4225.15	 1102.55
50	 4240.0	 1014.8
51	 3710.0	 1156.0
52	 4326.6	 1077.35
53	 4390.5	 1070.75
54	 4520.25	 1193.5
55	 4704.75	 1166.0
56	 4589.75	 1139.75
57	 4627.1	 1112.7
58	 4729.75	 1151.25
59	 4470.75	 1020.5
60	 4470.1	 1037.2
61	 1057.4	 1187.2
62	 4542.6	 1037.1
63	 4545.75	 1045.75
64	 4705.2	 1054.2
65	 4715.5	 1014.5
66	 4526.5	 1093.45
67	 3731.75	 1007.0
68	 1829.6	 1294.2
69	 3667.4	 961.9
70	 3432.1	 1710.3
71	 3867.25	 965.05
72	 3915.3	 986.2
73	 3773.25	 925.0
74	 3938.9	 948.1
75	 3812.2	 913.7
76	 3998.4	 982.8
77	 4037.4	 973.0
78	 4153.25	 1015.0
79	 4150.75	 943.75
80	 4030.25	 929.25
81	 3618.0	 1835.0
82	 4017.25	 900.75
83	 3724.75	 1114.25
84	 4124.65	 910.1
85	 1736.25	 1582.25
86	 4284.5	 926.0
87	 4197.0	 899.6
88	 990.75	 1160.0
89	 3806.5	 848.0
90	 3945.3	 884.4
91	 4049.1	 888.2
92	 3619.2	 1830.6
93	 3736.2	 1016.0
94	 3930.55	 826.35
95	 3848.5	 1139.75
96	 3731.3	 1793.4
97	 627.0	 1479.8
98	 1974.25	 1302.0
99	 3578.0	 1708.0
100	 3581.85	 1701.8
101	 4216.05	 881.1
102	 4265.5	 883.3
103	 4280.0	 869.8
104	 3593.5	 1678.75
105	 4302.2	 821.0
106	 4193.5	 781.0
107	 2003.25	 1264.75
108	 782.4	 2011.0
109	 3613.7	 1676.9
110	 4506.25	 954.15
111	 4462.2	 958.0
112	 4359.0	 867.5
113	 4430.5	 869.5
114	 4332.3	 853.8
115	 4381.35	 830.7
116	 4434.6	 881.0
117	 816.5	 1997.75
118	 4452.0	 847.0
119	 4447.5	 833.0
120	 4449.9	 826.1
121	 4507.5	 831.0
122	 4591.9	 1006.8
123	 1708.15	 2095.6
124	 3908.15	 1958.05
125	 4114.25	 1162.5
126	 4713.5	 972.5
127	 4170.8	 1190.05
128	 4702.9	 922.8
129	 4716.0	 896.5
130	 2111.8	 1038.4
131	 4615.25	 854.25
132	 1936.0	 1243.75
133	 727.25	 1881.0
134	 4694.8	 878.0
135	 4742.45	 849.8
136	 4638.25	 801.0
137	 792.05	 1984.65
138	 4373.6	 798.8
139	 3772.25	 1838.0
140	 4442.7	 765.7
141	 4119.75	 1125.75
142	 4568.75	 777.25
143	 4628.5	 794.0
144	 3046.3	 1896.6
145	 1948.75	 1214.0
146	 4488.0	 723.5
147	 4630.4	 721.0
148	 4646.1	 722.7
149	 833.0	 1909.25
150	 4754.75	 781.25
151	 4744.25	 750.0
152	 4114.4	 1112.8
153	 4807.5	 688.7
154	 4852.25	 685.5
155	 4159.7	 1118.2
156	 345.7	 1863.85
157	 4072.0	 1073.75
158	 4761.3	 653.0
159	 4806.6	 650.15
160	 4790.2	 639.0
161	 4783.9	 582.1
162	 3876.75	 1828.0
163	 3332.5	 1808.8
164	 3929.2	 1811.1
165	 1997.5	 1730.75
166	 3971.7	 1793.8
167	 202.4	 1380.95
168	 4330.4	 1359.2
169	 1741.2	 2086.4
170	 2222.7	 1294.5
171	 4386.75	 1339.75
172	 4383.75	 1376.25
173	 251.55	 1793.35
174	 688.7	 1294.1
175	 4183.0	 1262.8
176	 4241.75	 1263.45
177	 4278.5	 1235.25
178	 2352.5	 1610.0
179	 428.25	 1784.75
180	 518.95	 1799.25
181	 4314.25	 1232.5
182	 4130.75	 1790.5
183	 4311.7	 1228.9
184	 405.0	 1774.8
185	 4286.25	 1211.5
186	 4313.2	 1217.7
187	 2255.0	 1203.75
188	 2114.2	 1723.6
189	 4340.9	 1195.1
190	 1343.5	 1155.05
191	 450.4	 1750.8
192	 4495.25	 1344.25
193	 1420.7	 1160.9
194	 1336.4	 1129.05
195	 543.25	 1843.75
196	 2333.1	 1221.8
197	 2266.8	 1728.2
198	 4556.8	 1340.8
199	 4549.0	 1289.6
200	 2673.0	 1692.5
201	 3907.15	 1775.55
202	 1545.5	 1162.8
203	 3841.95	 1723.35
204	 1886.75	 1644.25
205	 1340.75	 1104.75
206	 773.2	 1874.7
207	 1422.5	 1104.5
208	 1363.0	 1007.5
209	 3860.2	 1712.8
210	 4694.5	 1226.75
211	 807.0	 1793.4
212	 1480.2	 1030.2
213	 2023.8	 1617.4
214	 796.7	 1999.6
215	 1516.2	 1018.4
216	 976.75	 1956.0
217	 2463.2	 1439.9
218	 2507.25	 1448.0
219	 1793.0	 1483.2
220	 1676.4	 1157.4
221	 1871.0	 1479.75
222	 1950.75	 1577.0
223	 4212.9	 1722.6
224	 4251.75	 1718.5
225	 904.5	 2037.5
226	 2001.85	 1578.2
227	 4565.5	 1549.25
228	 934.8	 2031.6
229	 1937.45	 1472.5
230	 1001.3	 2076.6
231	 1758.5	 1117.0
232	 4382.4	 1087.2
233	 1651.8	 1030.8
234	 941.6	 1955.2
235	 4296.4	 1061.3
236	 2148.75	 1593.5
237	 4333.2	 1053.9
238	 2189.6	 1653.6
239	 2222.6	 1646.6
240	 2232.4	 1660.0
241	 4279.4	 1699.4
242	 4377.1	 1048.6
243	 1784.6	 1105.6
244	 1795.9	 1032.4
245	 2812.0	 1706.4
246	 4297.3	 1683.25
247	 2237.0	 1597.0
248	 1793.6	 1015.1
249	 4049.05	 1382.4
250	 1309.4	 995.6
251	 4497.3	 1125.5
252	 1019.25	 1952.0
253	 1030.5	 1947.75
254	 2040.0	 1478.2
255	 1311.75	 960.5
256	 2222.75	 1587.0
257	 4717.4	 1174.2
258	 1354.75	 943.0
259	 1303.2	 935.8
260	 2193.4	 1477.4
261	 2242.9	 1476.9
262	 1167.0	 2031.0
263	 1521.4	 990.1
264	 93.7	 1438.4
265	 1225.35	 2091.35
266	 820.8	 1868.5
267	 4436.0	 1025.0
268	 1457.6	 940.4
269	 2970.6	 1596.8
270	 1519.1	 960.2
271	 3339.75	 1569.75
272	 120.75	 1413.75
273	 4568.9	 1055.75
274	 4544.6	 1053.0
275	 1325.95	 930.7
276	 3711.4	 1619.55
277	 3721.75	 1607.75
278	 1182.3	 2006.8
279	 4611.9	 1038.4
280	 1102.6	 1950.8
281	 3853.4	 1604.8
282	 1118.8	 1952.2
283	 349.25	 1426.75
284	 1490.25	 933.75
285	 3807.8	 1565.6
286	 2006.75	 1136.25
287	 1421.9	 866.8
288	 863.0	 2069.0
289	 3918.5	 993.3
290	 239.0	 1397.5
291	 1266.6	 1917.2
292	 184.7	 1357.3
293	 970.0	 2056.0
294	 712.5	 1187.75
295	 258.15	 1342.1
296	 305.8	 1402.6
297	 3744.6	 898.6
298	 1616.0	 941.25
299	 1644.3	 949.9
300	 1024.0	 1882.5
301	 423.0	 1365.5
302	 471.0	 1435.75
303	 588.75	 1432.75
304	 3991.25	 992.25
305	 462.0	 1431.5
306	 505.0	 1425.25
307	 2441.2	 1111.75
308	 2382.4	 1152.8
309	 4041.0	 981.5
310	 3530.5	 1413.0
311	 576.0	 1426.0
312	 1167.4	 1147.0
313	 1640.25	 933.25
314	 1035.6	 1799.0
315	 3553.5	 1392.9
316	 604.6	 1413.4
317	 4198.0	 962.75
318	 4147.6	 946.2
319	 4289.2	 955.9
320	 2543.2	 1074.2
321	 4044.0	 932.25
322	 1113.25	 1919.5
323	 1520.05	 993.3
324	 688.4	 1078.5
325	 1099.5	 1843.5
326	 1260.0	 1628.0
327	 1182.0	 1903.2
328	 1905.0	 1146.25
329	 4124.3	 902.3
330	 1285.25	 1914.75
331	 3891.75	 1397.5
332	 665.6	 1393.4
333	 2003.0	 1171.6
334	 2052.0	 1164.75
335	 1180.25	 1875.0
336	 2052.25	 1126.75
337	 4139.25	 1602.25
338	 1877.05	 1116.25
339	 1188.4	 1777.0
340	 4171.9	 1646.05
341	 1198.5	 1802.75
342	 3905.4	 880.4
343	 4022.55	 740.35
344	 1877.0	 1029.5
345	 3976.0	 852.2
346	 1248.7	 1784.7
347	 1941.75	 1039.55
348	 380.4	 1300.1
349	 4039.0	 1524.25
350	 1977.2	 1020.6
351	 432.0	 1285.0
352	 221.7	 1278.9
353	 2088.6	 1154.2
354	 1277.4	 1888.0
355	 2115.3	 1144.8
356	 4467.25	 905.75
357	 2121.5	 1118.75
358	 2155.2	 1132.0
359	 368.9	 1266.2
360	 2267.75	 1169.75
361	 4027.25	 750.0
362	 2243.5	 1146.0
363	 1341.25	 854.75
364	 1583.6	 1219.2
365	 465.75	 1248.05
366	 427.1	 1234.3
367	 2295.25	 1135.0
368	 426.25	 1254.5
369	 4414.5	 1585.75
370	 3946.0	 1643.7
371	 4451.2	 1662.7
372	 318.55	 1650.05
373	 4316.1	 915.0
374	 2066.5	 1048.5
375	 2095.75	 1037.25
376	 4229.0	 810.75
377	 311.95	 1621.5
378	 398.0	 1612.75
379	 291.75	 1691.25
380	 616.8	 1319.2
381	 406.4	 1734.0
382	 212.3	 1568.5
383	 563.0	 1743.75
384	 263.6	 1607.8
385	 623.8	 1717.0
386	 532.1	 1251.9
387	 526.8	 1705.2
388	 466.6	 1219.1
389	 602.4	 1686.2
390	 626.4	 1710.6
391	 588.6	 1239.8
392	 717.0	 1261.5
393	 502.4	 1663.4
394	 4368.75	 937.0
395	 2906.0	 1248.0
396	 589.0	 1224.75
397	 403.0	 1621.5
398	 489.9	 1649.1
399	 558.6	 1739.0
400	 4346.05	 902.15
401	 4072.4	 1461.2
402	 527.25	 1657.0
403	 1948.25	 969.5
404	 780.0	 1454.25
405	 2848.8	 1972.0
406	 863.9	 1451.2
407	 4283.75	 1498.15
408	 1875.0	 1218.25
409	 760.25	 1426.5
410	 1900.2	 924.2
411	 620.7	 1617.0
412	 1799.25	 842.0
413	 637.5	 1615.0
414	 850.7	 1407.3
415	 893.7	 1448.6
416	 129.0	 1572.75
417	 4426.75	 893.25
418	 1026.5	 1435.7
419	 4405.0	 862.25
420	 105.4	 1541.6
421	 4170.7	 1822.5
422	 2006.0	 923.0
423	 944.75	 1413.25
424	 4116.0	 1408.0
425	 777.8	 1390.8
426	 3018.5	 936.5
427	 249.8	 1567.0
428	 4353.4	 1422.8
429	 1522.2	 1815.3
430	 4519.0	 873.25
431	 4211.0	 1414.0
432	 4473.5	 1507.0
433	 92.5	 1502.25
434	 4780.25	 812.0
435	 1060.6	 1463.8
436	 324.75	 1527.75
437	 1101.4	 1436.4
438	 332.2	 1516.2
439	 831.7	 1131.0
440	 4668.5	 973.75
441	 262.5	 1489.5
442	 1217.25	 1423.75
443	 2193.6	 1019.8
444	 2286.25	 942.25
445	 495.25	 1585.0
446	 2789.75	 1180.5
447	 2247.9	 922.6
448	 4477.2	 1389.8
449	 426.6	 1549.0
450	 645.6	 1576.2
451	 4664.4	 848.3
452	 4274.25	 1666.5
453	 4282.3	 1690.8
454	 463.8	 1479.2
455	 4361.15	 794.35
456	 2447.6	 2124.0
457	 4394.2	 794.2
458	 593.4	 1534.4
459	 2448.9	 1349.0
460	 2477.7	 2117.4
461	 364.25	 1504.75
462	 398.6	 1509.8
463	 426.0	 1511.0
464	 753.2	 1258.0
465	 851.5	 1267.5
466	 606.2	 1533.0
467	 4111.5	 919.2
468	 4598.5	 746.75
469	 4819.8	 756.0
470	 2326.8	 1276.2
471	 2408.0	 1283.75
472	 2387.35	 1258.35
473	 971.5	 1247.5
474	 4593.7	 719.7
475	 968.75	 1242.5
476	 707.0	 1699.75
477	 979.75	 1214.75
478	 799.0	 1701.4
479	 2550.25	 1981.25
480	 2583.25	 1274.75
481	 4685.4	 749.35
482	 2655.0	 1982.5
483	 2780.3	 1363.1
484	 846.7	 1703.0
485	 2578.8	 1935.1
486	 2769.5	 1353.2
487	 2829.0	 1365.2
488	 2696.6	 1985.8
489	 4790.8	 738.4
490	 1096.7	 1720.9
491	 3220.2	 917.2
492	 4852.8	 690.0
493	 4852.25	 682.0
494	 889.8	 1554.4
495	 346.25	 1188.0
496	 2416.75	 1860.0
497	 2321.4	 1766.4
498	 1620.75	 1381.0
499	 2932.25	 1298.75
500	 1139.25	 1707.5
501	 2482.0	 1754.0
502	 4809.5	 647.75
503	 2597.65	 1904.05
504	 4793.0	 575.5
505	 1577.0	 1331.0
506	 429.8	 1148.0
507	 587.7	 1988.9
508	 539.4	 1965.95
509	 563.6	 1947.7
510	 650.8	 2019.45
511	 495.4	 1930.4
512	 396.6	 1121.4
513	 536.5	 1032.75
514	 510.15	 1877.75
515	 585.5	 1883.2
516	 615.9	 1898.8
517	 664.85	 2018.05
518	 671.3	 2001.5
519	 728.5	 2030.5
520	 787.6	 2035.5
521	 562.25	 1079.0
522	 784.8	 2012.8
523	 2345.2	 1187.8
524	 751.05	 1938.6
525	 665.0	 1888.9
526	 789.4	 1936.2
527	 841.15	 1953.1
528	 315.0	 1827.5
529	 347.8	 1856.4
530	 364.9	 1855.7
531	 286.3	 1801.25
532	 335.4	 1809.6
533	 392.5	 1803.5
534	 461.0	 1839.4
535	 1062.4	 1662.6
536	 494.75	 1105.75
537	 538.25	 1800.75
538	 268.25	 1792.5
539	 2025.2	 1680.6
540	 436.75	 1751.75
541	 525.85	 1750.45
542	 665.5	 1870.5
543	 760.3	 1867.1
544	 2736.25	 1858.75
545	 760.6	 1842.75
546	 825.0	 1849.0
547	 625.85	 1195.25
548	 741.5	 1830.7
549	 794.75	 1825.25
550	 648.75	 1776.5
551	 1176.4	 1682.2
552	 727.0	 1751.25
553	 757.05	 1768.25
554	 1207.25	 1687.25
555	 898.25	 2070.75
556	 852.8	 2022.8
557	 906.0	 2039.25
558	 1546.75	 1206.75
559	 1004.3	 2069.85
560	 962.0	 1998.2
561	 2395.25	 1162.75
562	 887.75	 1983.75
563	 865.9	 1920.8
564	 924.6	 1944.9
565	 1066.9	 1980.9
566	 970.4	 1927.2
567	 1020.15	 1947.4
568	 1006.75	 1915.75
569	 1087.1	 2055.0
570	 2665.5	 1826.25
571	 1181.4	 2069.1
572	 1151.5	 2031.25
573	 1159.35	 2036.3
574	 1099.0	 1988.75
575	 2466.5	 1148.5
576	 1154.1	 1978.45
577	 1107.6	 1946.2
578	 1108.5	 1921.5
579	 1250.55	 1961.2
580	 950.75	 1904.5
581	 1065.5	 1890.0
582	 952.75	 1853.2
583	 1063.0	 1834.0
584	 915.8	 1821.0
585	 917.5	 1797.1
586	 852.5	 1754.75
587	 987.1	 1837.4
588	 1006.0	 1788.0
589	 2495.0	 1161.4
590	 1090.0	 1885.0
591	 1154.25	 1903.75
592	 1758.4	 1294.85
593	 1277.7	 1907.35
594	 1229.8	 1885.7
595	 2540.25	 1163.0
596	 1211.2	 1847.7
597	 2582.8	 1157.4
598	 1077.6	 1808.3
599	 1152.4	 1823.8
600	 1149.9	 1831.8
601	 2766.25	 1252.0
602	 1225.5	 1834.0
603	 1259.7	 1830.95
604	 1200.5	 1785.7
605	 1236.2	 1784.5
606	 1220.3	 1768.0
607	 226.35	 1712.95
608	 337.5	 1746.5
609	 327.0	 1725.3
610	 380.4	 1735.2
611	 388.4	 1739.0
612	 401.7	 1730.4
613	 997.0	 944.5
614	 1064.25	 1626.75
615	 381.3	 1681.6
616	 658.8	 1132.8
617	 392.05	 1656.1
618	 344.05	 1636.45
619	 2402.0	 1490.0
620	 373.25	 1630.5
621	 503.1	 1744.0
622	 685.4	 1122.2
623	 482.5	 1689.4
624	 727.2	 1126.0
625	 661.8	 1739.5
626	 521.6	 1688.0
627	 621.9	 1712.0
628	 611.8	 1686.6
629	 457.25	 1663.75
630	 450.75	 1650.25
631	 456.9	 1620.1
632	 571.8	 1646.7
633	 613.3	 1652.3
634	 589.75	 1640.0
635	 538.7	 1610.0
636	 744.0	 1111.0
637	 631.0	 1626.2
638	 139.0	 1570.5
639	 176.2	 1596.0
640	 179.0	 1592.0
641	 141.0	 1562.5
642	 219.35	 1548.45
643	 739.8	 1556.6
644	 234.75	 1543.75
645	 290.7	 1554.4
646	 111.1	 1525.95
647	 3589.25	 1410.75
648	 186.5	 1534.3
649	 226.25	 1500.0
650	 792.7	 1539.3
651	 334.25	 1519.5
652	 450.0	 1595.6
653	 352.0	 1562.5
654	 356.2	 1555.2
655	 389.0	 1551.75
656	 548.5	 1581.5
657	 589.4	 1588.8
658	 551.25	 1575.0
659	 610.8	 1567.7
660	 353.1	 1520.4
661	 420.25	 1523.0
662	 401.2	 1526.7
663	 2883.7	 1955.8
664	 2771.0	 1153.2
665	 2926.25	 1959.25
666	 600.4	 1540.6
667	 2760.8	 1156.6
668	 2882.0	 1929.75
669	 548.25	 1481.2
670	 2858.4	 1187.35
671	 720.5	 1734.7
672	 788.3	 1739.9
673	 812.75	 1694.25
674	 758.3	 1705.3
675	 867.1	 1746.5
676	 772.1	 1640.4
677	 887.5	 1665.25
678	 848.7	 1647.0
679	 979.1	 1633.8
680	 1082.7	 1734.7
681	 1145.0	 1741.4
682	 977.25	 1749.5
683	 1010.1	 1716.7
684	 1000.95	 1690.3
685	 3212.3	 2080.2
686	 1184.3	 1725.25
687	 1231.2	 1726.7
688	 1277.1	 1721.2
689	 1174.3	 1689.8
690	 1209.3	 1717.9
691	 1212.0	 1689.4
692	 2924.75	 1322.35
693	 539.8	 1041.0
694	 1041.75	 1655.0
695	 1234.0	 1660.8
696	 1128.5	 1637.0
697	 1268.5	 1631.25
698	 751.0	 1615.0
699	 801.1	 1604.6
700	 837.75	 1608.75
701	 923.4	 1602.4
702	 1816.0	 1331.25
703	 697.85	 1502.0
704	 825.0	 1489.5
705	 730.85	 1493.55
706	 955.0	 1499.0
707	 1009.8	 1600.6
708	 1029.6	 1599.0
709	 1047.8	 1627.8
710	 1047.6	 1584.9
711	 1086.7	 1587.2
712	 1203.7	 1613.1
713	 1217.0	 1613.3
714	 988.6	 1557.95
715	 1051.6	 1561.5
716	 1095.5	 1553.5
717	 650.6	 1052.2
718	 2057.75	 1347.25
719	 1193.7	 1560.55
720	 1257.7	 1568.2
721	 1144.75	 1499.5
722	 1156.75	 1501.75
723	 1097.6	 1591.6
724	 1385.25	 2085.5
725	 1383.75	 2089.25
726	 1423.0	 2039.75
727	 1516.5	 2071.5
728	 964.8	 1587.3
729	 1469.75	 1989.0
730	 3196.0	 2008.5
731	 4247.8	 1459.0
732	 1521.7	 1988.4
733	 2145.0	 1433.0
734	 1667.75	 2079.5
735	 1703.7	 2101.3
736	 1752.0	 2106.5
737	 1750.6	 2100.3
738	 1782.8	 2102.0
739	 3256.0	 2011.25
740	 1690.6	 2100.8
741	 1740.0	 2095.0
742	 1680.75	 2007.2
743	 1573.75	 1967.5
744	 1583.2	 1961.4
745	 1709.45	 2020.7
746	 1794.2	 1970.1
747	 1363.3	 1933.3
748	 1463.0	 1917.5
749	 1547.9	 1929.3
750	 1430.1	 1919.2
751	 1393.25	 1849.25
752	 1318.4	 1816.6
753	 1507.2	 1878.2
754	 1488.4	 1828.0
755	 1583.25	 1934.0
756	 1639.4	 1937.5
757	 1629.05	 1928.6
758	 1705.25	 1932.25
759	 1738.5	 1931.8
760	 1718.3	 1916.85
761	 1557.6	 1878.3
762	 1644.5	 1875.0
763	 1662.4	 1868.1
764	 1738.25	 1842.0
765	 1798.1	 1871.8
766	 1682.2	 1836.4
767	 1804.5	 1908.75
768	 1023.25	 1547.75
769	 989.0	 1550.0
770	 1966.5	 2085.5
771	 2022.5	 2064.3
772	 1863.0	 2017.4
773	 1814.0	 1968.3
774	 1933.8	 1985.8
775	 1966.5	 2028.25
776	 2022.3	 2015.2
777	 2021.9	 1960.6
778	 2093.8	 2100.3
779	 2872.75	 1874.25
780	 2303.9	 2093.7
781	 712.6	 1023.0
782	 2205.6	 1988.4
783	 1833.0	 1918.75
784	 1882.9	 1920.7
785	 1874.25	 1910.5
786	 1916.35	 1905.55
787	 1959.7	 1934.4
788	 770.5	 1025.25
789	 1860.4	 1855.8
790	 1843.5	 1819.4
791	 1971.5	 1844.75
792	 2018.1	 1878.1
793	 1190.5	 1557.25
794	 2156.6	 1891.4
795	 1197.75	 1558.75
796	 2160.25	 1886.0
797	 2177.5	 1894.5
798	 2089.75	 1868.85
799	 2090.8	 1831.95
800	 1264.75	 1554.25
801	 2253.0	 1844.7
802	 1099.05	 1544.0
803	 1301.0	 1801.5
804	 1298.75	 1766.5
805	 1315.1	 1763.3
806	 1517.8	 1774.4
807	 1477.25	 1740.45
808	 1507.05	 1811.5
809	 1374.35	 1707.75
810	 1354.0	 1666.5
811	 1458.1	 1735.9
812	 1459.0	 1724.25
813	 1417.3	 1692.0
814	 1649.7	 1793.6
815	 1630.5	 1731.0
816	 1664.3	 1777.4
817	 1760.1	 1801.1
818	 1778.7	 1790.4
819	 1711.5	 1742.5
820	 2812.0	 1767.5
821	 1569.75	 1715.3
822	 1567.35	 1665.85
823	 2838.8	 1781.2
824	 1727.6	 1718.9
825	 1723.9	 1680.6
826	 843.75	 1010.75
827	 1413.1	 1654.2
828	 1320.8	 1622.6
829	 1376.8	 1610.6
830	 1508.5	 1643.25
831	 1444.25	 1589.5
832	 1311.05	 1501.4
833	 1336.5	 1506.5
834	 1444.0	 1508.0
835	 1521.6	 1513.05
836	 749.0	 953.75
837	 1655.25	 1661.25
838	 1710.75	 1664.25
839	 1780.0	 1599.05
840	 1745.0	 1603.35
841	 1550.3	 1522.95
842	 1781.3	 1584.7
843	 1653.0	 1524.5
844	 1671.2	 1523.4
845	 1886.7	 1785.8
846	 1896.25	 1789.75
847	 2941.95	 1769.05
848	 1941.95	 1778.6
849	 2038.0	 1751.75
850	 1804.8	 1730.9
851	 1900.0	 1727.25
852	 1870.5	 1723.0
853	 1516.0	 2063.5
854	 1918.1	 1704.0
855	 1967.5	 1707.25
856	 1987.6	 1729.6
857	 805.6	 934.35
858	 2070.8	 1779.5
859	 2129.7	 1741.6
860	 2227.95	 1805.1
861	 2240.75	 1780.25
862	 2292.2	 1752.8
863	 2290.5	 1745.5
864	 2162.1	 1724.2
865	 2225.5	 1723.75
866	 2274.9	 1668.1
867	 2293.5	 1677.5
868	 1840.75	 1645.0
869	 1814.5	 1620.0
870	 1896.0	 1583.75
871	 3055.4	 1866.9
872	 1944.6	 1633.5
873	 2010.0	 1667.0
874	 2003.25	 1642.5
875	 1969.5	 1595.0
876	 3120.1	 1196.8
877	 787.75	 879.25
878	 1898.0	 1528.5
879	 1835.9	 1525.2
880	 1904.25	 1481.75
881	 1875.5	 1475.5
882	 1914.75	 1531.0
883	 1994.25	 1530.75
884	 2149.0	 1629.3
885	 3240.5	 1884.0
886	 2181.25	 1651.5
887	 2230.0	 1647.75
888	 3181.2	 1142.2
889	 2055.0	 1246.25
890	 2227.5	 1598.0
891	 2222.25	 1592.5
892	 2121.0	 1534.0
893	 2107.0	 1532.5
894	 2295.25	 1536.75
895	 986.75	 1189.25
896	 2280.55	 1535.0
897	 2071.0	 1666.25
898	 131.1	 1441.8
899	 3062.05	 1840.05
900	 223.5	 1438.75
901	 169.75	 1429.5
902	 306.7	 1468.0
903	 267.3	 1445.55
904	 387.4	 1463.1
905	 900.25	 1133.25
906	 342.7	 1410.2
907	 151.75	 1394.5
908	 220.8	 1383.9
909	 174.75	 1350.75
910	 214.25	 1375.75
911	 274.75	 1359.75
912	 311.0	 1387.5
913	 305.4	 1371.6
914	 327.5	 1358.5
915	 386.3	 1352.1
916	 530.7	 1474.1
917	 466.3	 1429.9
918	 584.75	 1425.0
919	 3280.25	 1140.75
920	 680.8	 1433.2
921	 635.9	 1422.2
922	 590.8	 1411.5
923	 656.75	 1417.0
924	 457.75	 1381.0
925	 548.75	 1395.5
926	 565.0	 1366.0
927	 638.75	 1388.0
928	 700.2	 1396.5
929	 715.95	 1401.0
930	 611.45	 1366.65
931	 581.6	 1375.15
932	 1757.3	 2108.4
933	 1028.3	 1152.5
934	 220.55	 1313.85
935	 270.9	 1343.6
936	 274.9	 1325.3
937	 234.8	 1297.0
938	 360.0	 1328.0
939	 466.6	 1329.35
940	 412.9	 1327.6
941	 2776.05	 1363.1
942	 258.25	 1275.5
943	 1733.8	 2095.7
944	 319.25	 1248.75
945	 329.0	 1249.95
946	 375.5	 1272.5
947	 447.65	 1281.55
948	 431.75	 1250.25
949	 462.8	 1234.6
950	 473.0	 1323.0
951	 874.7	 1093.0
952	 1272.25	 1846.0
953	 495.7	 1314.6
954	 568.25	 1302.25
955	 573.0	 1289.6
956	 676.75	 1343.75
957	 673.5	 1303.7
958	 1378.25	 1135.25
959	 2342.25	 1745.75
960	 496.25	 1242.25
961	 2378.8	 1721.8
962	 467.2	 1223.6
963	 528.2	 1227.6
964	 543.75	 1217.25
965	 610.9	 1281.2
966	 590.25	 1227.25
967	 612.5	 1232.75
968	 2373.25	 1679.25
969	 860.2	 1425.6
970	 896.75	 1091.25
971	 1589.2	 1961.8
972	 771.4	 1393.4
973	 887.75	 1412.0
974	 897.9	 1430.6
975	 2398.1	 1665.05
976	 747.9	 1368.8
977	 883.7	 1371.5
978	 825.3	 1346.3
979	 978.25	 1393.25
980	 923.3	 1366.7
981	 1845.4	 2116.35
982	 1785.0	 1992.25
983	 1046.3	 1390.4
984	 1134.45	 1373.15
985	 3367.2	 1140.8
986	 1050.6	 1403.6
987	 820.6	 1311.6
988	 746.35	 1299.45
989	 806.5	 1287.75
990	 991.0	 1335.7
991	 897.95	 1290.95
992	 2417.4	 1665.0
993	 858.65	 1241.55
994	 737.6	 1230.8
995	 814.3	 1224.9
996	 843.25	 1215.0
997	 876.8	 1240.4
998	 1012.0	 1256.5
999	 890.5	 1226.5
1000	 972.9	 1244.5
1001	 1178.0	 1339.25
1002	 2510.8	 1664.2
1003	 992.5	 1084.75
1004	 1039.7	 1226.9
1005	 1055.2	 1230.8
1006	 1266.0	 1251.1
1007	 1188.1	 1233.05
1008	 1206.55	 1231.9
1009	 1418.25	 1927.75
1010	 305.7	 1196.1
1011	 2374.1	 1222.5
1012	 2318.0	 1617.25
1013	 3622.75	 1131.25
1014	 406.5	 1203.5
1015	 1339.8	 1888.8
1016	 517.75	 1156.0
1017	 388.2	 1143.3
1018	 437.75	 1126.0
1019	 2315.6	 1581.2
1020	 551.1	 1128.9
1021	 480.1	 1103.0
1022	 683.9	 1203.7
1023	 2381.6	 1611.7
1024	 695.1	 1185.7
1025	 690.2	 1154.6
1026	 735.4	 1209.8
1027	 756.2	 1171.4
1028	 2333.25	 1061.5
1029	 2326.0	 1048.0
1030	 616.75	 1107.0
1031	 631.75	 1098.0
1032	 864.5	 1129.9
1033	 835.0	 1117.5
1034	 1510.75	 1920.75
1035	 826.5	 1100.9
1036	 406.2	 1081.6
1037	 448.75	 1051.0
1038	 539.8	 1034.3
1039	 556.75	 1029.0
1040	 488.8	 1025.6
1041	 1205.6	 1196.5
1042	 598.5	 1000.75
1043	 602.75	 985.75
1044	 591.95	 952.85
1045	 680.5	 964.5
1046	 666.25	 918.5
1047	 1303.0	 1859.2
1048	 734.6	 1027.8
1049	 762.5	 1070.5
1050	 726.25	 1013.5
1051	 728.9	 994.9
1052	 768.5	 1002.0
1053	 1244.2	 1173.0
1054	 815.15	 1051.3
1055	 834.65	 990.4
1056	 789.25	 977.75
1057	 2457.5	 1049.4
1058	 720.7	 975.3
1059	 771.5	 899.0
1060	 787.75	 972.75
1061	 854.3	 960.8
1062	 825.2	 920.8
1063	 805.85	 889.3
1064	 790.3	 888.8
1065	 878.4	 1177.6
1066	 929.6	 1212.3
1067	 973.5	 1206.5
1068	 1089.0	 1085.0
1069	 919.6	 1167.4
1070	 1024.5	 1193.9
1071	 988.7	 1136.5
1072	 994.7	 1157.9
1073	 1072.9	 1145.5
1074	 881.0	 1109.75
1075	 887.4	 1107.9
1076	 949.1	 1119.1
1077	 950.6	 1049.8
1078	 936.5	 1045.25
1079	 1009.3	 1117.95
1080	 1162.7	 1101.7
1081	 1038.2	 1117.1
1082	 1078.0	 1098.25
1083	 1032.25	 1043.35
1084	 1099.0	 1189.25
1085	 1449.8	 1846.55
1086	 1165.5	 1190.9
1087	 1128.3	 1170.0
1088	 1198.5	 1157.7
1089	 2416.9	 1400.4
1090	 1235.0	 1165.25
1091	 1167.8	 1109.0
1092	 1127.2	 1053.3
1093	 1141.0	 1049.3
1094	 1185.5	 1054.5
1095	 1195.0	 1098.5
1096	 1205.4	 1115.8
1097	 1465.9	 1826.3
1098	 768.0	 1423.6
1099	 1262.1	 1051.9
1100	 932.5	 980.75
1101	 901.7	 975.4
1102	 889.0	 958.2
1103	 969.9	 965.9
1104	 937.4	 953.8
1105	 1091.25	 1002.0
1106	 1041.8	 983.0
1107	 936.0	 877.75
1108	 2673.25	 1689.25
1109	 1048.05	 942.7
1110	 1045.8	 876.6
1111	 1070.8	 947.1
1112	 1140.0	 975.8
1113	 1191.6	 998.4
1114	 1638.2	 1946.4
1115	 1122.1	 935.3
1116	 1186.4	 961.2
1117	 1181.5	 968.5
1118	 2822.4	 1067.0
1119	 1289.7	 991.0
1120	 2545.65	 1637.1
1121	 1247.2	 965.4
1122	 1294.65	 1022.85
1123	 1260.7	 946.75
1124	 1110.5	 876.0
1125	 902.0	 1007.75
1126	 1273.0	 890.2
1127	 1348.8	 1455.2
1128	 1392.0	 1446.0
1129	 1368.75	 1433.0
1130	 1374.6	 1428.3
1131	 1670.2	 1905.0
1132	 2918.5	 1044.5
1133	 1385.7	 1396.95
1134	 1431.25	 1383.0
1135	 1549.1	 1401.35
1136	 1492.05	 1333.05
1137	 1680.1	 1446.6
1138	 1691.0	 1448.6
1139	 1600.0	 1417.25
1140	 2955.3	 1058.2
1141	 1709.2	 1463.7
1142	 1758.0	 1460.75
1143	 1744.0	 1433.75
1144	 1578.0	 1382.1
1145	 2824.6	 1023.8
1146	 1572.75	 1356.0
1147	 1605.3	 1337.3
1148	 1635.0	 1364.2
1149	 1669.0	 1361.1
1150	 1721.0	 1392.7
1151	 1670.6	 1337.0
1152	 994.05	 1009.15
1153	 1350.0	 1296.0
1154	 2698.6	 1610.8
1155	 1436.5	 1311.75
1156	 2679.7	 1584.15
1157	 1528.25	 1268.0
1158	 1353.8	 1188.0
1159	 1394.5	 1218.5
1160	 1363.0	 1219.2
1161	 1474.2	 1223.7
1162	 1424.75	 1192.85
1163	 1759.6	 1901.8
1164	 1579.1	 1299.85
1165	 1614.2	 1284.1
1166	 1641.6	 1286.8
1167	 1689.0	 1327.0
1168	 1768.0	 1324.0
1169	 2934.75	 994.25
1170	 1595.7	 1220.7
1171	 1619.8	 1858.6
1172	 1638.8	 1196.4
1173	 1698.2	 1255.1
1174	 1695.75	 1234.25
1175	 2406.3	 1475.5
1176	 1841.35	 1406.1
1177	 1909.7	 1407.7
1178	 2355.25	 1456.75
1179	 1997.25	 1454.0
1180	 2002.75	 1432.25
1181	 2003.7	 1441.2
1182	 1565.5	 1811.0
1183	 2006.9	 1356.8
1184	 883.5	 911.5
1185	 2100.6	 1441.9
1186	 2432.75	 1480.5
1187	 2430.0	 1481.25
1188	 2198.2	 1456.2
1189	 2236.0	 1458.0
1190	 2279.5	 1436.25
1191	 2283.45	 1408.3
1192	 2501.9	 1482.65
1193	 2162.2	 1384.4
1194	 2168.6	 1352.8
1195	 1760.25	 1877.5
1196	 2196.6	 1347.8
1197	 2445.1	 948.5
1198	 1911.5	 1297.5
1199	 1823.4	 1261.4
1200	 1896.8	 1264.3
1201	 1936.5	 1303.5
1202	 1954.4	 1292.4
1203	 1976.6	 1262.8
1204	 691.5	 1826.4
1205	 1816.7	 1233.3
1206	 1950.5	 1229.25
1207	 1970.6	 1235.3
1208	 1921.5	 1184.0
1209	 1983.75	 1206.95
1210	 3346.1	 1257.0
1211	 1789.8	 1835.4
1212	 2609.5	 959.75
1213	 2059.0	 1269.0
1214	 2130.7	 1279.0
1215	 2149.3	 1262.0
1216	 2190.0	 1262.25
1217	 2215.5	 1291.75
1218	 880.6	 1250.0
1219	 2287.5	 1256.75
1220	 1077.8	 914.4
1221	 1503.8	 1299.8
1222	 2081.8	 1195.4
1223	 2809.75	 1828.75
1224	 2153.5	 1212.2
1225	 2220.8	 1245.1
1226	 2229.6	 1207.7
1227	 1297.8	 1177.7
1228	 1348.9	 1128.7
1229	 1345.05	 1123.2
1230	 1104.2	 1016.0
1231	 1388.1	 1121.1
1232	 2425.8	 1445.35
1233	 1495.4	 1130.3
1234	 1832.4	 1977.6
1235	 1308.6	 1068.8
1236	 1390.25	 1060.75
1237	 1330.0	 1060.25
1238	 1171.0	 1007.75
1239	 1448.8	 1056.9
1240	 1504.65	 1066.95
1241	 1543.65	 1059.7
1242	 1657.75	 1163.5
1243	 1609.3	 1145.9
1244	 1678.3	 1155.0
1245	 1715.4	 1162.3
1246	 1787.05	 1169.35
1247	 1756.75	 1164.25
1248	 1766.0	 1121.5
1249	 1623.5	 1067.0
1250	 1153.4	 932.8
1251	 1710.0	 1069.5
1252	 1686.5	 1067.0
1253	 2022.6	 2071.4
1254	 1787.25	 1020.5
1255	 1785.2	 1016.3
1256	 2014.75	 2060.75
1257	 2502.5	 1397.75
1258	 1396.3	 971.6
1259	 1312.0	 937.5
1260	 1319.5	 939.6
1261	 1350.5	 963.6
1262	 1350.0	 956.25
1263	 1483.25	 974.75
1264	 1442.45	 981.95
1265	 1499.7	 1007.15
1266	 1424.0	 953.0
1267	 1501.25	 957.3
1268	 1206.5	 1002.4
1269	 2541.25	 1485.5
1270	 1419.75	 898.0
1271	 1420.25	 863.5
1272	 1490.5	 936.25
1273	 1611.4	 989.2
1274	 1569.8	 990.95
1275	 1617.7	 994.0
1276	 1669.6	 986.85
1277	 1925.0	 1991.5
1278	 1618.8	 947.3
1279	 1638.5	 940.6
1280	 1731.7	 979.1
1281	 1785.9	 983.6
1282	 1773.15	 972.3
1283	 1774.4	 951.2
1284	 1566.5	 901.9
1285	 3288.5	 1160.05
1286	 1793.15	 832.55
1287	 1852.5	 1158.4
1288	 1880.0	 1132.25
1289	 1940.7	 1159.8
1290	 1957.65	 1164.8
1291	 2047.1	 1165.0
1292	 2916.1	 941.2
1293	 1845.75	 1070.75
1294	 1912.55	 1075.7
1295	 1962.5	 1081.0
1296	 2005.95	 1077.25
1297	 2081.7	 1156.3
1298	 2121.0	 1141.5
1299	 2150.6	 1145.6
1300	 2178.5	 1173.75
1301	 2223.9	 1172.8
1302	 2197.2	 1158.7
1303	 2273.25	 1157.75
1304	 2243.2	 1148.2
1305	 2078.0	 1086.25
1306	 2160.0	 1081.9
1307	 2103.45	 1031.8
1308	 2157.1	 1021.7
1309	 1986.0	 1987.5
1310	 2286.6	 1095.2
1311	 2600.9	 1453.75
1312	 2216.5	 1042.0
1313	 2189.0	 1028.0
1314	 1221.5	 918.5
1315	 1828.3	 988.8
1316	 1861.45	 984.0
1317	 1831.7	 980.4
1318	 1902.25	 985.5
1319	 1907.5	 1008.75
1320	 1939.8	 1012.6
1321	 1998.1	 974.5
1322	 1907.2	 960.5
1323	 2023.1	 959.9
1324	 1837.0	 896.25
1325	 1951.7	 889.7
1326	 1949.9	 835.8
1327	 2027.6	 931.9
1328	 1983.0	 879.5
1329	 2061.8	 989.4
1330	 2096.9	 988.75
1331	 2150.5	 981.25
1332	 1348.75	 1458.75
1333	 2261.75	 1003.25
1334	 2244.2	 986.2
1335	 2174.7	 950.1
1336	 1340.0	 1450.75
1337	 1388.75	 1456.1
1338	 2255.1	 937.5
1339	 1405.7	 1451.9
1340	 2178.25	 893.8
1341	 2842.0	 864.5
1342	 2906.4	 858.4
1343	 2453.6	 2118.4
1344	 2472.4	 2112.8
1345	 2342.0	 2026.5
1346	 2521.75	 2016.5
1347	 2511.4	 1938.0
1348	 2560.4	 2090.0
1349	 2593.35	 2028.0
1350	 1362.8	 1427.3
1351	 2607.55	 2021.8
1352	 2579.1	 1946.5
1353	 2609.0	 1958.9
1354	 2626.4	 1937.9
1355	 2432.4	 1856.0
1356	 2153.6	 1960.6
1357	 2321.0	 1763.75
1358	 2434.9	 1792.25
1359	 2397.7	 1769.15
1360	 2470.2	 1833.7
1361	 2565.25	 1886.75
1362	 2647.05	 1866.65
1363	 2694.5	 1915.9
1364	 2675.2	 1867.2
1365	 2601.0	 1837.0
1366	 2781.6	 1672.4
1367	 2606.5	 1762.6
1368	 2655.0	 1754.25
1369	 2755.4	 1812.0
1370	 2860.6	 1691.4
1371	 2782.8	 2004.8
1372	 2837.0	 1934.6
1373	 2869.6	 1937.6
1374	 2972.5	 1733.75
1375	 3148.4	 2048.2
1376	 3138.05	 1954.0
1377	 3252.6	 2017.2
1378	 3156.3	 1956.5
1379	 2792.5	 1925.25
1380	 2792.0	 1893.5
1381	 3298.8	 1042.6
1382	 2834.5	 1879.1
1383	 2932.2	 1912.0
1384	 1384.8	 1351.7
1385	 2930.6	 1852.6
1386	 2821.25	 1820.5
1387	 2824.1	 1791.6
1388	 2775.0	 1754.5
1389	 2889.25	 1786.5
1390	 2996.2	 1823.8
1391	 2938.9	 1773.5
1392	 2939.1	 1801.0
1393	 3120.1	 1888.0
1394	 1544.25	 1394.75
1395	 3149.7	 1817.0
1396	 3207.75	 1816.1
1397	 3226.4	 1771.6
1398	 2369.0	 1682.8
1399	 2471.7	 1744.35
1400	 1559.9	 1358.85
1401	 2337.25	 1655.0
1402	 1613.0	 1461.5
1403	 2326.6	 1607.0
1404	 2806.0	 1601.4
1405	 2800.0	 1598.75
1406	 2206.5	 1093.75
1407	 2412.5	 1660.25
1408	 2419.75	 1621.5
1409	 2428.5	 1601.25
1410	 2556.2	 1752.3
1411	 2600.0	 1742.5
1412	 1631.75	 1439.75
1413	 2657.0	 1746.4
1414	 1968.0	 1894.0
1415	 3273.8	 987.45
1416	 2680.7	 1698.6
1417	 2727.8	 1716.1
1418	 2550.35	 1642.25
1419	 2564.25	 1632.25
1420	 2632.1	 1657.1
1421	 2692.4	 1648.9
1422	 2723.5	 1664.2
1423	 2694.7	 1613.1
1424	 2356.5	 1536.5
1425	 2400.9	 1477.85
1426	 2483.55	 1535.4
1427	 1709.2	 1468.4
1428	 2376.0	 1453.5
1429	 2400.3	 1430.7
1430	 2356.25	 1450.25
1431	 1713.0	 1462.7
1432	 2320.2	 1410.0
1433	 1818.4	 1851.8
1434	 1747.2	 1466.2
1435	 2903.0	 1604.2
1436	 2404.5	 1398.4
1437	 2529.15	 1541.2
1438	 3325.85	 1045.85
1439	 2655.0	 1536.0
1440	 2679.8	 1528.2
1441	 2540.0	 1446.3
1442	 2556.25	 1427.25
1443	 2597.0	 1440.8
1444	 2548.2	 1380.8
1445	 2630.75	 1395.75
1446	 2657.75	 1390.75
1447	 2660.9	 1374.8
1448	 2870.6	 1744.55
1449	 1903.75	 1849.75
1450	 2016.6	 1862.4
1451	 2776.0	 1633.85
1452	 3535.8	 1112.2
1453	 2800.9	 1602.3
1454	 3009.1	 1717.1
1455	 2949.0	 1620.9
1456	 2906.7	 1609.65
1457	 2991.0	 1610.5
1458	 1911.75	 1844.75
1459	 3641.9	 1116.0
1460	 3121.5	 1727.6
1461	 3100.0	 1693.25
1462	 3186.0	 1707.5
1463	 1617.2	 1377.4
1464	 1620.65	 1385.55
1465	 2022.5	 1880.75
1466	 3004.25	 1714.75
1467	 2854.5	 1530.5
1468	 2803.35	 1527.4
1469	 1935.75	 1822.75
1470	 2967.05	 1524.25
1471	 2876.7	 1424.4
1472	 2869.1	 1389.8
1473	 2947.1	 1428.2
1474	 2949.75	 1424.5
1475	 2982.0	 1420.8
1476	 2906.3	 1438.1
1477	 2042.2	 1823.8
1478	 3046.25	 1514.55
1479	 3163.5	 1515.0
1480	 3460.0	 1032.2
1481	 1709.8	 1400.8
1482	 3092.5	 1442.0
1483	 3137.5	 1419.75
1484	 3117.5	 1402.25
1485	 3368.0	 2012.0
1486	 3073.2	 1660.2
1487	 3351.0	 1893.1
1488	 3494.2	 1988.1
1489	 2180.8	 1901.7
1490	 3384.75	 1804.25
1491	 3292.2	 1724.3
1492	 3326.4	 1733.3
1493	 3280.75	 1659.75
1494	 3365.2	 1668.7
1495	 3406.75	 1702.5
1496	 3607.5	 1011.75
1497	 3593.0	 997.2
1498	 3762.0	 1808.4
1499	 3679.6	 1736.5
1500	 3264.2	 2041.2
1501	 3260.8	 1650.05
1502	 3854.8	 1804.0
1503	 3967.1	 1847.95
1504	 3916.0	 1779.9
1505	 2179.8	 1849.2
1506	 1393.75	 1284.75
1507	 2739.3	 1427.4
1508	 3809.75	 1758.25
1509	 3854.0	 1728.8
1510	 3868.3	 1741.5
1511	 3958.0	 1760.75
1512	 4107.0	 1738.3
1513	 3789.0	 1702.5
1514	 3978.0	 1711.5
1515	 4081.55	 1708.9
1516	 3940.0	 1682.9
1517	 4033.0	 1685.25
1518	 4302.9	 1733.8
1519	 3256.75	 969.25
1520	 4239.75	 1701.5
1521	 2858.25	 1472.25
1522	 1485.25	 1269.5
1523	 4354.4	 1674.1
1524	 2258.2	 1844.1
1525	 4458.75	 1667.75
1526	 3814.75	 1561.5
1527	 3347.75	 931.5
1528	 4022.3	 1575.0
1529	 2913.25	 1469.25
1530	 3404.0	 1494.25
1531	 1361.25	 1794.25
1532	 3486.6	 1483.8
1533	 3360.5	 1495.5
1534	 3489.4	 1498.2
1535	 3508.5	 1462.0
1536	 2953.3	 1443.8
1537	 2997.0	 1442.75
1538	 3466.6	 1391.8
1539	 3537.65	 1385.35
1540	 3986.0	 1538.7
1541	 3700.0	 1449.0
1542	 3721.5	 1441.5
1543	 3841.0	 1421.5
1544	 3895.5	 1417.0
1545	 3943.5	 1398.5
1546	 3133.8	 1002.4
1547	 4097.0	 1657.5
1548	 4136.25	 1635.5
1549	 4260.5	 1584.0
1550	 4070.8	 1568.2
1551	 4081.0	 1565.6
1552	 4070.0	 1520.75
1553	 4156.25	 1539.5
1554	 4172.2	 1545.5
1555	 4325.6	 1643.6
1556	 1437.9	 1193.2
1557	 4364.05	 1567.85
1558	 4395.0	 1567.9
1559	 4320.25	 1534.5
1560	 4489.0	 1565.0
1561	 2035.75	 926.0
1562	 1516.7	 1205.2
1563	 4189.2	 1507.4
1564	 4080.75	 1472.0
1565	 2942.95	 1412.3
1566	 4233.7	 1480.0
1567	 1618.75	 1323.0
1568	 2923.8	 1376.4
1569	 4323.5	 1457.25
1570	 4358.1	 1472.8
1571	 2981.5	 1414.0
1572	 978.9	 1492.7
1573	 4433.7	 1510.8
1574	 1942.8	 1626.4
1575	 4456.7	 1458.35
1576	 1574.4	 1260.2
1577	 4618.2	 1449.8
1578	 4633.8	 1452.8
1579	 4549.5	 1444.0
1580	 4377.65	 1379.3
1581	 4481.3	 1391.9
1582	 3397.8	 919.8
1583	 4628.9	 1392.1
1584	 4653.1	 1399.5
1585	 3115.7	 1463.9
1586	 2386.0	 1367.25
1587	 1691.0	 1323.0
1588	 2510.3	 1362.9
1589	 2570.75	 1363.25
1590	 2453.5	 1338.0
1591	 2382.95	 1268.6
1592	 2341.9	 1268.45
1593	 2533.4	 1301.4
1594	 2454.6	 1289.4
1595	 2508.3	 1277.95
1596	 3632.25	 957.75
1597	 2662.3	 1320.6
1598	 2838.75	 1361.75
1599	 2922.0	 1372.25
1600	 2942.95	 1340.5
1601	 3262.8	 1548.2
1602	 2679.65	 1313.9
1603	 1845.4	 1575.2
1604	 2813.75	 1292.75
1605	 2870.7	 1273.95
1606	 2830.2	 1267.1
1607	 2348.25	 1242.25
1608	 1646.7	 1792.1
1609	 2429.25	 1210.75
1610	 2565.0	 1233.6
1611	 2605.3	 1234.8
1612	 2353.0	 1186.0
1613	 2383.9	 1161.6
1614	 2534.0	 1187.3
1615	 2493.9	 1169.6
1616	 3085.2	 1444.0
1617	 2573.25	 1159.0
1618	 1678.5	 1779.75
1619	 2758.25	 1205.75
1620	 2907.35	 1252.5
1621	 2950.05	 1239.3
1622	 1600.5	 1209.25
1623	 2944.0	 1214.25
1624	 3056.75	 1399.0
1625	 2950.3	 1187.6
1626	 3114.8	 1367.4
1627	 3001.25	 1336.25
1628	 3182.25	 1364.5
1629	 3285.1	 1347.8
1630	 3200.0	 1321.5
1631	 1663.0	 1771.25
1632	 3023.3	 1283.2
1633	 3009.25	 1286.5
1634	 3201.5	 1436.0
1635	 3654.4	 891.0
1636	 3293.25	 1265.0
1637	 3496.7	 1355.7
1638	 3302.75	 1251.75
1639	 1747.0	 1755.5
1640	 3596.75	 1290.75
1641	 3578.75	 1260.5
1642	 3124.65	 1199.7
1643	 3199.25	 1199.6
1644	 3140.2	 1182.2
1645	 3275.5	 2071.5
1646	 3269.8	 2071.8
1647	 3493.6	 1214.9
1648	 3369.9	 1206.5
1649	 3501.4	 1232.5
1650	 3586.0	 1229.75
1651	 3637.3	 1229.95
1652	 2179.75	 1629.75
1653	 3447.6	 1174.8
1654	 3717.6	 1350.0
1655	 1834.7	 1409.2
1656	 2340.75	 1108.95
1657	 3288.25	 1988.75
1658	 2429.5	 1110.25
1659	 2334.2	 1049.9
1660	 1479.6	 1452.6
1661	 2638.0	 1120.25
1662	 2419.5	 1021.0
1663	 2501.4	 1040.0
1664	 2604.8	 992.0
1665	 2677.75	 1112.75
1666	 2833.85	 1117.3
1667	 2686.15	 1059.15
1668	 2883.0	 1050.25
1669	 1670.0	 1725.75
1670	 2840.4	 1042.2
1671	 2876.25	 1032.5
1672	 2924.3	 1038.3
1673	 2881.0	 1002.0
1674	 2988.75	 996.75
1675	 2320.2	 972.65
1676	 2451.0	 963.3
1677	 2505.8	 979.4
1678	 2493.75	 952.0
1679	 2461.2	 895.1
1680	 2465.9	 841.7
1681	 2504.0	 900.6
1682	 2947.6	 972.8
1683	 2939.2	 952.75
1684	 1344.8	 1665.2
1685	 2866.75	 909.25
1686	 3753.75	 1260.0
1687	 2839.75	 843.75
1688	 2909.2	 846.0
1689	 3047.75	 1104.5
1690	 3022.0	 1100.0
1691	 3144.0	 1102.75
1692	 3172.0	 1096.5
1693	 1358.25	 1657.0
1694	 3282.6	 1088.0
1695	 3010.15	 977.6
1696	 697.75	 1455.95
1697	 3687.0	 1214.6
1698	 3297.0	 1011.2
1699	 3233.8	 993.5
1700	 3451.5	 1084.5
1701	 3642.0	 1128.0
1702	 3534.7	 1069.0
1703	 3586.5	 1077.5
1704	 3410.3	 1018.7
1705	 3783.25	 1248.75
1706	 3597.25	 995.5
1707	 3014.0	 939.7
1708	 3158.3	 950.0
1709	 3186.35	 957.25
1710	 3319.25	 976.0
1711	 1408.4	 1592.2
1712	 3160.0	 893.0
1713	 3317.25	 883.5
1714	 3472.4	 1899.8
1715	 1475.25	 1630.25
1716	 3435.0	 964.3
1717	 3491.3	 971.8
1718	 3396.0	 923.25
1719	 3979.35	 1331.2
1720	 3582.0	 928.8
1721	 4019.9	 1334.9
1722	 3593.35	 866.45
