0	 352.5	 1245.0
1	 387.0	 1245.0
2	 756.25	 867.2
3	 264.5	 981.25
4	 840.0	 740.0
5	 761.3	 663.0
6	 778.0	 647.5
7	 799.75	 662.25
8	 817.0	 722.75
9	 387.7	 1225.7
10	 691.2	 818.5
11	 391.5	 1263.0
12	 749.9	 595.6
13	 397.1	 1236.0
14	 204.65	 1258.9
15	 762.5	 555.3
16	 765.1	 565.0
17	 811.1	 577.05
18	 822.6	 692.3
19	 424.5	 1221.75
20	 217.75	 1279.25
21	 745.75	 383.75
22	 532.0	 859.0
23	 751.0	 377.0
24	 834.0	 592.25
25	 908.0	 307.75
26	 724.5	 753.5
27	 888.2	 562.9
28	 888.0	 543.75
29	 804.4	 190.0
30	 652.25	 536.25
31	 618.8	 487.5
32	 867.25	 334.75
33	 663.5	 521.25
34	 321.0	 900.0
35	 644.0	 475.6
36	 359.7	 1120.3
37	 699.25	 451.25
38	 639.75	 421.5
39	 979.2	 218.8
40	 635.2	 391.6
41	 158.2	 1209.25
42	 988.8	 234.7
43	 716.2	 536.6
44	 123.75	 1172.75
45	 755.0	 266.75
46	 434.0	 898.75
47	 646.6	 774.6
48	 809.6	 490.4
49	 532.5	 743.25
50	 786.9	 483.0
51	 216.8	 1266.2
52	 204.75	 1231.75
53	 722.25	 421.75
54	 220.8	 1243.3
55	 152.5	 1214.1
56	 678.25	 938.0
57	 332.6	 917.2
58	 137.3	 1170.3
59	 200.8	 1183.2
60	 222.2	 1186.0
61	 765.7	 725.2
62	 703.25	 361.25
63	 286.3	 1247.9
64	 255.0	 1233.5
65	 659.8	 839.65
66	 392.5	 1112.0
67	 304.75	 1195.75
68	 146.2	 1152.3
69	 774.05	 625.8
70	 454.25	 1199.25
71	 463.5	 1196.25
72	 352.9	 1180.0
73	 180.6	 1140.4
74	 788.0	 320.5
75	 857.0	 237.25
76	 225.0	 1184.5
77	 162.7	 1139.5
78	 867.0	 227.25
79	 783.1	 248.95
80	 469.4	 1180.0
81	 559.9	 819.7
82	 222.75	 1050.0
83	 798.0	 309.25
84	 418.25	 807.25
85	 825.6	 478.4
86	 847.7	 411.1
87	 225.25	 1194.75
88	 245.25	 1087.15
89	 665.0	 393.6
90	 267.4	 1013.2
91	 692.4	 820.6
92	 292.2	 1062.9
93	 283.0	 1257.4
94	 297.75	 1050.5
95	 332.5	 1013.25
96	 677.25	 383.25
97	 387.8	 1232.4
98	 490.0	 1157.25
99	 384.0	 1237.0
100	 717.5	 533.7
101	 381.0	 1176.65
102	 987.65	 358.15
103	 373.75	 1128.25
104	 406.8	 1176.2
105	 386.0	 1106.0
106	 460.5	 1194.75
107	 459.2	 1185.7
108	 433.5	 1152.25
109	 634.8	 737.8
110	 442.9	 1140.7
111	 812.0	 240.0
112	 484.8	 1134.8
113	 842.0	 254.0
114	 142.4	 1141.8
115	 500.2	 1123.9
116	 878.5	 371.25
117	 566.2	 1107.1
118	 904.75	 246.25
119	 367.1	 1081.6
120	 293.7	 943.2
121	 875.0	 210.5
122	 970.5	 335.75
123	 295.7	 1191.2
124	 427.25	 1088.75
125	 430.1	 1058.5
126	 682.0	 694.7
127	 418.3	 1049.8
128	 468.5	 1018.75
129	 848.25	 734.25
130	 516.3	 1102.2
131	 518.2	 1090.1
132	 551.9	 1066.0
133	 863.5	 628.75
134	 578.0	 1092.7
135	 693.4	 763.9
136	 305.8	 1206.6
137	 514.75	 688.25
138	 496.35	 1037.45
139	 569.8	 1002.0
140	 605.6	 1046.9
141	 225.5	 1105.5
142	 264.6	 984.6
143	 363.5	 982.0
144	 969.9	 513.6
145	 301.0	 945.0
146	 330.0	 910.0
147	 329.0	 915.25
148	 118.25	 1153.75
149	 353.1	 898.7
150	 762.7	 669.3
151	 689.0	 328.5
152	 728.25	 412.0
153	 730.25	 618.75
154	 396.5	 938.5
155	 404.25	 933.5
156	 634.25	 636.5
157	 964.85	 233.4
158	 130.0	 1124.6
159	 975.6	 229.3
160	 393.9	 829.4
161	 434.7	 756.7
162	 429.25	 749.0
163	 432.25	 750.25
164	 444.45	 730.45
165	 473.7	 855.1
166	 479.0	 838.0
167	 440.0	 727.0
168	 548.0	 545.6
169	 462.7	 714.8
170	 495.45	 663.15
171	 488.8	 658.4
172	 412.75	 1053.5
173	 720.2	 906.8
174	 449.5	 759.0
175	 698.4	 366.4
176	 531.15	 862.7
177	 501.5	 804.5
178	 510.6	 779.9
179	 548.2	 838.1
180	 162.25	 1071.25
181	 206.0	 1047.75
182	 564.0	 888.0
183	 593.25	 711.75
184	 575.2	 867.0
185	 585.7	 863.2
186	 590.8	 771.8
187	 471.75	 751.5
188	 534.5	 733.0
189	 509.0	 690.3
190	 674.5	 305.0
191	 537.75	 726.5
192	 854.4	 306.2
193	 537.7	 678.9
194	 521.0	 611.5
195	 511.6	 603.2
196	 519.0	 628.6
197	 341.6	 1216.8
198	 529.6	 936.2
199	 551.5	 547.8
200	 452.25	 694.25
201	 579.0	 659.5
202	 895.25	 313.5
203	 600.0	 718.0
204	 595.1	 642.0
205	 519.25	 1157.75
206	 720.6	 702.8
207	 588.8	 491.1
208	 599.65	 550.35
209	 597.9	 455.8
210	 586.6	 997.6
211	 563.2	 1106.8
212	 647.4	 1018.0
213	 580.6	 528.9
214	 838.0	 218.5
215	 610.25	 802.0
216	 341.0	 1096.0
217	 616.85	 804.05
218	 813.0	 161.0
219	 596.25	 555.5
220	 780.05	 486.3
221	 657.85	 898.4
222	 670.5	 578.75
223	 687.3	 958.2
224	 644.0	 875.75
225	 881.5	 205.0
226	 617.3	 941.0
227	 707.9	 881.1
228	 733.2	 323.3
229	 906.25	 237.75
230	 644.5	 741.2
231	 659.25	 774.6
232	 649.5	 709.25
233	 678.0	 388.6
234	 662.5	 693.0
235	 632.5	 565.75
236	 759.9	 277.9
237	 531.75	 1022.5
238	 629.25	 1060.5
239	 947.75	 341.75
240	 860.7	 333.6
241	 719.5	 778.75
242	 959.7	 506.6
243	 697.75	 718.5
244	 849.2	 577.6
245	 685.3	 655.6
246	 755.4	 614.85
247	 862.5	 378.0
248	 693.2	 638.0
249	 706.0	 558.9
250	 384.5	 1091.0
251	 602.4	 1034.1
252	 359.1	 1239.7
253	 723.2	 855.0
254	 727.4	 795.5
255	 743.3	 831.6
256	 724.75	 791.0
257	 653.0	 1042.0
258	 758.75	 818.5
259	 514.4	 858.35
260	 731.75	 712.5
261	 728.6	 724.0
262	 346.0	 1047.25
263	 763.5	 749.35
264	 733.9	 675.4
265	 633.0	 877.1
266	 775.3	 882.9
267	 251.7	 987.1
268	 239.25	 1149.75
269	 785.25	 833.75
270	 391.8	 1265.0
271	 739.1	 789.3
272	 783.45	 765.4
