0	 505.6	 3075.2
1	 1518.25	 2600.0
2	 1178.9	 581.5
3	 1175.5	 602.0
4	 1198.75	 577.0
5	 510.4	 3011.2
6	 1594.25	 1858.25
7	 464.0	 2924.5
8	 1483.5	 2565.75
9	 1198.3	 531.2
10	 1237.25	 874.5
11	 1215.25	 482.25
12	 1498.5	 1467.0
13	 1214.1	 849.55
14	 1227.6	 764.5
15	 1689.25	 1286.35
16	 1241.5	 763.0
17	 1808.7	 1055.2
18	 1252.75	 843.85
19	 1238.5	 738.5
20	 1586.5	 1840.75
21	 903.0	 2680.2
22	 1194.75	 659.5
23	 1240.0	 657.8
24	 2136.5	 3020.35
25	 1249.0	 747.8
26	 909.8	 2658.2
27	 1259.7	 649.5
28	 1266.6	 831.6
29	 1390.6	 1610.0
30	 921.75	 2613.25
31	 522.0	 3087.0
32	 1197.0	 516.0
33	 1297.55	 799.8
34	 531.25	 2518.5
35	 1290.25	 647.0
36	 1989.75	 1080.5
37	 1298.8	 658.25
38	 949.0	 2601.0
39	 1711.6	 2059.1
40	 1227.0	 591.0
41	 1220.4	 566.9
42	 1247.75	 612.75
43	 1250.75	 536.25
44	 1327.0	 2387.85
45	 1805.5	 937.5
46	 1754.9	 1397.65
47	 872.8	 2477.3
48	 542.5	 2498.5
49	 1254.25	 482.25
50	 1258.0	 476.25
51	 553.2	 1959.85
52	 1307.3	 610.8
53	 940.5	 1478.75
54	 1913.3	 1925.95
55	 1018.5	 2360.75
56	 1289.5	 529.3
57	 1281.8	 474.2
58	 1287.85	 481.2
59	 1829.0	 925.75
60	 1318.5	 3668.75
61	 1317.7	 3632.65
62	 919.3	 1535.8
63	 2194.4	 2062.4
64	 1891.75	 906.25
65	 1342.8	 3617.85
66	 1717.75	 3348.0
67	 541.9	 2913.0
68	 390.25	 2355.0
69	 1774.25	 736.75
70	 2201.5	 2087.7
71	 1331.2	 3550.2
72	 1719.6	 1327.2
73	 1779.6	 867.7
74	 1445.25	 1661.75
75	 1709.25	 1316.5
76	 1895.3	 3324.1
77	 2287.7	 1776.7
78	 1787.75	 783.0
79	 1428.9	 1572.2
80	 895.0	 2540.5
81	 922.0	 2559.5
82	 2235.9	 2070.3
83	 1577.3	 1575.8
84	 1365.9	 3593.5
85	 1375.4	 3521.35
86	 1384.0	 3585.0
87	 1425.8	 1561.6
88	 917.0	 2490.5
89	 1775.5	 693.25
90	 437.4	 2839.6
91	 464.5	 2863.75
92	 1365.0	 2342.25
93	 1362.2	 3606.3
94	 1325.0	 3489.0
95	 1636.25	 2657.5
96	 1405.75	 1469.25
97	 1597.6	 774.2
98	 1057.9	 3172.5
99	 1762.8	 2125.2
100	 1324.0	 3359.75
101	 1328.5	 3352.5
102	 481.0	 2793.4
103	 2204.2	 1970.4
104	 1378.8	 3474.4
105	 1360.9	 3476.5
106	 2057.25	 2477.0
107	 1400.4	 3477.2
108	 1315.25	 1228.0
109	 1390.15	 3433.25
110	 1412.75	 3429.5
111	 1809.4	 2149.0
112	 518.4	 2853.4
113	 1412.2	 2398.3
114	 560.4	 2896.6
115	 1404.4	 3334.0
116	 1820.5	 2127.25
117	 1417.15	 3659.75
118	 1427.5	 3656.0
119	 914.0	 1238.75
120	 1431.75	 3668.75
121	 944.75	 2433.0
122	 2179.5	 2029.0
123	 931.25	 1364.0
124	 533.0	 2837.75
125	 1391.25	 2310.75
126	 1442.0	 3606.5
127	 1458.0	 3641.85
128	 1469.5	 3633.75
129	 1783.8	 637.2
130	 1488.9	 3621.2
131	 1826.25	 2187.0
132	 2049.5	 1364.25
133	 2282.8	 2075.1
134	 1436.8	 3647.1
135	 514.6	 1421.15
136	 954.0	 1385.25
137	 974.25	 2692.5
138	 963.75	 2725.0
139	 588.2	 3144.8
140	 972.5	 1357.0
141	 1429.1	 3497.2
142	 1846.5	 1089.8
143	 952.2	 1533.6
144	 1756.0	 2226.0
145	 2284.0	 2027.0
146	 1469.7	 3490.4
147	 1411.5	 3347.3
148	 993.75	 2690.75
149	 487.25	 2339.75
150	 1728.1	 1159.7
151	 943.0	 1263.5
152	 1873.5	 1086.75
153	 1370.25	 2198.5
154	 1537.45	 2993.9
155	 1115.4	 2904.5
156	 1508.0	 3468.5
157	 975.0	 2670.4
158	 1513.0	 3467.5
159	 1492.2	 3400.2
160	 2266.1	 1686.3
161	 972.65	 1542.65
162	 1475.65	 3391.5
163	 1449.5	 1425.75
164	 1513.8	 3356.8
165	 1506.5	 3354.0
166	 1327.0	 3261.0
167	 1840.15	 1713.35
168	 1356.25	 3261.75
169	 1008.75	 1581.75
170	 1359.15	 2913.5
171	 1323.2	 3145.1
172	 1352.8	 3173.8
173	 1363.75	 3177.45
174	 1285.3	 796.65
175	 1358.25	 3087.25
176	 1028.75	 2751.75
177	 1715.5	 1662.65
178	 1449.25	 1349.25
179	 1408.5	 3257.5
180	 705.5	 1947.25
181	 1504.1	 924.2
182	 1866.1	 911.8
183	 1884.9	 922.75
184	 1379.1	 3159.7
185	 1375.75	 3136.0
186	 1376.1	 3092.2
187	 1906.25	 2164.75
188	 1386.1	 3129.8
189	 1385.75	 2238.0
190	 1910.25	 1088.75
191	 1344.65	 3020.85
192	 1399.75	 2215.0
193	 657.0	 3241.0
194	 484.0	 2243.7
195	 1414.25	 2261.0
196	 1396.25	 1172.5
197	 1002.25	 1484.25
198	 1332.0	 2912.6
199	 1007.5	 1427.5
200	 1939.8	 1059.8
201	 1126.0	 2863.25
202	 1018.8	 1476.6
203	 1403.5	 3073.25
204	 1653.8	 881.5
205	 1394.15	 3072.7
206	 1392.5	 3019.0
207	 1399.1	 1222.0
208	 1099.75	 1837.5
209	 1374.95	 2960.65
210	 649.75	 3077.3
211	 2315.4	 1977.4
212	 1372.3	 2894.9
213	 1398.75	 1163.75
214	 660.2	 875.7
215	 1403.2	 2933.0
216	 1411.9	 3285.6
217	 1428.25	 3251.5
218	 449.0	 1514.0
219	 1447.0	 3229.75
220	 1050.6	 1525.8
221	 1456.0	 3222.2
222	 1432.5	 3134.75
223	 1928.25	 899.0
224	 1450.7	 3192.2
225	 1462.3	 1528.1
226	 1467.5	 1480.75
227	 973.4	 2477.2
228	 1482.25	 3242.55
229	 1479.25	 1558.5
230	 1850.0	 849.75
231	 1505.75	 3254.75
232	 1498.0	 3263.75
233	 1526.8	 1590.7
234	 956.0	 2407.4
235	 1525.25	 1669.25
236	 1510.75	 3188.5
237	 1425.8	 3290.8
238	 1428.0	 3009.0
239	 1448.25	 3078.75
240	 1447.25	 3058.25
241	 641.5	 871.6
242	 1453.3	 3046.0
243	 590.5	 2878.5
244	 1421.25	 2929.5
245	 1414.8	 2882.7
246	 1435.7	 2972.0
247	 992.5	 2381.25
248	 1488.55	 3064.0
249	 1473.0	 3004.5
250	 1844.65	 682.45
251	 1522.25	 1551.25
252	 1517.9	 3043.2
253	 1040.0	 2566.0
254	 880.0	 1265.05
255	 1478.35	 2945.75
256	 1874.75	 740.5
257	 617.5	 2925.25
258	 1886.25	 879.5
259	 1481.5	 2905.75
260	 1502.5	 2920.0
261	 2007.75	 2365.5
262	 1518.9	 2912.15
263	 1259.75	 540.4
264	 1320.0	 3680.4
265	 1460.3	 2357.1
266	 1022.0	 2419.5
267	 1012.0	 1332.0
268	 652.9	 2835.55
269	 1933.25	 853.5
270	 1545.25	 3439.5
271	 1485.8	 1437.0
272	 1410.25	 1054.0
273	 416.1	 2700.2
274	 1586.0	 3580.0
275	 1599.6	 3598.2
276	 1885.15	 772.55
277	 1599.1	 3567.5
278	 1621.0	 3541.1
279	 1616.6	 3560.4
280	 1591.9	 3506.9
281	 1592.5	 3500.4
282	 1559.0	 3451.25
283	 2038.3	 2303.7
284	 1815.0	 2730.9
285	 1627.0	 3446.9
286	 1051.25	 1337.75
287	 1547.6	 3359.8
288	 1953.0	 1492.25
289	 1558.25	 3377.5
290	 1570.0	 3340.75
291	 1512.6	 1354.4
292	 1570.7	 3323.0
293	 1074.8	 1368.6
294	 1078.6	 1332.8
295	 879.0	 2291.0
296	 1570.6	 3269.9
297	 1555.1	 3282.9
298	 1041.0	 1320.75
299	 1519.0	 1433.2
300	 1592.3	 3382.6
301	 1608.5	 3403.5
302	 581.3	 2039.3
303	 1589.1	 3238.8
304	 850.5	 2260.75
305	 1511.5	 3145.5
306	 1523.8	 2330.45
307	 2045.75	 2293.25
308	 1531.5	 1389.75
309	 1517.75	 2312.75
310	 855.65	 2219.6
311	 1661.0	 3528.1
312	 1502.5	 2339.25
313	 1532.8	 2360.1
314	 1961.4	 1406.2
315	 1973.9	 1395.1
316	 1611.5	 1880.0
317	 1324.1	 896.2
318	 1520.4	 1281.8
319	 1424.75	 2206.75
320	 1287.6	 3207.0
321	 1999.8	 1422.35
322	 1451.6	 2205.8
323	 1715.8	 3494.6
324	 890.8	 2170.8
325	 1459.75	 2254.6
326	 1693.6	 3448.6
327	 1124.0	 1929.25
328	 1732.25	 3466.25
329	 1738.7	 3400.2
330	 1638.8	 3389.1
331	 497.6	 2678.2
332	 1128.0	 1963.5
333	 1144.0	 1921.0
334	 1639.9	 3349.2
335	 1646.25	 3350.75
336	 910.6	 2304.8
337	 1690.1	 3319.4
338	 1658.5	 3313.75
339	 1636.95	 3264.25
340	 1584.95	 2056.25
341	 1450.8	 2102.2
342	 1684.15	 3299.05
343	 1955.45	 2184.95
344	 1460.0	 2136.75
345	 1703.5	 3359.5
346	 1739.75	 3393.5
347	 948.0	 2307.4
348	 1123.5	 1868.0
349	 1554.0	 1943.0
350	 924.6	 2253.8
351	 1743.0	 3478.5
352	 1535.7	 3220.5
353	 1558.4	 3212.8
354	 1241.4	 1362.0
355	 2109.0	 1308.0
356	 1529.5	 3132.5
357	 1540.1	 3152.0
358	 2078.5	 1686.2
359	 2033.5	 1390.5
360	 1146.4	 1947.9
361	 1561.0	 3080.25
362	 1685.2	 2673.4
363	 398.7	 2206.5
364	 1616.25	 3211.25
365	 2080.5	 1423.9
366	 1157.0	 1893.75
367	 2186.0	 2051.75
368	 1196.9	 736.3
369	 1604.25	 2037.5
370	 1602.05	 3085.95
371	 1609.9	 3138.1
372	 850.8	 2114.9
373	 1610.6	 3076.3
374	 2100.2	 1392.8
375	 1635.0	 3089.0
376	 1640.25	 3182.45
377	 1529.45	 3060.65
378	 1696.25	 917.25
379	 852.75	 2072.0
380	 1523.25	 2958.5
381	 1518.95	 2994.1
382	 1146.0	 1858.5
383	 1563.25	 2983.2
384	 892.0	 2154.0
385	 496.75	 2600.25
386	 1559.0	 2911.75
387	 1604.9	 3059.5
388	 1578.0	 2983.0
389	 1859.25	 1531.25
390	 1634.4	 2977.2
391	 453.2	 2548.2
392	 1622.0	 3014.25
393	 1786.75	 1072.0
394	 862.0	 2017.0
395	 481.1	 2563.35
396	 498.6	 2555.6
397	 2007.25	 1306.5
398	 1611.65	 2972.5
399	 488.25	 2538.25
400	 2018.2	 1367.3
401	 1662.8	 3214.2
402	 995.4	 759.6
403	 1661.8	 3190.8
404	 1466.75	 1379.75
405	 1562.0	 1883.25
406	 721.8	 1891.7
407	 1567.0	 1804.75
408	 892.65	 2012.7
409	 1952.0	 3037.1
410	 1669.2	 3127.5
411	 1369.4	 3668.2
412	 1584.0	 1873.0
413	 1710.75	 3193.25
414	 1726.5	 3192.5
415	 1739.75	 3210.0
416	 2068.0	 1346.5
417	 1742.9	 3170.1
418	 1540.9	 2724.2
419	 561.0	 2738.0
420	 589.25	 2760.75
421	 1716.7	 3079.2
422	 2054.6	 2193.7
423	 2171.0	 1738.6
424	 2102.25	 1375.5
425	 1426.0	 880.25
426	 2059.8	 2194.55
427	 1670.9	 3032.6
428	 1137.25	 1722.5
429	 1669.35	 2986.15
430	 1693.6	 2984.65
431	 1752.25	 2247.25
432	 521.6	 2681.8
433	 1725.75	 1522.25
434	 1783.0	 1937.25
435	 1337.1	 1605.7
436	 1687.25	 2904.8
437	 1693.0	 2897.2
438	 909.75	 2035.5
439	 1581.9	 1788.3
440	 1708.25	 2951.25
441	 1721.1	 2980.8
442	 1406.6	 3613.2
443	 2040.05	 2144.5
444	 1738.5	 2992.5
445	 2072.8	 1919.5
446	 1721.25	 2896.75
447	 1379.4	 3665.25
448	 2093.0	 1332.0
449	 595.0	 2657.5
450	 1127.25	 1634.0
451	 1351.5	 2833.25
452	 1354.8	 2843.4
453	 1600.6	 1719.8
454	 1351.5	 2788.75
455	 1313.1	 2746.55
456	 1873.2	 2977.4
457	 1332.8	 2713.4
458	 2114.25	 1705.0
459	 1345.4	 2721.1
460	 1341.7	 2693.6
461	 2113.2	 1313.8
462	 1063.65	 1511.8
463	 964.0	 2329.2
464	 840.4	 1961.2
465	 1393.35	 2803.8
466	 2142.2	 1514.8
467	 635.9	 2762.4
468	 1614.0	 1855.5
469	 1618.8	 2736.9
470	 1292.0	 3029.25
471	 2127.4	 1475.2
472	 644.75	 2741.7
473	 2143.8	 1486.4
474	 1155.0	 1716.0
475	 995.2	 2324.4
476	 1419.9	 2761.4
477	 1413.4	 2727.45
478	 986.7	 2291.6
479	 1610.3	 2705.8
480	 2185.2	 1499.8
481	 632.2	 2715.2
482	 1178.25	 1768.25
483	 1328.25	 2612.75
484	 1572.2	 2438.2
485	 1364.1	 2583.55
486	 1405.9	 3555.3
487	 1328.0	 2560.4
488	 957.5	 2201.25
489	 645.15	 2716.6
490	 1572.3	 982.4
491	 359.15	 2046.7
492	 1356.0	 2507.75
493	 1659.5	 1802.5
494	 1382.5	 2510.0
495	 1298.8	 2971.0
496	 1402.75	 2672.5
497	 1389.65	 2666.55
498	 1397.2	 2653.6
499	 1399.75	 3561.25
500	 1567.65	 2638.85
501	 2176.5	 1444.0
502	 2260.9	 1657.7
503	 1620.25	 1743.25
504	 1569.95	 2610.95
505	 1554.75	 2612.5
506	 1644.0	 1786.2
507	 1392.85	 2505.35
508	 1401.2	 2506.75
509	 2113.7	 1616.4
510	 1303.0	 3029.25
511	 797.0	 1868.0
512	 2233.5	 1520.3
513	 1444.9	 2769.1
514	 818.7	 1871.9
515	 1620.6	 1791.6
516	 1550.25	 2510.25
517	 1814.0	 876.0
518	 1477.1	 2740.3
519	 1701.0	 1506.3
520	 579.25	 2646.75
521	 1335.5	 3470.5
522	 1534.1	 2861.2
523	 2366.3	 2161.3
524	 1043.0	 2312.25
525	 1502.8	 2698.35
526	 1288.75	 2910.5
527	 2131.9	 2584.7
528	 546.25	 2585.75
529	 1527.4	 2778.4
530	 1227.25	 1951.75
531	 1532.6	 2739.3
532	 1154.75	 1957.5
533	 1523.5	 2683.25
534	 876.6	 1857.4
535	 1435.2	 2646.6
536	 1685.0	 2036.5
537	 1175.85	 1287.3
538	 1453.9	 2621.3
539	 1475.0	 2664.0
540	 1238.4	 1924.2
541	 1585.5	 2663.25
542	 1595.5	 2628.5
543	 1441.25	 2497.0
544	 1659.3	 1947.7
545	 1667.25	 1964.75
546	 1650.0	 1911.2
547	 1611.25	 2647.5
548	 1035.75	 2225.75
549	 2124.4	 1635.4
550	 1473.75	 3506.0
551	 1316.5	 2864.75
552	 962.0	 2111.75
553	 1523.0	 2592.5
554	 1199.4	 1785.0
555	 1496.8	 2564.3
556	 1503.8	 1087.8
557	 1492.0	 2532.5
558	 1509.5	 2544.0
559	 1691.25	 1914.0
560	 756.25	 1782.0
561	 1708.4	 2048.0
562	 1341.3	 2429.5
563	 1323.3	 2377.0
564	 1359.55	 2422.2
565	 1786.75	 2236.25
566	 1597.5	 2548.5
567	 638.75	 2690.75
568	 1595.8	 2537.4
569	 1330.0	 2309.5
570	 1284.75	 2322.0
571	 1359.9	 2339.2
572	 2213.0	 1328.2
573	 981.25	 2030.5
574	 1386.5	 2416.25
575	 1631.8	 2577.2
576	 1017.5	 2160.7
577	 1523.0	 1067.8
578	 1663.75	 722.5
579	 2199.0	 2731.75
580	 1384.7	 2361.8
581	 2124.5	 2609.75
582	 2292.0	 1654.0
583	 1390.8	 2305.8
584	 2187.8	 1385.6
585	 1420.75	 2367.25
586	 636.6	 2586.8
587	 1423.15	 2357.15
588	 2188.25	 1363.5
589	 1039.0	 2081.2
590	 2030.2	 2949.4
591	 1778.75	 2023.0
592	 674.4	 3305.9
593	 672.85	 3300.2
594	 1685.25	 2788.0
595	 1346.1	 2171.7
596	 2232.6	 2484.3
597	 1305.25	 2109.0
598	 1308.25	 2089.0
599	 1358.8	 2158.6
600	 1360.2	 2143.7
601	 904.5	 2737.25
602	 1952.7	 1701.1
603	 1400.8	 2221.2
604	 1425.2	 2284.6
605	 1424.3	 2221.5
606	 792.6	 3214.8
607	 1386.4	 2135.1
608	 1366.2	 2092.5
609	 1072.1	 2765.2
610	 2219.8	 1343.0
611	 1690.0	 1827.75
612	 1288.25	 2866.75
613	 1444.75	 2447.5
614	 1775.2	 1335.4
615	 786.0	 1735.1
616	 1474.0	 2482.5
617	 2218.75	 1318.0
618	 1083.4	 2681.2
619	 1719.5	 2825.5
620	 712.75	 3222.75
621	 1095.4	 2771.2
622	 2212.4	 2745.7
623	 1645.8	 1753.7
624	 1425.5	 2270.75
625	 1467.75	 2367.5
626	 735.9	 3357.25
627	 1948.85	 1169.8
628	 1960.25	 1170.5
629	 1835.7	 688.2
630	 724.0	 3323.0
631	 1626.0	 1115.75
632	 1511.0	 2476.5
633	 1479.5	 932.75
634	 1483.3	 2297.8
635	 1472.5	 2302.75
636	 1525.5	 2313.5
637	 1716.25	 2729.5
638	 752.5	 3313.0
639	 1402.95	 3315.1
640	 1456.0	 2240.0
641	 1437.5	 2142.0
642	 1445.2	 2149.4
643	 1429.4	 2091.8
644	 810.9	 1768.6
645	 1725.75	 1851.5
646	 689.0	 1626.9
647	 1244.75	 1676.5
648	 1526.0	 2195.5
649	 1718.75	 1823.0
650	 2077.0	 3008.0
651	 1447.0	 2086.5
652	 1282.25	 2336.0
653	 1545.4	 2872.7
654	 1551.4	 2869.1
655	 938.9	 2698.5
656	 1554.9	 2796.9
657	 2109.75	 2407.65
658	 1561.95	 2793.65
659	 1540.5	 2750.75
660	 1412.3	 1462.3
661	 1637.0	 2618.8
662	 673.4	 3145.0
663	 1257.95	 1608.0
664	 1606.0	 2870.5
665	 1192.5	 1688.25
666	 1999.75	 1211.0
667	 1609.5	 2771.25
668	 1817.8	 1487.55
669	 1602.8	 1062.5
670	 1626.25	 2754.5
671	 1141.6	 2590.2
672	 1634.5	 2753.7
673	 1609.6	 2692.2
674	 1641.95	 2558.8
675	 1563.75	 2647.0
676	 1970.6	 1837.4
677	 1686.0	 1432.1
678	 1271.6	 1697.4
679	 1581.7	 2667.1
680	 1064.75	 2551.25
681	 1555.5	 2544.85
682	 1547.6	 2592.8
683	 1066.6	 2476.8
684	 2223.9	 1619.2
685	 1564.25	 2516.0
686	 1558.2	 2606.1
687	 512.0	 2804.5
688	 1569.0	 2578.0
689	 1383.25	 3020.0
690	 680.8	 3080.1
691	 2307.5	 1773.5
692	 425.9	 1964.55
693	 1584.8	 2692.0
694	 1602.8	 2624.6
695	 1634.75	 2667.75
696	 1262.75	 1778.75
697	 1613.75	 2644.75
698	 1719.0	 2097.0
699	 1091.75	 2487.0
700	 1599.8	 2543.4
701	 1609.4	 2594.5
702	 681.6	 3014.2
703	 1063.5	 2413.25
704	 489.5	 2015.75
705	 2046.5	 1199.75
706	 1582.5	 1637.7
707	 1650.0	 2731.5
708	 684.0	 3005.5
709	 1083.6	 2430.6
710	 1090.75	 2453.25
711	 1670.0	 2705.95
712	 1714.25	 2833.9
713	 1840.3	 995.3
714	 2294.1	 1668.9
715	 1702.1	 3068.9
716	 1730.95	 2865.15
717	 1733.2	 2839.1
718	 1051.75	 2507.25
719	 1688.6	 2636.8
720	 1724.6	 2778.5
721	 1493.65	 1058.45
722	 1966.15	 1058.35
723	 2248.2	 2330.7
724	 2292.6	 1642.8
725	 1742.5	 2831.5
726	 1342.25	 3005.0
727	 1102.25	 1561.5
728	 705.0	 3027.0
729	 1659.75	 2682.0
730	 1100.8	 1505.8
731	 2011.7	 3022.8
732	 1450.4	 1497.8
733	 1646.8	 2550.2
734	 1639.0	 2524.5
735	 718.6	 3004.0
736	 1652.85	 2549.25
737	 1661.3	 2573.6
738	 1664.75	 2525.5
739	 1686.0	 2566.75
740	 2087.5	 1082.5
741	 1693.25	 2682.0
742	 2263.8	 2606.25
743	 1733.0	 2650.0
744	 1356.0	 812.25
745	 1730.25	 2624.5
746	 1733.25	 2606.75
747	 1689.8	 2575.75
748	 1720.25	 2569.0
749	 796.6	 3427.2
750	 973.2	 3342.0
751	 1729.5	 2578.75
752	 1724.7	 2513.8
753	 792.0	 3400.75
754	 1549.5	 2472.5
755	 2254.0	 2554.5
756	 2194.6	 1411.1
757	 1572.1	 2460.3
758	 1577.55	 2417.95
759	 1605.75	 1525.1
760	 1559.0	 2441.45
761	 1543.4	 2361.0
762	 1542.7	 2372.0
763	 1554.5	 2300.75
764	 1552.0	 2295.0
765	 1570.25	 2375.5
766	 1573.5	 2385.75
767	 1130.6	 2364.8
768	 1578.0	 2332.25
769	 1192.25	 960.25
770	 1556.0	 1440.75
771	 1145.0	 2697.5
772	 1143.6	 1440.6
773	 1163.8	 2720.2
774	 1309.25	 2052.25
775	 1629.5	 2352.6
776	 1625.95	 2311.25
777	 1614.5	 2323.8
778	 1181.0	 1571.0
779	 1547.25	 2353.25
780	 1200.2	 1938.6
781	 1551.8	 2231.4
782	 1550.75	 2212.25
783	 1533.4	 2262.9
784	 2051.0	 1255.25
785	 2244.6	 1611.7
786	 1783.7	 848.2
787	 1559.0	 2176.0
788	 2257.0	 2507.5
789	 1571.65	 2147.6
790	 1572.9	 2132.7
791	 1560.75	 2089.75
792	 1697.0	 1205.9
793	 1589.0	 2201.0
794	 1178.25	 2696.75
795	 2114.0	 1237.2
796	 1609.4	 2259.0
797	 838.4	 3482.4
798	 1615.5	 2268.0
799	 1637.75	 2308.75
800	 1595.6	 2200.3
801	 1573.3	 2092.3
802	 830.5	 3388.75
803	 1199.8	 1508.8
804	 1679.75	 2038.5
805	 1569.25	 1269.75
806	 1182.0	 2616.5
807	 1005.0	 3334.0
808	 1627.7	 2168.7
809	 1180.75	 2591.5
810	 1231.9	 1540.0
811	 1186.5	 1494.75
812	 1159.0	 1456.0
813	 2085.25	 1176.75
814	 1645.0	 2382.25
815	 1384.25	 771.9
816	 1667.0	 2460.0
817	 1682.35	 2456.6
818	 829.4	 3347.6
819	 1676.8	 2430.8
820	 1635.3	 2351.2
821	 1179.7	 1464.1
822	 1361.8	 3581.5
823	 824.35	 3254.8
824	 1712.3	 2463.9
825	 1611.25	 1415.5
826	 1708.45	 2308.55
827	 1177.5	 3082.0
828	 1362.3	 741.65
829	 1098.75	 1396.0
830	 685.0	 1626.75
831	 1676.45	 2231.55
832	 1589.75	 2366.85
833	 1112.6	 1370.4
834	 1857.0	 2267.0
835	 1627.8	 1463.6
836	 778.0	 3155.0
837	 766.2	 3134.0
838	 1856.8	 2376.8
839	 2293.2	 2557.0
840	 1683.2	 2169.4
841	 1675.05	 2130.7
842	 1624.0	 2359.75
843	 2176.4	 1260.2
844	 1137.0	 1379.75
845	 774.25	 3084.75
846	 608.5	 2444.25
847	 1285.0	 2691.25
848	 1118.8	 1339.65
849	 1718.2	 2263.4
850	 1720.0	 2213.5
851	 1838.6	 2996.0
852	 1723.75	 2106.5
853	 1720.0	 2100.5
854	 1729.25	 2113.5
855	 1315.5	 1969.5
856	 2046.5	 2976.15
857	 1408.8	 723.2
858	 796.4	 3008.8
859	 2061.5	 1143.25
860	 1788.3	 3442.3
861	 1779.75	 3430.75
862	 794.8	 2954.6
863	 813.2	 3191.0
864	 1759.4	 3332.2
865	 1749.7	 3235.0
866	 1778.75	 3330.9
867	 1140.7	 1734.5
868	 2061.75	 1046.0
869	 1581.2	 2275.4
870	 1804.3	 965.7
871	 2066.75	 1084.0
872	 1162.5	 1397.0
873	 1167.75	 1340.25
874	 1792.5	 3358.0
875	 1661.0	 1596.8
876	 1546.4	 2175.5
877	 1981.6	 2179.7
878	 1801.6	 3285.1
879	 1807.0	 3263.0
880	 1635.25	 932.0
881	 1835.7	 3367.15
882	 1746.9	 3182.5
883	 1752.4	 3230.05
884	 1172.25	 2480.0
885	 1186.6	 2496.25
886	 1556.0	 2102.0
887	 1781.0	 3218.0
888	 1696.75	 1313.75
889	 1840.75	 920.5
890	 2081.2	 2936.4
891	 829.8	 3029.0
892	 2077.4	 986.6
893	 1750.5	 3043.0
894	 1763.0	 3074.6
895	 1772.25	 3021.25
896	 1787.0	 3223.6
897	 1790.0	 3178.0
898	 2243.75	 2450.5
899	 1112.5	 1769.5
900	 636.25	 1531.0
901	 1177.0	 2409.0
902	 1826.5	 3178.4
903	 1800.0	 3067.5
904	 1816.0	 3100.5
905	 1028.5	 2703.75
906	 1814.9	 3092.1
907	 1330.45	 527.55
908	 1835.4	 3017.0
909	 1858.0	 3390.0
910	 1211.25	 1549.75
911	 1726.95	 750.7
912	 669.7	 2890.8
913	 1896.6	 2174.6
914	 1624.8	 2244.6
915	 520.8	 3084.2
916	 1632.5	 2271.0
917	 1587.8	 2197.3
918	 687.6	 2896.0
919	 1580.5	 2154.4
920	 1903.6	 3341.5
921	 1250.0	 1591.0
922	 491.4	 2899.9
923	 516.6	 2980.0
924	 522.2	 3005.4
925	 1761.4	 1467.0
926	 497.0	 2924.0
927	 1921.35	 3303.55
928	 1928.25	 3282.5
929	 1884.9	 3241.3
930	 541.25	 3045.0
931	 2145.0	 1838.0
932	 1835.0	 3162.2
933	 1208.0	 2418.75
934	 551.3	 3053.6
935	 572.0	 3037.75
936	 1364.6	 543.8
937	 546.2	 2966.6
938	 696.25	 2778.75
939	 1340.75	 487.75
940	 1862.35	 3037.05
941	 593.5	 2327.5
942	 548.25	 2944.7
943	 1246.5	 1501.25
944	 1918.35	 3170.45
945	 1905.0	 3128.75
946	 493.4	 2825.8
947	 1946.6	 3181.2
948	 1027.2	 2651.8
949	 1255.6	 1433.4
950	 2304.9	 2556.0
951	 1702.0	 2237.5
952	 1705.8	 1529.4
953	 1226.9	 2373.3
954	 738.5	 2948.5
955	 490.5	 2793.0
956	 483.3	 2790.1
957	 1951.0	 3049.0
958	 490.1	 2871.05
959	 1934.0	 3023.0
960	 1755.3	 2991.4
961	 521.5	 2859.75
962	 527.75	 2870.0
963	 494.0	 2830.25
964	 527.0	 2814.0
965	 1752.0	 2808.5
966	 514.8	 2809.2
967	 1640.75	 2318.75
968	 574.2	 2812.2
969	 533.75	 2801.0
970	 533.25	 2796.75
971	 1187.0	 1623.0
972	 601.25	 3138.25
973	 588.4	 3112.9
974	 1779.7	 816.8
975	 607.2	 3092.95
976	 1829.0	 2995.6
977	 620.0	 3146.75
978	 1842.2	 2922.6
979	 1689.5	 2192.5
980	 602.8	 3084.8
981	 1966.0	 989.5
982	 1837.5	 2827.3
983	 635.5	 3173.5
984	 668.25	 3170.5
985	 1756.5	 2735.25
986	 1140.3	 579.5
987	 630.9	 3111.8
988	 637.2	 3123.5
989	 672.0	 2680.2
990	 641.55	 3058.8
991	 1755.0	 2696.6
992	 1754.75	 2408.75
993	 1752.5	 2721.25
994	 1294.9	 1462.0
995	 2338.0	 2407.5
996	 1092.95	 2714.1
997	 1809.0	 2744.25
998	 584.5	 2915.25
999	 632.3	 2281.4
1000	 1834.05	 2796.65
1001	 1838.5	 2792.0
1002	 706.4	 2733.9
1003	 1811.5	 2657.5
1004	 1819.3	 2693.8
1005	 605.6	 2907.6
1006	 1804.3	 2676.6
1007	 1659.25	 2267.75
1008	 571.25	 2797.75
1009	 1866.3	 2966.5
1010	 668.2	 2600.4
1011	 608.4	 2790.4
1012	 1689.25	 1386.75
1013	 619.8	 2900.4
1014	 1663.75	 2209.0
1015	 1656.8	 1341.4
1016	 524.3	 1278.6
1017	 1650.5	 1294.75
1018	 661.0	 2858.7
1019	 1868.0	 2915.0
1020	 1879.55	 2903.05
1021	 1895.75	 2897.65
1022	 1691.2	 1286.2
1023	 413.4	 2687.7
1024	 1930.4	 2994.5
1025	 403.25	 2670.25
1026	 716.6	 2737.2
1027	 736.2	 2723.8
1028	 1911.5	 2843.5
1029	 1931.7	 2887.9
1030	 1939.3	 2914.8
1031	 1941.75	 2910.0
1032	 484.3	 2738.85
1033	 1701.7	 1423.0
1034	 484.8	 2752.1
1035	 481.0	 2723.25
1036	 1668.5	 1229.7
1037	 1891.55	 2787.6
1038	 471.7	 2677.0
1039	 1425.2	 832.2
1040	 1889.5	 2665.25
1041	 1760.0	 2170.5
1042	 528.75	 1274.25
1043	 1828.05	 1491.4
1044	 1136.0	 2184.5
1045	 1716.75	 1333.0
1046	 1920.25	 2749.5
1047	 352.2	 2576.65
1048	 1244.1	 1867.4
1049	 1933.9	 2722.7
1050	 364.5	 2574.75
1051	 364.25	 2560.5
1052	 1927.15	 2670.0
1053	 384.25	 2533.0
1054	 1957.5	 2643.25
1055	 1725.0	 1307.75
1056	 455.3	 2578.8
1057	 506.75	 2576.75
1058	 509.0	 2595.25
1059	 1964.0	 3165.5
1060	 455.25	 2569.75
1061	 511.75	 2560.75
1062	 1982.3	 3159.85
1063	 553.9	 2739.3
1064	 1982.1	 3105.85
1065	 1103.0	 2148.75
1066	 2026.2	 3202.2
1067	 2048.3	 3178.8
1068	 544.2	 2689.3
1069	 538.5	 2711.75
1070	 868.35	 1660.45
1071	 536.0	 2676.0
1072	 2009.25	 3145.25
1073	 2014.5	 3134.75
1074	 569.5	 2687.5
1075	 586.35	 2685.8
1076	 2043.5	 3097.5
1077	 808.1	 1636.0
1078	 1702.3	 2129.7
1079	 1452.9	 1470.2
1080	 1739.5	 2157.5
1081	 2126.8	 2449.6
1082	 659.4	 2759.7
1083	 1840.4	 1392.4
1084	 625.8	 2682.1
1085	 1959.85	 2874.3
1086	 794.6	 2921.8
1087	 1972.5	 2874.25
1088	 1725.75	 2130.25
1089	 773.75	 2862.0
1090	 634.3	 2707.1
1091	 528.2	 2644.3
1092	 2162.25	 1808.95
1093	 552.4	 2625.0
1094	 520.9	 2612.6
1095	 2105.0	 2283.4
1096	 1278.6	 1254.0
1097	 1787.0	 3371.75
1098	 2011.75	 2949.5
1099	 1106.0	 2057.0
1100	 354.3	 2150.1
1101	 578.75	 2649.0
1102	 579.1	 2653.8
1103	 583.5	 2609.5
1104	 629.25	 3182.75
1105	 2031.0	 2873.0
1106	 1104.4	 2015.6
1107	 518.25	 2550.0
1108	 2016.75	 2859.3
1109	 523.25	 2534.75
1110	 572.5	 2172.25
1111	 2063.5	 3075.7
1112	 2072.15	 3136.0
1113	 555.7	 2574.2
1114	 1320.6	 1057.8
1115	 2090.4	 3096.5
1116	 898.0	 1210.0
1117	 886.25	 1142.0
1118	 2083.0	 3000.75
1119	 632.2	 2636.1
1120	 2100.7	 3045.2
1121	 643.75	 2601.75
1122	 1367.5	 1307.25
1123	 936.25	 1224.25
1124	 645.5	 2593.75
1125	 1756.4	 3320.6
1126	 810.5	 2845.5
1127	 606.25	 2554.5
1128	 789.75	 2786.25
1129	 1763.25	 3260.5
1130	 647.95	 2530.5
1131	 674.65	 3279.1
1132	 935.5	 1149.25
1133	 2158.75	 3005.25
1134	 2164.0	 2999.25
1135	 710.9	 3267.1
1136	 1151.9	 2062.45
1137	 2155.1	 3012.0
1138	 2085.0	 2953.0
1139	 2081.25	 2945.25
1140	 676.5	 3182.4
1141	 2074.2	 2920.1
1142	 695.5	 3178.25
1143	 686.75	 3204.5
1144	 1380.2	 1336.95
1145	 1123.0	 2044.6
1146	 679.25	 3199.5
1147	 690.2	 3255.7
1148	 2106.5	 2926.1
1149	 2107.6	 2914.05
1150	 894.5	 1051.7
1151	 2061.8	 2902.4
1152	 730.2	 3299.2
1153	 736.5	 3316.1
1154	 771.0	 3348.0
1155	 745.6	 3319.4
1156	 2193.2	 2303.8
1157	 2165.75	 2914.95
1158	 662.85	 3208.5
1159	 814.5	 2812.75
1160	 1678.2	 1244.6
1161	 2066.6	 3051.1
1162	 751.0	 3223.25
1163	 755.75	 3230.25
1164	 825.75	 2790.0
1165	 369.3	 1958.9
1166	 674.0	 3148.0
1167	 2174.4	 2883.8
1168	 1330.0	 1824.25
1169	 677.2	 3080.4
1170	 1802.5	 3322.75
1171	 709.5	 3108.75
1172	 2216.75	 2860.25
1173	 713.25	 3134.0
1174	 1379.0	 1033.15
1175	 1379.5	 1058.75
1176	 730.35	 3156.6
1177	 2022.0	 2809.75
1178	 1389.25	 1032.0
1179	 745.45	 1474.45
1180	 1438.5	 1055.0
1181	 1816.4	 3270.5
1182	 736.25	 3007.5
1183	 1446.8	 1145.3
1184	 2047.75	 2776.5
1185	 634.8	 3104.2
1186	 724.7	 2972.7
1187	 724.25	 3049.25
1188	 740.8	 2996.0
1189	 1382.55	 1351.1
1190	 980.9	 1222.0
1191	 766.95	 2990.4
1192	 1617.5	 2766.5
1193	 1521.25	 761.75
1194	 1321.6	 965.2
1195	 2046.5	 2787.2
1196	 806.0	 3377.5
1197	 1679.1	 1237.1
1198	 814.25	 3390.25
1199	 797.5	 2695.5
1200	 1373.3	 3018.6
1201	 2111.05	 2748.1
1202	 1178.0	 2289.0
1203	 767.6	 3340.3
1204	 803.0	 2654.5
1205	 1990.7	 2711.9
1206	 1221.0	 1764.0
1207	 768.6	 3243.8
1208	 790.75	 3220.75
1209	 1959.1	 2651.7
1210	 952.0	 1075.1
1211	 1349.4	 937.2
1212	 1170.25	 2234.25
1213	 820.25	 3399.25
1214	 1360.0	 955.0
1215	 835.75	 3429.0
1216	 1039.8	 3269.0
1217	 1738.1	 1254.6
1218	 832.75	 3418.75
1219	 1160.5	 2165.25
1220	 1324.2	 903.4
1221	 977.75	 1091.25
1222	 2047.3	 2675.9
1223	 833.75	 3246.75
1224	 1780.0	 3214.0
1225	 2127.0	 1298.5
1226	 2080.9	 2690.9
1227	 787.5	 2594.0
1228	 769.1	 3142.65
1229	 775.75	 3143.5
1230	 797.7	 3180.6
1231	 974.0	 3260.25
1232	 1670.0	 2208.0
1233	 2111.2	 2623.7
1234	 788.75	 2993.5
1235	 801.5	 2992.0
1236	 902.75	 984.75
1237	 820.75	 3203.25
1238	 816.5	 3144.5
1239	 909.25	 1022.75
1240	 1748.75	 3048.5
1241	 1358.8	 889.8
1242	 843.2	 3194.8
1243	 846.6	 3119.2
1244	 1526.0	 629.6
1245	 844.25	 3026.5
1246	 1763.95	 3102.65
1247	 1778.5	 3080.2
1248	 861.5	 3216.25
1249	 666.0	 2933.5
1250	 2207.0	 2797.5
1251	 670.5	 2899.75
1252	 841.6	 2637.8
1253	 848.0	 2676.0
1254	 693.3	 2942.6
1255	 709.0	 2923.75
1256	 898.25	 924.0
1257	 1237.0	 2320.25
1258	 2204.5	 2783.0
1259	 2298.1	 1716.8
1260	 1644.4	 552.4
1261	 1796.25	 3218.5
1262	 1452.2	 601.7
1263	 2213.7	 2758.2
1264	 1668.75	 3216.75
1265	 2221.15	 2743.75
1266	 684.55	 2843.35
1267	 2244.2	 2768.35
1268	 703.5	 2771.25
1269	 1860.95	 1509.55
1270	 2194.25	 2717.5
1271	 2134.4	 2697.8
1272	 2144.5	 2698.5
1273	 752.2	 2845.4
1274	 2147.1	 2677.1
1275	 744.2	 2834.5
1276	 1400.4	 929.4
1277	 954.5	 1016.5
1278	 1240.75	 2182.45
1279	 842.0	 2575.2
1280	 667.9	 2698.6
1281	 682.0	 2695.5
1282	 714.25	 2739.25
1283	 700.0	 2693.2
1284	 1261.85	 2189.5
1285	 676.0	 2603.0
1286	 322.0	 2474.0
1287	 679.2	 2606.2
1288	 2222.75	 2676.5
1289	 859.1	 1502.2
1290	 677.85	 2593.25
1291	 704.45	 2584.7
1292	 2181.4	 2341.0
1293	 2285.3	 2659.0
1294	 682.8	 1569.95
1295	 2044.25	 1318.5
1296	 714.6	 2655.0
1297	 740.75	 2710.25
1298	 2055.5	 997.75
1299	 944.8	 2272.0
1300	 2291.4	 2625.9
1301	 724.25	 2613.75
1302	 714.5	 2558.9
1303	 1259.2	 2097.2
1304	 1194.5	 1229.75
1305	 745.25	 2613.25
1306	 755.45	 2536.9
1307	 2262.0	 2680.4
1308	 1794.5	 2579.25
1309	 1310.55	 1199.95
1310	 1262.8	 3338.0
1311	 1762.05	 2509.9
1312	 1803.7	 2544.7
1313	 2172.0	 2210.4
1314	 1336.0	 1301.25
1315	 366.7	 1434.0
1316	 767.0	 2797.0
1317	 1002.0	 1106.8
1318	 770.0	 2748.5
1319	 1837.6	 2567.65
1320	 1863.3	 2609.2
1321	 850.5	 2862.5
1322	 814.25	 2815.0
1323	 1846.35	 2560.95
1324	 816.25	 2844.15
1325	 1009.6	 1137.4
1326	 1865.8	 2528.1
1327	 724.7	 2324.3
1328	 825.6	 2747.8
1329	 773.9	 2733.3
1330	 1813.0	 2471.25
1331	 1479.05	 1200.05
1332	 810.1	 2653.0
1333	 1777.25	 2424.0
1334	 775.0	 2622.0
1335	 383.95	 2479.85
1336	 770.4	 2559.6
1337	 1804.0	 2400.8
1338	 787.5	 2609.25
1339	 786.75	 2600.5
1340	 872.5	 2163.75
1341	 757.0	 2388.5
1342	 1659.4	 563.8
1343	 1854.25	 2450.75
1344	 1004.6	 1060.4
1345	 1791.5	 2228.75
1346	 849.25	 2744.0
1347	 410.0	 2469.75
1348	 1841.4	 2403.95
1349	 831.8	 2625.2
1350	 822.6	 2603.9
1351	 1878.0	 3301.0
1352	 1865.1	 2398.6
1353	 820.4	 2548.3
1354	 832.6	 2567.6
1355	 832.75	 2609.25
1356	 1949.25	 2597.25
1357	 1947.1	 2575.0
1358	 359.4	 2427.6
1359	 329.25	 2489.25
1360	 327.0	 2479.0
1361	 1847.25	 3234.5
1362	 1859.0	 3208.75
1363	 352.2	 2520.0
1364	 338.25	 2490.5
1365	 1928.25	 1167.75
1366	 1466.0	 1156.5
1367	 2013.75	 2609.0
1368	 343.0	 2483.75
1369	 2012.1	 2595.5
1370	 1700.8	 3164.8
1371	 1901.6	 1478.4
1372	 332.9	 2394.7
1373	 375.6	 2498.6
1374	 380.5	 2489.5
1375	 1066.2	 1173.0
1376	 1225.8	 2122.3
1377	 370.0	 2467.0
1378	 2021.3	 2556.85
1379	 2062.75	 2542.25
1380	 2029.1	 2506.6
1381	 1352.0	 2375.5
1382	 418.1	 2460.4
1383	 1919.0	 2482.0
1384	 365.8	 2415.05
1385	 378.7	 2414.1
1386	 382.25	 2423.5
1387	 385.25	 2443.5
1388	 418.0	 2453.25
1389	 1077.2	 1154.8
1390	 1994.0	 2441.4
1391	 1901.7	 2397.45
1392	 1917.1	 2388.1
1393	 1477.3	 484.8
1394	 1698.4	 3152.45
1395	 328.1	 2353.6
1396	 315.6	 2374.4
1397	 1499.5	 1122.75
1398	 452.75	 2350.0
1399	 1281.3	 1599.6
1400	 1982.3	 2376.5
1401	 321.0	 2316.0
1402	 1255.75	 2094.75
1403	 2036.25	 2480.25
1404	 339.2	 2309.6
1405	 321.0	 2285.0
1406	 2039.6	 2473.4
1407	 322.5	 2279.05
1408	 1848.0	 879.25
1409	 1894.75	 3239.0
1410	 341.0	 2276.75
1411	 1857.0	 1753.8
1412	 2046.5	 2359.0
1413	 2016.25	 2364.0
1414	 1758.9	 813.4
1415	 387.8	 2347.6
1416	 1528.75	 1140.25
1417	 1797.8	 2342.8
1418	 388.6	 2335.4
1419	 1083.75	 1112.25
1420	 2257.75	 2318.25
1421	 1818.25	 3239.5
1422	 1071.3	 1064.8
1423	 352.0	 2263.0
1424	 355.1	 2253.65
1425	 369.2	 2249.0
1426	 1782.95	 2280.65
1427	 397.2	 2296.4
1428	 411.6	 2279.6
1429	 808.2	 2330.0
1430	 415.6	 2270.7
1431	 903.0	 2086.0
1432	 1903.2	 2339.4
1433	 456.4	 2449.0
1434	 334.0	 2235.5
1435	 350.9	 2247.1
1436	 1093.8	 1054.95
1437	 1873.75	 3179.5
1438	 1844.25	 2231.25
1439	 1073.0	 2601.75
1440	 1381.45	 560.3
1441	 1115.6	 1109.5
1442	 1888.0	 3134.0
1443	 997.8	 1028.0
1444	 1754.5	 2218.5
1445	 1762.2	 2212.9
1446	 1850.25	 3058.75
1447	 1011.2	 1039.4
1448	 544.5	 2478.75
1449	 852.6	 2315.85
1450	 493.2	 2431.2
1451	 298.8	 1957.2
1452	 1809.0	 2185.75
1453	 1750.8	 2154.95
1454	 513.5	 2388.0
1455	 1794.6	 3047.2
1456	 551.75	 2429.5
1457	 1753.1	 2114.0
1458	 530.4	 2402.9
1459	 562.75	 2375.75
1460	 439.5	 2368.25
1461	 1507.75	 3138.5
1462	 439.75	 2380.0
1463	 1048.5	 1010.7
1464	 1448.6	 889.15
1465	 444.8	 2301.6
1466	 1865.5	 3015.75
1467	 1709.25	 1793.25
1468	 1879.0	 1775.0
1469	 1007.0	 952.2
1470	 486.25	 2300.75
1471	 487.0	 2325.25
1472	 428.4	 2274.4
1473	 1473.25	 937.25
1474	 1474.3	 927.1
1475	 447.5	 2262.0
1476	 2285.4	 2255.6
1477	 1899.2	 2159.0
1478	 485.0	 2292.5
1479	 1485.0	 881.4
1480	 1879.6	 2100.6
1481	 1040.6	 920.2
1482	 554.9	 2360.0
1483	 378.5	 2253.8
1484	 562.15	 2320.6
1485	 1931.8	 2252.1
1486	 1931.0	 2241.0
1487	 1957.5	 2276.25
1488	 1122.8	 1425.7
1489	 1969.9	 2279.1
1490	 533.25	 2287.5
1491	 537.8	 2269.4
1492	 1079.0	 1027.5
1493	 2009.55	 2329.8
1494	 382.4	 1922.6
1495	 401.8	 2270.5
1496	 2034.4	 2360.0
1497	 1691.0	 1124.0
1498	 411.25	 2249.75
1499	 325.65	 2238.3
1500	 1993.8	 2232.8
1501	 1999.0	 2262.0
1502	 323.9	 2155.1
1503	 1249.0	 663.5
1504	 811.25	 2242.5
1505	 302.9	 2112.45
1506	 1523.6	 997.0
1507	 323.0	 2127.3
1508	 1082.0	 932.0
1509	 1941.6	 2227.7
1510	 1503.6	 916.0
1511	 1966.6	 2176.5
1512	 1098.2	 878.2
1513	 379.0	 2175.7
1514	 1956.0	 2123.7
1515	 365.0	 1853.2
1516	 394.5	 2196.0
1517	 1998.4	 2223.2
1518	 1856.1	 1148.7
1519	 357.25	 2118.25
1520	 1510.8	 886.8
1521	 386.1	 2128.5
1522	 371.6	 2158.5
1523	 352.3	 2096.1
1524	 420.0	 2094.75
1525	 320.8	 2080.7
1526	 1457.95	 3012.7
1527	 346.9	 2077.7
1528	 1169.4	 1448.9
1529	 1529.2	 869.0
1530	 1089.5	 925.6
1531	 2051.5	 2149.5
1532	 345.25	 2083.75
1533	 1180.65	 1452.65
1534	 1710.5	 620.4
1535	 1896.0	 1483.6
1536	 1412.0	 999.5
1537	 2362.0	 2315.5
1538	 465.25	 2403.5
1539	 373.0	 2076.0
1540	 632.9	 2526.9
1541	 2132.25	 2555.5
1542	 404.7	 2077.0
1543	 503.2	 2501.7
1544	 396.7	 2052.3
1545	 350.7	 1999.9
1546	 388.6	 2002.55
1547	 393.0	 2000.3
1548	 393.0	 1994.75
1549	 2205.25	 2586.0
1550	 430.0	 2022.25
1551	 365.8	 2091.1
1552	 443.0	 2213.8
1553	 2151.6	 2482.3
1554	 454.45	 2211.15
1555	 470.0	 2213.1
1556	 480.25	 2237.5
1557	 495.75	 2223.75
1558	 2093.25	 2474.0
1559	 1343.0	 753.2
1560	 925.2	 871.4
1561	 482.5	 2183.0
1562	 2114.25	 2457.5
1563	 2142.5	 2463.1
1564	 2123.2	 2421.6
1565	 2225.0	 2347.5
1566	 732.25	 1189.0
1567	 506.6	 2142.6
1568	 536.25	 2140.75
1569	 2097.2	 2396.6
1570	 1773.25	 2945.25
1571	 2072.9	 2354.05
1572	 562.4	 2148.25
1573	 555.75	 2122.25
1574	 546.5	 2110.75
1575	 560.2	 2110.6
1576	 420.75	 2084.75
1577	 2256.6	 1412.2
1578	 1324.5	 694.25
1579	 492.5	 2053.25
1580	 1849.1	 1679.5
1581	 2179.2	 2439.8
1582	 439.25	 2035.25
1583	 490.0	 2395.6
1584	 2175.0	 2476.2
1585	 1748.4	 2836.2
1586	 2205.2	 2382.7
1587	 497.75	 2106.0
1588	 498.2	 2037.6
1589	 2224.4	 2600.7
1590	 2216.75	 2557.5
1591	 553.9	 2104.0
1592	 973.0	 1588.0
1593	 564.05	 2060.5
1594	 530.2	 2050.55
1595	 543.7	 2046.8
1596	 998.75	 863.0
1597	 2348.0	 2234.9
1598	 2245.2	 2522.95
1599	 491.75	 2907.75
1600	 1496.0	 3004.0
1601	 1800.25	 1851.5
1602	 998.5	 834.75
1603	 1496.7	 2486.0
1604	 1915.0	 1181.8
1605	 1011.5	 832.6
1606	 582.4	 2517.3
1607	 973.5	 813.5
1608	 629.4	 2482.2
1609	 2298.6	 2594.9
1610	 566.5	 2445.75
1611	 988.6	 780.9
1612	 591.25	 2420.25
1613	 595.5	 2443.0
1614	 1826.5	 2990.75
1615	 474.5	 1948.25
1616	 449.95	 2379.5
1617	 617.5	 2448.75
1618	 439.7	 1912.4
1619	 464.5	 1893.75
1620	 440.5	 1943.25
1621	 2281.4	 2519.4
1622	 624.4	 2416.8
1623	 2256.05	 2377.4
1624	 1391.5	 788.75
1625	 497.6	 1804.4
1626	 1007.0	 781.0
1627	 871.5	 717.25
1628	 700.4	 2497.6
1629	 1809.2	 2846.4
1630	 878.5	 714.0
1631	 2242.1	 2466.6
1632	 651.15	 2452.65
1633	 1805.5	 2833.25
1634	 570.75	 2378.5
1635	 2226.1	 2361.4
1636	 453.1	 2304.2
1637	 630.75	 2381.0
1638	 1554.0	 1057.6
1639	 1398.4	 720.0
1640	 521.0	 1414.25
1641	 583.4	 2317.3
1642	 2075.25	 1660.5
1643	 589.6	 2265.8
1644	 600.75	 2286.55
1645	 1398.25	 689.0
1646	 617.25	 2281.25
1647	 2296.25	 2384.25
1648	 640.3	 2374.3
1649	 2310.45	 2379.95
1650	 657.4	 2334.4
1651	 1138.4	 1420.1
1652	 480.0	 1920.2
1653	 2356.0	 2363.5
1654	 885.0	 670.5
1655	 695.1	 2322.1
1656	 1681.25	 1126.9
1657	 694.0	 2333.75
1658	 711.5	 2255.4
1659	 704.25	 2455.0
1660	 473.6	 2293.2
1661	 475.5	 1900.5
1662	 452.4	 2268.4
1663	 734.75	 2481.75
1664	 734.15	 2466.3
1665	 1753.5	 2690.75
1666	 1762.2	 2697.4
1667	 714.95	 2453.7
1668	 718.1	 2397.9
1669	 1345.5	 570.0
1670	 2340.8	 2152.7
1671	 768.5	 2440.25
1672	 748.0	 2422.1
1673	 500.8	 2316.6
1674	 2222.5	 2272.5
1675	 534.75	 2361.75
1676	 787.75	 2476.0
1677	 959.75	 2552.5
1678	 1802.0	 2064.5
1679	 839.95	 2499.8
1680	 830.5	 2498.0
1681	 2095.3	 2190.6
1682	 1828.45	 2117.5
1683	 2122.25	 2198.1
1684	 2339.45	 2199.85
1685	 2126.2	 2185.6
1686	 562.8	 1364.1
1687	 506.0	 2299.0
1688	 510.5	 1872.0
1689	 2120.75	 2121.5
1690	 830.3	 2414.2
1691	 2176.5	 2176.25
1692	 645.05	 2044.45
1693	 850.75	 2395.5
1694	 1383.75	 611.5
1695	 785.75	 2387.25
1696	 1822.25	 2748.0
1697	 1398.75	 2433.0
1698	 2219.85	 2226.75
1699	 526.5	 2288.75
1700	 2067.0	 1886.0
1701	 1181.5	 1323.75
1702	 515.4	 1837.95
1703	 960.85	 627.25
1704	 1830.75	 2724.75
1705	 1607.7	 1499.5
1706	 765.1	 2265.8
1707	 2200.0	 2157.4
1708	 410.0	 1808.75
1709	 407.75	 1776.0
1710	 797.75	 2331.5
1711	 419.2	 1763.6
1712	 833.0	 2372.0
1713	 2295.6	 2283.3
1714	 560.0	 2254.25
1715	 823.35	 2329.0
1716	 2371.0	 2163.0
1717	 645.25	 1446.0
1718	 2253.5	 2242.6
1719	 1389.9	 475.15
1720	 2234.0	 2205.0
1721	 806.6	 2270.4
1722	 815.25	 2271.25
1723	 811.4	 2264.8
1724	 1815.8	 2617.8
1725	 934.6	 3087.6
1726	 2296.5	 2036.0
1727	 2315.4	 2291.4
1728	 2333.0	 2107.3
1729	 643.0	 2182.75
1730	 1033.25	 810.25
1731	 448.4	 1757.8
1732	 577.05	 2156.7
1733	 1036.5	 809.25
1734	 1050.8	 857.7
1735	 1464.0	 1405.0
1736	 1067.9	 875.85
1737	 647.6	 2147.0
1738	 2329.25	 2262.5
1739	 1841.1	 2618.5
1740	 655.3	 2183.4
1741	 328.6	 2122.2
1742	 1024.75	 753.5
1743	 695.6	 2189.4
1744	 718.1	 1081.2
1745	 685.5	 2147.25
1746	 2296.8	 2142.7
1747	 710.0	 2099.7
1748	 582.25	 2047.25
1749	 1384.3	 2425.6
1750	 506.8	 1768.4
1751	 479.95	 2860.9
1752	 2356.5	 2181.5
1753	 616.25	 2061.5
1754	 357.2	 2196.6
1755	 1478.75	 779.5
1756	 630.75	 2031.5
1757	 1393.75	 1766.0
1758	 608.75	 1596.5
1759	 2316.2	 2133.4
1760	 634.2	 2025.6
1761	 633.15	 2000.75
1762	 600.25	 1978.25
1763	 2348.9	 2133.0
1764	 2359.6	 2126.6
1765	 1891.35	 2962.35
1766	 646.35	 2082.5
1767	 653.9	 2069.1
1768	 640.9	 2038.0
1769	 925.0	 3039.5
1770	 1857.5	 2879.5
1771	 685.0	 2090.0
1772	 1313.75	 2004.5
1773	 693.0	 2041.8
1774	 490.25	 1732.25
1775	 1068.2	 759.2
1776	 1376.25	 2062.0
1777	 654.0	 1996.5
1778	 403.75	 2190.25
1779	 674.5	 1991.75
1780	 1318.0	 1932.0
1781	 699.0	 2030.8
1782	 534.25	 1756.75
1783	 1029.3	 3299.85
1784	 694.0	 1994.6
1785	 703.25	 1976.25
1786	 1381.0	 1968.5
1787	 737.8	 2218.2
1788	 728.8	 2202.3
1789	 740.8	 2188.65
1790	 731.2	 2180.4
1791	 741.0	 2234.0
1792	 747.5	 2232.75
1793	 1405.1	 2004.95
1794	 1482.4	 709.5
1795	 753.3	 2176.6
1796	 732.0	 2128.25
1797	 1412.0	 2088.0
1798	 1407.25	 1946.0
1799	 1379.75	 2087.0
1800	 752.7	 2123.7
1801	 1442.2	 1963.6
1802	 1639.2	 959.7
1803	 785.1	 2170.4
1804	 497.0	 1312.5
1805	 1334.6	 1835.6
1806	 740.25	 2901.75
1807	 821.75	 2213.25
1808	 400.0	 2125.75
1809	 835.9	 2183.4
1810	 793.6	 2128.05
1811	 807.75	 2154.55
1812	 1940.75	 2977.75
1813	 1412.8	 1814.6
1814	 1645.75	 1678.5
1815	 1331.25	 1742.75
1816	 371.25	 1634.0
1817	 848.95	 2109.3
1818	 1379.7	 1684.0
1819	 1904.9	 3019.0
1820	 853.0	 2214.6
1821	 1065.55	 2750.1
1822	 719.8	 2097.8
1823	 1110.5	 745.5
1824	 316.2	 1595.4
1825	 1520.2	 764.0
1826	 699.1	 2001.8
1827	 1423.5	 1870.6
1828	 1417.75	 1891.25
1829	 724.0	 2005.5
1830	 1647.0	 1175.25
1831	 1414.5	 1804.6
1832	 1323.75	 1898.5
1833	 725.75	 2013.5
1834	 1434.0	 1865.3
1835	 1920.75	 2841.75
1836	 768.1	 2007.7
1837	 391.6	 1633.8
1838	 784.2	 2062.1
1839	 1497.0	 651.5
1840	 1506.25	 692.0
1841	 801.5	 2074.5
1842	 808.7	 2063.1
1843	 1433.15	 1752.65
1844	 358.0	 2087.0
1845	 357.5	 2078.5
1846	 353.0	 1597.0
1847	 381.75	 2078.25
1848	 1943.0	 2846.25
1849	 1336.0	 1715.0
1850	 365.65	 2075.2
1851	 1530.2	 660.4
1852	 1088.8	 2705.6
1853	 1489.5	 2056.5
1854	 1523.75	 640.75
1855	 1998.9	 1731.2
1856	 820.0	 2028.5
1857	 1676.0	 1727.4
1858	 1434.5	 617.75
1859	 901.0	 3510.0
1860	 1440.2	 596.1
1861	 915.7	 3564.2
1862	 1436.3	 571.6
1863	 1469.5	 1980.3
1864	 1976.25	 2785.75
1865	 881.5	 3481.5
1866	 1784.75	 2965.75
1867	 1070.7	 650.15
1868	 1481.0	 1928.0
1869	 887.75	 3479.75
1870	 901.1	 3498.3
1871	 910.7	 3490.8
1872	 1902.4	 2786.2
1873	 909.5	 3458.75
1874	 1895.5	 2764.0
1875	 936.0	 3567.0
1876	 1516.4	 1944.4
1877	 422.75	 1185.5
1878	 1542.15	 1959.25
1879	 384.75	 2008.5
1880	 1477.25	 1866.95
1881	 1919.75	 2741.75
1882	 918.0	 3467.0
1883	 929.9	 3470.9
1884	 947.65	 3488.15
1885	 940.75	 3486.75
1886	 1453.3	 1785.4
1887	 875.1	 3401.3
1888	 1467.5	 1740.5
1889	 854.5	 3329.25
1890	 1478.5	 1735.5
1891	 875.6	 3326.8
1892	 1263.55	 1526.5
1893	 1494.9	 1688.7
1894	 607.7	 1330.25
1895	 405.0	 2014.0
1896	 864.2	 3292.0
1897	 343.25	 1495.0
1898	 2336.75	 2424.25
1899	 427.0	 1980.0
1900	 1536.1	 1889.7
1901	 1542.0	 1801.75
1902	 1525.25	 1769.0
1903	 882.0	 3271.6
1904	 888.25	 3278.0
1905	 349.8	 1450.2
1906	 890.1	 3250.8
1907	 887.75	 3261.0
1908	 1541.6	 1751.6
1909	 1541.5	 1716.0
1910	 933.1	 3359.2
1911	 578.25	 1280.75
1912	 1340.25	 1639.25
1913	 936.2	 3365.95
1914	 954.5	 3367.4
1915	 1352.0	 1569.5
1916	 920.0	 3269.0
1917	 915.3	 3239.4
1918	 1098.8	 612.35
1919	 1281.4	 746.0
1920	 449.0	 2196.2
1921	 936.0	 3220.2
1922	 1363.2	 1502.6
1923	 966.0	 3663.0
1924	 955.0	 3546.5
1925	 1422.3	 2387.9
1926	 1491.2	 503.4
1927	 1085.0	 533.2
1928	 983.6	 3622.4
1929	 1356.75	 1515.5
1930	 1711.3	 1236.95
1931	 1425.2	 1639.2
1932	 1410.6	 1570.9
1933	 1423.8	 1668.6
1934	 966.0	 3471.0
1935	 1902.0	 2717.0
1936	 1919.25	 2689.5
1937	 1423.2	 1570.4
1938	 1418.7	 1508.4
1939	 986.95	 3480.1
1940	 989.8	 3444.8
1941	 1149.0	 1208.4
1942	 1041.75	 3686.0
1943	 1109.5	 2652.25
1944	 1044.25	 3659.25
1945	 1370.4	 1435.6
1946	 1001.2	 3561.4
1947	 996.4	 3469.1
1948	 1068.0	 3711.8
1949	 1369.5	 1407.75
1950	 1077.25	 3559.0
1951	 1089.75	 3520.0
1952	 468.5	 2170.8
1953	 1369.5	 1456.3
1954	 1985.9	 2783.25
1955	 1128.0	 1146.5
1956	 1341.0	 1353.4
1957	 999.25	 3391.95
1958	 1022.25	 3433.75
1959	 1101.75	 3435.75
1960	 1937.5	 2636.25
1961	 1439.95	 1988.5
1962	 1531.5	 1474.2
1963	 985.45	 3374.05
1964	 1422.75	 1463.0
1965	 964.7	 3378.8
1966	 992.1	 3353.4
1967	 2245.8	 2236.4
1968	 964.25	 3262.75
1969	 1833.9	 2934.95
1970	 984.5	 3285.8
1971	 1084.6	 1410.2
1972	 966.25	 3221.25
1973	 974.25	 3231.5
1974	 1417.6	 1343.5
1975	 1000.2	 3276.4
1976	 993.25	 3280.25
1977	 1965.0	 3252.0
1978	 1980.65	 3213.1
1979	 2081.75	 2337.0
1980	 1024.8	 3348.5
1981	 1006.2	 3343.2
1982	 1047.1	 3357.2
1983	 1040.3	 3322.2
1984	 1154.6	 1066.0
1985	 1051.2	 3323.6
1986	 1305.9	 1492.7
1987	 1483.75	 1608.75
1988	 1735.9	 2585.5
1989	 1958.5	 3137.5
1990	 1012.8	 3212.8
1991	 774.75	 1607.25
1992	 1019.0	 3248.75
1993	 433.4	 2084.1
1994	 1044.2	 3263.8
1995	 1191.5	 1215.2
1996	 1058.1	 3264.7
1997	 437.0	 2038.8
1998	 1430.0	 1224.15
1999	 1054.4	 3318.7
2000	 1211.25	 1190.25
2001	 1808.1	 2842.1
2002	 878.0	 3163.1
2003	 1724.25	 1107.5
2004	 479.25	 2057.25
2005	 1375.95	 1884.0
2006	 1547.7	 1582.0
2007	 1586.8	 1114.0
2008	 429.7	 2018.5
2009	 1537.4	 1539.0
2010	 852.5	 2994.5
2011	 1339.3	 1780.3
2012	 877.45	 3003.45
2013	 891.0	 3055.9
2014	 1997.6	 3174.4
2015	 1840.1	 1047.1
2016	 1453.0	 1393.75
2017	 933.7	 3196.1
2018	 911.2	 3146.0
2019	 1504.4	 1433.0
2020	 1599.1	 1181.25
2021	 531.0	 1589.6
2022	 953.5	 3151.0
2023	 1469.7	 1305.25
2024	 1467.1	 1322.1
2025	 1628.0	 1231.0
2026	 908.0	 3009.5
2027	 802.0	 2144.1
2028	 938.4	 3038.8
2029	 944.5	 3025.0
2030	 954.4	 3022.5
2031	 1611.75	 3414.5
2032	 1633.2	 1161.2
2033	 1321.4	 3150.6
2034	 2022.0	 3198.75
2035	 866.5	 2997.6
2036	 875.95	 2944.7
2037	 397.75	 1519.5
2038	 872.3	 2894.8
2039	 903.15	 2891.65
2040	 1530.5	 1280.5
2041	 853.3	 2844.9
2042	 1608.5	 1093.75
2043	 1130.75	 1007.5
2044	 1541.5	 1298.5
2045	 1123.25	 942.75
2046	 562.25	 2067.5
2047	 1635.8	 1141.8
2048	 920.5	 2938.3
2049	 1656.4	 1006.9
2050	 783.25	 1384.5
2051	 1811.25	 2739.0
2052	 410.0	 1497.25
2053	 1556.5	 1948.2
2054	 1567.3	 1950.6
2055	 412.25	 1485.25
2056	 414.25	 1451.5
2057	 1846.1	 977.8
2058	 1593.8	 1992.8
2059	 1968.6	 1239.1
2060	 960.2	 3113.2
2061	 974.6	 3093.4
2062	 1159.75	 941.25
2063	 974.5	 3077.25
2064	 1681.9	 1070.0
2065	 984.2	 3034.4
2066	 1624.5	 2079.5
2067	 490.0	 1562.8
2068	 1543.4	 995.4
2069	 1012.6	 3099.0
2070	 691.75	 1841.25
2071	 1042.1	 3157.5
2072	 1048.7	 3159.5
2073	 1790.0	 2605.5
2074	 1043.6	 3108.2
2075	 586.3	 2511.3
2076	 1037.9	 3114.8
2077	 2003.75	 3067.75
2078	 609.6	 2510.7
2079	 1591.6	 1834.4
2080	 673.4	 2635.9
2081	 1969.75	 2960.75
2082	 1142.25	 887.25
2083	 1953.1	 2917.3
2084	 1570.4	 1708.4
2085	 1038.75	 3054.0
2086	 1056.0	 3062.5
2087	 1596.0	 1773.75
2088	 752.75	 2095.5
2089	 1791.25	 2415.0
2090	 1588.5	 1704.5
2091	 1595.35	 1703.3
2092	 1603.8	 1864.0
2093	 975.0	 2915.0
2094	 1615.0	 1796.1
2095	 482.8	 1484.6
2096	 2117.2	 2930.8
2097	 1001.6	 2934.1
2098	 1184.75	 948.5
2099	 1981.9	 2895.3
2100	 1719.0	 2624.0
2101	 1339.75	 1682.25
2102	 999.8	 2975.3
2103	 1044.8	 2953.4
2104	 1574.75	 927.75
2105	 1672.15	 2065.7
2106	 1550.4	 1373.2
2107	 1670.0	 2025.75
2108	 533.75	 1190.75
2109	 1047.75	 2904.5
2110	 1666.0	 1961.0
2111	 1666.75	 1955.25
2112	 664.75	 2500.0
2113	 1020.75	 2816.75
2114	 644.0	 2477.4
2115	 1025.5	 2805.75
2116	 1027.2	 2890.8
2117	 1593.6	 1029.4
2118	 1034.6	 2802.3
2119	 1184.25	 890.5
2120	 1720.3	 2057.35
2121	 2042.4	 2991.0
2122	 1736.45	 2058.5
2123	 595.6	 1952.6
2124	 1703.75	 1913.5
2125	 1703.4	 1932.1
2126	 1712.25	 1897.0
2127	 2007.3	 2940.1
2128	 1060.75	 3626.5
2129	 1209.05	 884.8
2130	 637.25	 1966.75
2131	 635.7	 2412.2
2132	 1074.0	 3600.75
2133	 1994.4	 2784.4
2134	 1673.7	 3098.6
2135	 1700.75	 1855.0
2136	 1701.4	 1829.8
2137	 1239.6	 1227.4
2138	 1085.75	 3533.75
2139	 1191.1	 3688.8
2140	 1188.0	 3700.4
2141	 1656.2	 1741.0
2142	 1485.3	 1576.3
2143	 601.25	 2873.25
2144	 1213.2	 3678.6
2145	 1194.4	 3629.6
2146	 1688.9	 1703.7
2147	 1703.5	 1851.0
2148	 1203.5	 3614.0
2149	 1707.0	 1817.0
2150	 1308.3	 1365.2
2151	 1730.2	 1779.4
2152	 1220.5	 3632.0
2153	 1726.1	 1882.8
2154	 1155.6	 3552.5
2155	 1100.75	 3483.75
2156	 1168.4	 3522.8
2157	 1101.75	 3458.5
2158	 2047.4	 2859.2
2159	 1189.25	 3459.75
2160	 1751.8	 1703.4
2161	 2056.5	 3172.25
2162	 1741.5	 1721.5
2163	 1123.0	 3368.75
2164	 1646.4	 2064.3
2165	 1127.25	 3352.25
2166	 585.4	 2335.0
2167	 2084.25	 3141.0
2168	 1118.25	 3391.25
2169	 1649.65	 1172.5
2170	 668.9	 1387.4
2171	 1118.75	 2329.75
2172	 619.6	 2373.2
2173	 1141.75	 3290.5
2174	 1672.5	 1258.5
2175	 1687.8	 1247.4
2176	 921.5	 2980.25
2177	 615.6	 2341.6
2178	 1445.5	 1745.0
2179	 1230.0	 3516.9
2180	 1221.7	 3548.3
2181	 1210.95	 3323.9
2182	 1216.2	 3393.9
2183	 1218.75	 3346.25
2184	 1700.8	 914.6
2185	 1214.75	 3319.5
2186	 818.0	 2039.25
2187	 1600.75	 1520.0
2188	 1122.8	 2363.0
2189	 1246.5	 3624.75
2190	 1252.8	 3628.35
2191	 630.6	 2899.6
2192	 1259.0	 3693.0
2193	 1719.0	 917.5
2194	 618.5	 2298.0
2195	 385.0	 2077.0
2196	 1671.1	 1117.1
2197	 1561.8	 1448.2
2198	 2110.4	 1845.8
2199	 1231.0	 3569.25
2200	 1265.8	 1178.8
2201	 607.0	 2246.75
2202	 1565.15	 1411.3
2203	 1458.95	 2082.45
2204	 1692.25	 1090.25
2205	 1593.0	 1437.8
2206	 677.8	 1923.3
2207	 649.5	 2387.7
2208	 1292.5	 1156.0
2209	 1589.6	 1386.5
2210	 1293.0	 3634.0
2211	 1860.4	 2839.0
2212	 1272.3	 3568.4
2213	 1575.5	 1273.8
2214	 1589.75	 1321.5
2215	 1276.25	 3521.0
2216	 1612.5	 1420.3
2217	 1751.45	 883.4
2218	 1639.9	 1467.4
2219	 1785.4	 2054.2
2220	 2095.25	 1097.0
2221	 1632.9	 1421.9
2222	 1289.25	 1085.5
2223	 1642.0	 1393.75
2224	 1238.25	 3415.0
2225	 1250.0	 3464.35
2226	 1729.5	 1199.75
2227	 1263.5	 3461.75
2228	 1268.2	 3415.4
2229	 1600.9	 1325.4
2230	 1264.0	 3390.75
2231	 767.25	 2791.5
2232	 1647.7	 1378.0
2233	 1239.7	 3344.55
2234	 1265.4	 3331.0
2235	 1257.4	 3315.8
2236	 524.75	 2063.15
2237	 1255.75	 3305.5
2238	 1274.4	 3460.75
2239	 1667.75	 1589.0
2240	 1707.4	 1148.4
2241	 1288.0	 3460.15
2242	 1275.2	 3411.4
2243	 1275.5	 3374.0
2244	 1729.0	 3465.0
2245	 1303.4	 3468.8
2246	 1316.7	 3465.15
2247	 669.0	 2260.75
2248	 1303.0	 3411.5
2249	 1315.25	 3409.5
2250	 1310.5	 3369.5
2251	 1681.8	 1504.85
2252	 1657.6	 3547.8
2253	 2151.2	 2995.3
2254	 1289.0	 3271.9
2255	 2067.2	 2947.0
2256	 1066.5	 3224.1
2257	 1243.3	 1001.3
2258	 2096.75	 2952.75
2259	 1082.25	 3242.25
2260	 1746.8	 1648.2
2261	 583.4	 1835.8
2262	 571.25	 1805.0
2263	 1083.5	 3158.25
2264	 1742.75	 1577.25
2265	 1729.5	 1573.3
2266	 1711.3	 1523.3
2267	 1720.8	 1485.4
2268	 1650.0	 3388.0
2269	 1080.25	 3062.3
2270	 911.0	 3566.0
2271	 1089.25	 2999.75
2272	 1860.1	 827.1
2273	 1104.6	 3191.4
2274	 1742.15	 1497.9
2275	 1091.7	 3154.55
2276	 2116.0	 2951.4
2277	 1644.9	 1413.8
2278	 1801.2	 2780.8
2279	 1098.2	 3119.0
2280	 1152.0	 3260.0
2281	 556.5	 2262.3
2282	 1153.25	 3237.75
2283	 1161.0	 3190.0
2284	 1102.6	 3110.3
2285	 1169.5	 3134.5
2286	 1164.75	 3165.75
2287	 1167.75	 3149.5
2288	 1169.75	 3126.75
2289	 1099.35	 3094.4
2290	 751.75	 2490.1
2291	 1100.5	 3034.25
2292	 779.4	 2491.9
2293	 1122.45	 3055.4
2294	 1113.0	 3016.6
2295	 1701.75	 1460.25
2296	 1868.5	 780.75
2297	 2086.25	 2881.0
2298	 1245.2	 1242.7
2299	 1170.75	 2307.0
2300	 1721.0	 1385.25
2301	 584.25	 1757.25
2302	 1132.5	 3020.0
2303	 1975.2	 2058.4
2304	 2110.5	 2907.25
2305	 1184.5	 3019.0
2306	 2095.25	 2857.25
2307	 867.0	 693.5
2308	 1087.25	 2946.75
2309	 1072.8	 2910.15
2310	 1087.5	 2910.2
2311	 1855.5	 749.3
2312	 1711.7	 1259.6
2313	 636.75	 1766.5
2314	 1947.0	 1071.5
2315	 1748.9	 1358.7
2316	 421.15	 2652.95
2317	 1070.75	 2865.25
2318	 617.25	 1711.0
2319	 605.0	 1710.25
2320	 1328.6	 1259.0
2321	 1586.55	 787.15
2322	 1339.5	 1222.5
2323	 1333.25	 1257.0
2324	 1113.0	 2966.0
2325	 1321.9	 1086.4
2326	 2163.75	 2874.0
2327	 1325.15	 1059.1
2328	 1138.4	 2949.2
2329	 1199.75	 2946.75
2330	 1331.75	 1142.5
2331	 1131.25	 2897.75
2332	 1204.5	 2895.5
2333	 1253.0	 2939.5
2334	 1382.25	 1259.0
2335	 991.8	 3047.2
2336	 1113.9	 2841.1
2337	 1121.75	 2835.35
2338	 1297.75	 1014.25
2339	 698.5	 1807.0
2340	 717.8	 1813.6
2341	 1142.5	 2896.0
2342	 1208.75	 2842.25
2343	 1401.0	 1135.5
2344	 1403.25	 1123.75
2345	 1405.25	 1098.0
2346	 840.0	 2481.2
2347	 1411.0	 1065.0
2348	 1245.1	 3196.9
2349	 1304.0	 959.25
2350	 826.8	 2449.8
2351	 2099.0	 2568.8
2352	 1714.0	 1062.5
2353	 1667.8	 3314.65
2354	 1190.9	 3047.8
2355	 1320.0	 981.5
2356	 1974.0	 2795.25
2357	 1594.2	 815.1
2358	 1361.7	 975.9
2359	 1254.75	 3075.5
2360	 1278.5	 3198.0
2361	 1340.2	 895.9
2362	 1539.5	 2049.7
2363	 1294.8	 872.6
2364	 1281.05	 851.0
2365	 2017.2	 1043.7
2366	 1279.0	 3155.5
2367	 1622.75	 878.5
2368	 1283.2	 3089.7
2369	 832.4	 2422.4
2370	 1382.0	 2562.4
2371	 1308.5	 3138.5
2372	 1300.9	 3113.7
2373	 1313.75	 3070.75
2374	 1945.25	 2817.75
2375	 1240.2	 3037.6
2376	 1303.5	 617.5
2377	 1235.0	 3041.0
2378	 1443.65	 962.65
2379	 1202.0	 2922.75
2380	 1418.25	 956.25
2381	 1419.25	 1881.0
2382	 1421.5	 907.9
2383	 1410.75	 1017.25
2384	 1385.25	 877.0
2385	 1248.0	 2932.75
2386	 740.75	 1951.75
2387	 1984.5	 2772.75
2388	 1780.8	 1971.2
2389	 1209.75	 2856.75
2390	 726.75	 2351.75
2391	 1217.6	 2815.4
2392	 1208.0	 2877.5
2393	 1271.25	 2891.95
2394	 1453.6	 1192.4
2395	 1458.8	 1170.8
2396	 1745.5	 957.0
2397	 585.25	 1509.75
2398	 1469.0	 1163.2
2399	 1282.6	 2968.3
2400	 1745.8	 1341.3
2401	 752.4	 2371.8
2402	 1288.5	 2932.75
2403	 1125.0	 695.0
2404	 2017.5	 2758.75
2405	 1499.6	 1230.9
2406	 1314.75	 2937.25
2407	 1513.0	 1164.4
2408	 749.5	 1909.5
2409	 533.0	 1198.0
2410	 775.5	 1901.5
2411	 1575.0	 868.5
2412	 1506.75	 1121.25
2413	 758.6	 2334.45
2414	 1303.2	 2816.9
2415	 1172.25	 3110.25
2416	 1222.2	 2794.3
2417	 1514.6	 1102.9
2418	 1524.7	 1141.8
2419	 1551.9	 1888.8
2420	 864.15	 2744.85
2421	 1734.4	 3346.8
2422	 748.5	 1872.75
2423	 986.6	 1083.9
2424	 1426.0	 892.5
2425	 1428.0	 860.75
2426	 1466.4	 856.4
2427	 1491.2	 938.9
2428	 1493.0	 873.0
2429	 925.75	 2787.0
2430	 1472.4	 849.8
2431	 920.5	 2726.1
2432	 788.6	 1844.6
2433	 1411.25	 1031.25
2434	 1972.25	 1406.0
2435	 935.8	 2713.7
2436	 1200.0	 787.5
2437	 905.75	 2671.75
2438	 918.5	 2622.5
2439	 1515.6	 963.2
2440	 1527.7	 1002.6
2441	 2121.25	 2802.75
2442	 2086.75	 2753.75
2443	 875.75	 2481.75
2444	 872.1	 2507.75
2445	 2005.15	 1437.15
2446	 1511.5	 879.0
2447	 897.6	 2518.4
2448	 1530.75	 875.0
2449	 882.0	 2421.0
2450	 828.0	 1956.0
2451	 1319.8	 796.6
2452	 872.2	 2399.9
2453	 1846.5	 1940.4
2454	 1337.6	 842.0
2455	 1345.2	 807.65
2456	 1556.4	 638.6
2457	 1988.75	 2706.0
2458	 1084.5	 3293.5
2459	 1565.8	 669.4
2460	 1328.75	 706.5
2461	 930.2	 2523.5
2462	 932.6	 2479.8
2463	 943.8	 2494.6
2464	 906.75	 2461.25
2465	 927.25	 2455.2
2466	 926.4	 2410.2
2467	 2047.75	 1506.75
2468	 931.5	 2427.5
2469	 1188.0	 681.5
2470	 1342.4	 709.85
2471	 806.6	 2323.8
2472	 936.0	 2420.0
2473	 1371.4	 769.8
2474	 958.2	 2736.2
2475	 955.2	 2684.6
2476	 978.0	 2759.6
2477	 1644.8	 3472.4
2478	 993.0	 2779.25
2479	 1185.5	 2506.0
2480	 957.5	 2664.5
2481	 958.5	 2651.25
2482	 964.5	 2639.25
2483	 961.05	 2606.9
2484	 1415.65	 701.95
2485	 1454.6	 1676.4
2486	 1358.8	 2209.4
2487	 1322.0	 594.25
2488	 983.0	 2573.0
2489	 1344.5	 628.5
2490	 1345.6	 605.2
2491	 822.5	 1853.5
2492	 1004.6	 2701.1
2493	 1827.0	 1560.25
2494	 1539.8	 557.7
2495	 1606.8	 734.05
2496	 2004.25	 2614.75
2497	 721.0	 1803.2
2498	 1342.0	 481.25
2499	 753.0	 1783.0
2500	 1035.2	 2730.4
2501	 726.5	 1768.5
2502	 1442.75	 705.5
2503	 1855.0	 936.55
2504	 930.3	 738.7
2505	 1619.8	 708.7
2506	 799.95	 2283.05
2507	 1034.4	 2650.0
2508	 1043.2	 2651.8
2509	 1363.25	 554.75
2510	 1030.5	 2585.5
2511	 1508.8	 1828.0
2512	 780.95	 1804.2
2513	 2056.0	 1427.25
2514	 1113.5	 2420.5
2515	 949.8	 2402.6
2516	 1390.0	 492.5
2517	 1411.0	 527.0
2518	 1418.0	 523.5
2519	 1930.5	 2680.0
2520	 988.7	 2428.0
2521	 965.75	 2472.25
2522	 1321.1	 657.8
2523	 1413.0	 2037.5
2524	 1566.25	 683.5
2525	 1440.7	 806.4
2526	 1434.0	 771.3
2527	 1441.25	 737.0
2528	 1473.5	 804.0
2529	 1004.65	 2436.4
2530	 1000.2	 2392.9
2531	 1025.1	 2426.6
2532	 1021.2	 2461.4
2533	 1450.5	 682.4
2534	 2055.5	 2659.75
2535	 1019.3	 2380.3
2536	 1445.7	 665.0
2537	 1510.6	 1791.3
2538	 1541.5	 592.5
2539	 2100.5	 1444.0
2540	 869.4	 2346.7
2541	 871.7	 3277.1
2542	 1500.65	 804.75
2543	 909.0	 2351.5
2544	 2058.75	 2634.75
2545	 878.0	 2341.75
2546	 808.0	 1770.5
2547	 857.0	 2197.0
2548	 853.0	 2191.0
2549	 1501.1	 680.5
2550	 894.5	 2216.25
2551	 2093.75	 2626.0
2552	 1522.45	 720.6
2553	 1203.0	 661.25
2554	 900.75	 2304.5
2555	 932.5	 2369.0
2556	 853.8	 1816.6
2557	 1450.0	 623.6
2558	 610.65	 2118.85
2559	 938.5	 2306.25
2560	 1458.75	 579.25
2561	 1463.6	 568.7
2562	 908.9	 2211.6
2563	 763.2	 2456.2
2564	 949.8	 2270.4
2565	 829.8	 1724.2
2566	 1460.0	 523.0
2567	 809.0	 1719.2
2568	 1451.6	 542.4
2569	 1643.25	 655.5
2570	 1191.8	 537.0
2571	 1181.4	 517.2
2572	 858.25	 2063.75
2573	 1465.0	 491.1
2574	 842.5	 1763.0
2575	 619.75	 2099.25
2576	 885.25	 2163.75
2577	 870.8	 1740.2
2578	 1201.0	 534.75
2579	 1633.7	 653.7
2580	 1607.5	 657.0
2581	 1606.2	 614.4
2582	 1214.0	 535.0
2583	 1495.05	 509.85
2584	 1501.0	 527.4
2585	 879.9	 2068.9
2586	 892.35	 1999.65
2587	 2137.2	 2777.0
2588	 1362.0	 3022.0
2589	 917.1	 2090.5
2590	 922.9	 2132.5
2591	 1589.15	 579.1
2592	 1565.5	 1216.0
2593	 1552.0	 1215.1
2594	 2158.25	 2732.75
2595	 682.25	 2229.75
2596	 1540.2	 1106.0
2597	 969.6	 957.5
2598	 901.25	 1994.0
2599	 1568.3	 1147.9
2600	 1576.0	 1150.5
2601	 956.0	 2040.5
2602	 1564.0	 1090.5
2603	 1582.15	 1103.4
2604	 962.5	 2336.75
2605	 1611.1	 1218.4
2606	 1646.1	 2627.4
2607	 1615.9	 1316.3
2608	 998.2	 2316.0
2609	 985.25	 2296.25
2610	 2017.75	 1299.75
2611	 1321.25	 2899.5
2612	 2300.15	 1879.3
2613	 1598.75	 1157.5
2614	 608.9	 915.5
2615	 974.5	 2231.5
2616	 1658.25	 874.5
2617	 1599.25	 1144.75
2618	 1004.3	 2235.1
2619	 313.6	 2115.2
2620	 1634.0	 1095.8
2621	 1613.0	 1261.9
2622	 648.0	 2141.2
2623	 1547.4	 1081.4
2624	 1012.5	 2318.5
2625	 1539.3	 1002.0
2626	 1567.0	 1011.0
2627	 1007.75	 2244.75
2628	 1015.8	 2251.9
2629	 1029.7	 2249.1
2630	 2046.1	 1380.3
2631	 1544.1	 907.7
2632	 697.8	 2145.6
2633	 1452.25	 648.0
2634	 1637.25	 3074.75
2635	 1581.8	 975.1
2636	 1399.65	 1627.45
2637	 1572.2	 931.35
2638	 1708.1	 1061.6
2639	 1599.0	 1087.2
2640	 558.75	 1585.0
2641	 1675.0	 849.5
2642	 2000.6	 3230.8
2643	 1042.3	 2154.3
2644	 586.4	 1603.7
2645	 583.25	 2100.5
2646	 1640.5	 1029.0
2647	 1219.7	 2398.6
2648	 1726.75	 1495.85
2649	 1041.35	 1957.55
2650	 1231.5	 2418.0
2651	 1064.1	 2761.3
2652	 1584.3	 896.2
2653	 651.25	 1678.5
2654	 1711.75	 1049.5
2655	 1079.0	 2738.25
2656	 1646.9	 1194.2
2657	 587.5	 2031.75
2658	 2134.4	 2711.0
2659	 605.25	 2067.25
2660	 1052.25	 2595.0
2661	 1353.5	 1546.0
2662	 1696.4	 1184.0
2663	 1299.0	 817.75
2664	 1640.2	 1134.1
2665	 1310.3	 753.3
2666	 677.25	 1693.0
2667	 1109.8	 2719.0
2668	 1101.75	 2764.75
2669	 1124.9	 2773.6
2670	 1698.75	 1083.75
2671	 620.0	 2037.75
2672	 1784.5	 1270.4
2673	 2074.0	 2719.25
2674	 1133.6	 2687.3
2675	 1721.5	 2956.85
2676	 573.5	 2017.5
2677	 1300.6	 3257.6
2678	 1271.5	 694.0
2679	 1115.75	 2621.5
2680	 585.2	 1992.2
2681	 1138.75	 2630.5
2682	 1719.2	 1164.4
2683	 621.75	 2026.75
2684	 1134.6	 2563.5
2685	 2150.9	 2642.9
2686	 1314.5	 722.5
2687	 1296.25	 671.0
2688	 1732.3	 1149.2
2689	 1728.5	 1111.9
2690	 1739.9	 1082.9
2691	 1058.0	 2362.25
2692	 664.8	 1596.6
2693	 1059.1	 2390.3
2694	 1064.9	 2360.1
2695	 1069.0	 2405.8
2696	 1673.8	 997.4
2697	 1094.75	 2418.25
2698	 1225.8	 627.05
2699	 1686.3	 1050.2
2700	 1091.5	 2365.75
2701	 1101.2	 2543.3
2702	 2255.75	 2092.0
2703	 1113.4	 2509.0
2704	 1106.6	 2485.2
2705	 1114.6	 2461.8
2706	 1113.0	 2452.2
2707	 1365.25	 959.5
2708	 1135.0	 2509.9
2709	 1267.6	 1254.6
2710	 1127.25	 2561.75
2711	 1687.55	 954.2
2712	 1707.2	 1053.4
2713	 1140.1	 2465.1
2714	 2206.3	 2633.2
2715	 2214.0	 2679.75
2716	 1719.25	 1009.0
2717	 1118.5	 2418.0
2718	 1657.8	 760.4
2719	 690.6	 2062.2
2720	 2150.75	 1512.0
2721	 1862.25	 2505.75
2722	 1712.4	 729.2
2723	 1154.75	 2750.75
2724	 1176.35	 2730.45
2725	 1225.5	 2739.75
2726	 1216.25	 2777.25
2727	 1179.8	 2690.4
2728	 1232.25	 2702.75
2729	 1550.9	 886.1
2730	 1535.6	 879.85
2731	 1427.0	 1752.0
2732	 1548.8	 757.6
2733	 1216.9	 477.7
2734	 1245.25	 522.25
2735	 1184.35	 2638.6
2736	 1410.5	 1074.75
2737	 605.9	 2746.85
2738	 603.8	 1526.6
2739	 1221.5	 2761.0
2740	 1230.75	 2721.5
2741	 1287.65	 624.1
2742	 1234.25	 2688.75
2743	 655.4	 2006.2
2744	 1661.0	 744.0
2745	 1282.9	 2700.4
2746	 1266.0	 563.0
2747	 1302.0	 2764.2
2748	 1441.0	 1439.5
2749	 1312.25	 2698.75
2750	 1305.0	 603.8
2751	 1244.5	 2633.25
2752	 1625.1	 873.9
2753	 567.0	 1499.2
2754	 1634.1	 871.0
2755	 1251.5	 2589.5
2756	 1317.75	 586.0
2757	 1247.75	 2604.75
2758	 648.75	 1495.75
2759	 963.6	 3407.0
2760	 1638.2	 771.8
2761	 1256.25	 2559.0
2762	 2029.25	 1140.4
2763	 1634.5	 709.5
2764	 1327.0	 3524.0
2765	 1168.4	 2478.5
2766	 1161.0	 2495.0
2767	 1273.1	 778.1
2768	 1170.9	 2505.95
2769	 2327.5	 1860.0
2770	 1752.5	 2582.0
2771	 1150.5	 2437.8
2772	 1744.6	 2569.2
2773	 1653.4	 590.6
2774	 1305.6	 489.8
2775	 1351.75	 2837.75
2776	 1185.35	 2438.35
2777	 1182.5	 2361.25
2778	 1781.25	 2581.0
2779	 1198.7	 2513.9
2780	 1804.0	 2557.0
2781	 2224.0	 1520.7
2782	 1212.4	 2478.95
2783	 1694.8	 711.0
2784	 1263.0	 2537.75
2785	 1613.5	 602.5
2786	 1273.0	 2489.5
2787	 1267.5	 2517.0
2788	 1211.2	 2551.0
2789	 1218.75	 2457.75
2790	 1597.5	 546.5
2791	 663.8	 1552.4
2792	 1791.65	 2540.4
2793	 1272.0	 2451.75
2794	 1608.0	 545.25
2795	 1210.55	 2390.65
2796	 1627.8	 2980.5
2797	 1630.0	 543.0
2798	 649.75	 1528.25
2799	 1793.75	 2517.75
2800	 1273.25	 2403.0
2801	 1273.25	 2431.5
2802	 1284.9	 2375.0
2803	 1666.75	 832.5
2804	 1032.0	 2429.8
2805	 1280.25	 2355.5
2806	 1667.5	 836.75
2807	 2256.3	 2433.7
2808	 985.9	 3412.8
2809	 1061.7	 2329.2
2810	 1444.5	 1475.0
2811	 724.4	 2100.2
2812	 1082.4	 2303.2
2813	 1669.55	 774.15
2814	 1098.0	 2268.8
2815	 698.25	 1523.75
2816	 2010.8	 3004.6
2817	 1065.6	 2212.1
2818	 751.5	 2168.0
2819	 1858.9	 2572.75
2820	 2263.4	 1489.0
2821	 1744.7	 887.3
2822	 1877.0	 2599.0
2823	 718.6	 1370.7
2824	 1700.8	 731.4
2825	 1711.35	 736.45
2826	 1104.0	 2278.5
2827	 2061.0	 3027.0
2828	 678.0	 1458.75
2829	 1338.5	 3542.75
2830	 1139.6	 2288.45
2831	 1148.0	 2288.75
2832	 715.5	 1447.05
2833	 1653.75	 639.45
2834	 815.1	 2208.9
2835	 801.0	 2185.0
2836	 709.1	 1819.1
2837	 1381.0	 3690.0
2838	 1119.05	 2185.1
2839	 1762.75	 2089.75
2840	 1133.5	 2195.0
2841	 1137.1	 2194.3
2842	 1763.6	 2021.2
2843	 820.0	 2216.5
2844	 1613.3	 2888.6
2845	 1071.25	 2114.5
2846	 1792.6	 2077.6
2847	 1105.0	 2130.5
2848	 1758.2	 953.0
2849	 771.25	 1681.75
2850	 1104.4	 2080.2
2851	 1700.3	 639.7
2852	 1761.9	 2491.1
2853	 1369.25	 1387.0
2854	 1076.25	 2023.5
2855	 1010.5	 964.1
2856	 1091.3	 1980.65
2857	 1116.65	 2127.3
2858	 1705.5	 584.0
2859	 1127.0	 2102.8
2860	 2101.8	 2443.4
2861	 1818.4	 2023.4
2862	 1156.0	 2070.75
2863	 1153.5	 2074.75
2864	 1722.4	 599.0
2865	 1094.0	 3504.75
2866	 1128.95	 2056.0
2867	 2042.25	 2890.5
2868	 1794.5	 1981.0
2869	 1111.5	 1985.3
2870	 1811.4	 2067.8
2871	 1788.2	 2029.1
2872	 1785.0	 2453.9
2873	 1644.9	 3144.8
2874	 711.4	 1587.1
2875	 1375.0	 3538.75
2876	 1783.0	 1985.75
2877	 1165.65	 2362.45
2878	 726.3	 1582.4
2879	 1170.25	 2323.5
2880	 746.25	 1605.25
2881	 1180.8	 2300.4
2882	 946.25	 3110.25
2883	 1195.25	 2306.9
2884	 1863.5	 2049.5
2885	 1167.5	 2211.0
2886	 995.0	 3425.6
2887	 2288.6	 1593.8
2888	 1188.85	 2218.0
2889	 1843.75	 1994.5
2890	 1197.8	 2228.7
2891	 1195.25	 2249.0
2892	 1666.8	 642.0
2893	 1873.9	 2002.9
2894	 1882.5	 2000.5
2895	 2083.5	 3134.5
2896	 1883.75	 2077.5
2897	 719.8	 2069.2
2898	 1774.7	 1893.55
2899	 736.25	 2049.75
2900	 1441.9	 1669.2
2901	 1786.0	 2367.3
2902	 1826.4	 1902.4
2903	 1229.45	 2298.35
2904	 741.0	 2084.0
2905	 1240.35	 2305.35
2906	 755.75	 2087.75
2907	 1826.2	 2367.75
2908	 1646.0	 574.25
2909	 774.1	 2059.9
2910	 1027.8	 3424.6
2911	 807.6	 1641.6
2912	 1295.75	 2216.5
2913	 1318.75	 3404.75
2914	 1035.8	 948.7
2915	 1809.5	 1812.5
2916	 1224.0	 2177.2
2917	 1226.0	 2159.4
2918	 1226.1	 2187.0
2919	 844.0	 1693.25
2920	 1297.25	 2195.0
2921	 1243.5	 2218.6
2922	 1886.6	 1942.4
2923	 1300.75	 2164.25
2924	 1865.5	 2504.0
2925	 1340.25	 3393.5
2926	 1171.25	 2150.5
2927	 1061.5	 2137.2
2928	 1317.9	 3378.5
2929	 680.8	 1225.3
2930	 1322.65	 3346.05
2931	 1195.5	 2125.0
2932	 1864.6	 2451.9
2933	 1853.2	 1808.4
2934	 1191.75	 2094.0
2935	 1203.0	 2094.2
2936	 1190.2	 2079.2
2937	 1163.3	 2067.4
2938	 1333.1	 3365.7
2939	 747.4	 1989.4
2940	 1910.0	 2059.7
2941	 1157.5	 1988.75
2942	 1881.2	 1985.8
2943	 1180.15	 2041.55
2944	 1210.25	 2050.0
2945	 1927.25	 2097.0
2946	 1954.0	 2031.6
2947	 1220.75	 2150.5
2948	 1234.55	 2132.15
2949	 1221.5	 2143.5
2950	 1226.3	 2095.5
2951	 1763.0	 1937.75
2952	 909.2	 2130.5
2953	 825.2	 1607.6
2954	 1374.75	 3405.25
2955	 783.25	 2051.0
2956	 1861.0	 2363.4
2957	 1983.2	 2054.6
2958	 1210.5	 1998.85
2959	 1398.8	 908.4
2960	 1876.5	 2415.0
2961	 1240.0	 1980.2
2962	 2192.2	 1363.6
2963	 823.0	 2069.6
2964	 1074.6	 2094.7
2965	 1304.2	 2030.1
2966	 841.25	 1599.0
2967	 1274.5	 2022.0
2968	 867.25	 1600.0
2969	 1302.5	 2132.0
2970	 1307.5	 2074.5
2971	 1811.0	 1910.0
2972	 2081.75	 2974.5
2973	 309.0	 1956.25
2974	 1940.0	 2598.25
2975	 1773.8	 3373.2
2976	 1942.4	 1931.4
2977	 1943.5	 1922.8
2978	 1377.0	 3330.0
2979	 2214.1	 1406.0
2980	 798.8	 1984.0
2981	 1791.5	 1844.0
2982	 787.7	 1576.4
2983	 361.5	 1924.1
2984	 1101.0	 2083.0
2985	 1949.3	 1837.5
2986	 343.95	 1885.6
2987	 353.7	 1877.9
2988	 1391.2	 3344.1
2989	 1962.9	 1876.2
2990	 354.5	 1848.5
2991	 384.6	 1886.6
2992	 803.0	 1548.0
2993	 382.25	 1877.25
2994	 1983.2	 1889.9
2995	 2000.25	 1883.75
2996	 2033.5	 1937.5
2997	 1377.6	 3516.8
2998	 1066.6	 2069.5
2999	 645.4	 2622.9
3000	 890.75	 3520.75
3001	 2006.25	 1837.5
3002	 1435.0	 1320.0
3003	 312.75	 1730.25
3004	 916.2	 3607.8
3005	 917.0	 3557.8
3006	 2119.25	 1774.5
3007	 1090.8	 932.2
3008	 1855.0	 1910.5
3009	 1966.75	 2541.25
3010	 1978.0	 2566.0
3011	 378.6	 1804.9
3012	 407.3	 1813.7
3013	 2192.1	 1342.8
3014	 379.1	 1780.0
3015	 1804.75	 1778.75
3016	 1805.25	 1786.0
3017	 352.2	 1710.9
3018	 1810.6	 1739.2
3019	 1891.0	 1888.5
3020	 807.25	 1477.75
3021	 374.25	 1717.5
3022	 1432.75	 3607.75
3023	 476.25	 1960.5
3024	 439.8	 1958.8
3025	 1747.7	 633.05
3026	 474.4	 1894.8
3027	 1427.5	 3568.1
3028	 415.25	 1841.25
3029	 1864.75	 1738.75
3030	 419.0	 1831.85
3031	 1456.0	 1295.25
3032	 1528.5	 1629.0
3033	 1342.0	 1038.5
3034	 1442.4	 3600.6
3035	 514.4	 1921.0
3036	 512.9	 1937.3
3037	 1851.5	 1801.75
3038	 486.2	 1886.8
3039	 2052.0	 2603.0
3040	 1456.75	 3520.25
3041	 515.7	 1909.3
3042	 1862.0	 1677.0
3043	 1873.4	 1843.4
3044	 1770.25	 1654.0
3045	 1471.5	 3650.75
3046	 865.5	 2161.75
3047	 556.75	 1889.0
3048	 513.2	 1868.4
3049	 491.9	 1964.1
3050	 1794.6	 1585.6
3051	 946.5	 874.0
3052	 377.6	 1440.8
3053	 470.9	 1752.9
3054	 478.2	 1740.8
3055	 1817.3	 1540.0
3056	 441.8	 1725.6
3057	 491.95	 1740.45
3058	 505.5	 1811.1
3059	 1872.0	 1630.0
3060	 1592.4	 1746.3
3061	 555.4	 1792.4
3062	 539.0	 1793.0
3063	 549.75	 1787.5
3064	 557.75	 1804.7
3065	 546.0	 1820.4
3066	 1880.25	 3166.0
3067	 2053.3	 2547.0
3068	 1881.8	 1537.6
3069	 529.6	 1705.8
3070	 427.0	 1393.0
3071	 1962.6	 1236.65
3072	 1964.8	 1745.5
3073	 335.5	 1679.5
3074	 1488.25	 1665.75
3075	 335.8	 1660.8
3076	 320.4	 1643.3
3077	 322.7	 1649.2
3078	 1951.0	 1730.2
3079	 1949.0	 1711.9
3080	 933.9	 3462.7
3081	 1815.6	 1243.1
3082	 1455.3	 1529.9
3083	 1480.8	 2075.4
3084	 326.1	 1598.1
3085	 359.9	 1635.5
3086	 1905.5	 2481.5
3087	 1039.5	 3299.0
3088	 1953.9	 1210.4
3089	 1123.5	 2050.25
3090	 936.75	 2325.25
3091	 1948.75	 2005.25
3092	 395.9	 1383.4
3093	 342.4	 1542.6
3094	 1650.4	 2944.3
3095	 1464.4	 1471.8
3096	 399.6	 1346.7
3097	 341.5	 1551.75
3098	 367.2	 1578.3
3099	 1972.1	 2436.7
3100	 370.4	 1537.5
3101	 1512.75	 3522.75
3102	 351.5	 1505.0
3103	 348.8	 1495.0
3104	 366.15	 1501.15
3105	 880.5	 3318.0
3106	 384.25	 1482.5
3107	 383.5	 1478.25
3108	 358.5	 1451.5
3109	 464.4	 1344.2
3110	 1988.9	 2064.3
3111	 2025.3	 2065.9
3112	 365.75	 1326.5
3113	 466.6	 2094.4
3114	 1975.65	 1612.85
3115	 459.0	 1681.75
3116	 2009.35	 1604.1
3117	 2025.4	 1602.0
3118	 1845.5	 1272.0
3119	 423.95	 1617.2
3120	 855.0	 3284.0
3121	 1694.75	 1078.25
3122	 444.0	 1627.5
3123	 1990.0	 1974.2
3124	 1575.5	 579.0
3125	 1426.75	 2161.5
3126	 449.2	 1575.4
3127	 1427.6	 3353.0
3128	 427.4	 1635.2
3129	 1138.25	 1987.5
3130	 514.15	 1673.65
3131	 2019.25	 1992.5
3132	 2081.6	 1971.6
3133	 1424.25	 3308.7
3134	 500.5	 1679.75
3135	 1156.2	 2131.1
3136	 537.05	 1701.7
3137	 527.75	 1704.0
3138	 550.25	 1669.25
3139	 1452.6	 3368.6
3140	 1913.0	 1933.5
3141	 1484.25	 1268.9
3142	 508.7	 1601.6
3143	 452.0	 1304.6
3144	 1801.5	 1845.5
3145	 2043.0	 2464.4
3146	 2142.25	 2018.25
3147	 541.9	 1636.8
3148	 2170.75	 1983.25
3149	 1911.75	 1863.3
3150	 2169.7	 1971.7
3151	 1828.0	 1998.25
3152	 1213.15	 2185.05
3153	 1736.5	 1886.5
3154	 407.5	 1488.8
3155	 2017.25	 2378.5
3156	 1567.7	 678.3
3157	 439.9	 1509.4
3158	 2057.4	 1800.4
3159	 2082.3	 1857.9
3160	 2112.0	 1857.0
3161	 446.5	 1287.0
3162	 502.25	 1562.25
3163	 509.7	 1542.9
3164	 486.3	 1540.0
3165	 944.6	 3396.2
3166	 1777.5	 2334.75
3167	 2146.1	 1933.5
3168	 1790.7	 3315.9
3169	 2167.0	 1925.75
3170	 2153.25	 1886.0
3171	 1998.8	 1175.5
3172	 959.2	 3360.6
3173	 2133.9	 1800.3
3174	 2141.75	 1822.75
3175	 521.4	 1473.5
3176	 932.0	 3373.0
3177	 555.4	 1473.5
3178	 2161.05	 1867.75
3179	 916.5	 3307.75
3180	 2350.5	 2270.25
3181	 2178.25	 1808.05
3182	 1954.5	 2133.3
3183	 1939.0	 1853.6
3184	 595.75	 1966.25
3185	 1482.75	 3337.75
3186	 1755.0	 2288.0
3187	 1537.5	 1527.6
3188	 2242.75	 2066.8
3189	 2235.9	 2079.5
3190	 557.75	 1421.0
3191	 535.0	 1424.0
3192	 1480.75	 3307.75
3193	 574.2	 1861.1
3194	 590.0	 1851.3
3195	 929.5	 3280.25
3196	 1542.5	 1084.0
3197	 2229.4	 1962.9
3198	 1164.8	 2162.3
3199	 606.0	 1847.6
3200	 2307.0	 2078.0
3201	 2314.6	 2084.2
3202	 528.75	 1380.25
3203	 643.8	 1958.6
3204	 664.4	 1952.1
3205	 2316.25	 2065.75
3206	 1412.5	 986.5
3207	 665.85	 1920.1
3208	 672.45	 1920.0
3209	 2347.75	 2025.75
3210	 968.6	 3651.75
3211	 2272.7	 1986.6
3212	 2310.0	 1993.5
3213	 2311.4	 2013.5
3214	 702.5	 1927.2
3215	 691.3	 1911.2
3216	 655.75	 1899.25
3217	 908.0	 3189.9
3218	 1808.4	 2233.6
3219	 842.5	 1418.5
3220	 575.25	 1418.25
3221	 1826.75	 2355.75
3222	 697.1	 1878.85
3223	 706.95	 1876.6
3224	 1999.9	 1875.3
3225	 705.15	 1837.85
3226	 1216.6	 1626.8
3227	 1414.75	 973.75
3228	 2218.0	 1856.2
3229	 605.0	 1777.75
3230	 2269.5	 1855.5
3231	 2262.0	 1852.5
3232	 2266.65	 1826.95
3233	 1810.85	 1136.9
3234	 593.3	 1745.1
3235	 595.25	 1754.25
3236	 583.2	 1389.6
3237	 1867.5	 2336.0
3238	 2332.5	 1863.5
3239	 2036.75	 1868.5
3240	 612.4	 1713.2
3241	 628.25	 1822.75
3242	 2314.7	 1816.1
3243	 1894.75	 2340.5
3244	 1344.5	 3166.75
3245	 2089.1	 1783.6
3246	 927.6	 3139.0
3247	 2066.65	 1441.55
3248	 2117.0	 1747.6
3249	 664.75	 1748.0
3250	 668.75	 1745.5
3251	 1346.25	 3090.5
3252	 1358.0	 3081.6
3253	 2186.3	 2857.0
3254	 1335.75	 2786.5
3255	 707.0	 1728.6
3256	 2103.7	 1713.05
3257	 695.1	 1698.9
3258	 745.1	 1945.4
3259	 1365.8	 3272.6
3260	 1971.75	 990.75
3261	 2159.9	 1774.15
3262	 1195.0	 2585.5
3263	 1419.25	 937.0
3264	 725.25	 1848.5
3265	 749.95	 1850.55
3266	 2150.4	 1737.1
3267	 687.9	 3111.2
3268	 760.5	 1861.8
3269	 783.15	 1859.0
3270	 1824.8	 1743.2
3271	 497.0	 1312.0
3272	 516.6	 1333.0
3273	 853.5	 1936.75
3274	 2074.7	 1643.8
3275	 2074.75	 1653.25
3276	 864.6	 2356.0
3277	 861.2	 1896.4
3278	 1998.4	 1739.3
3279	 1412.25	 3214.25
3280	 551.0	 1334.6
3281	 675.5	 3039.6
3282	 1023.4	 3727.8
3283	 1374.0	 3164.2
3284	 2048.5	 1525.6
3285	 532.5	 1295.45
3286	 857.75	 1847.25
3287	 1000.5	 732.75
3288	 867.6	 1909.9
3289	 788.75	 1938.25
3290	 813.25	 1688.5
3291	 769.6	 1802.4
3292	 2161.5	 1597.5
3293	 1377.0	 3097.9
3294	 2188.85	 1586.95
3295	 1287.0	 2300.0
3296	 511.0	 1268.5
3297	 1158.4	 2558.1
3298	 807.75	 1738.25
3299	 2177.2	 1543.6
3300	 531.0	 1275.2
3301	 1391.25	 3112.0
3302	 1854.5	 1760.2
3303	 783.2	 1705.0
3304	 2209.9	 1733.9
3305	 813.9	 1813.0
3306	 831.55	 1800.2
3307	 2256.8	 1723.9
3308	 2025.3	 2832.7
3309	 1236.15	 2228.7
3310	 834.25	 1780.0
3311	 2233.1	 1718.1
3312	 874.0	 1771.0
3313	 537.0	 1225.75
3314	 2284.1	 1750.0
3315	 1017.8	 3440.4
3316	 2305.3	 1748.6
3317	 1291.5	 2245.25
3318	 1781.0	 2119.8
3319	 1882.0	 1745.4
3320	 845.0	 1712.8
3321	 1798.0	 2147.5
3322	 2301.6	 1700.3
3323	 557.0	 1683.0
3324	 1342.3	 3056.9
3325	 571.2	 1624.7
3326	 821.25	 2588.25
3327	 2291.2	 1683.5
3328	 1808.25	 2120.25
3329	 1511.85	 1418.7
3330	 1827.6	 2211.8
3331	 1413.05	 2843.05
3332	 849.6	 2758.6
3333	 1847.2	 1672.4
3334	 634.2	 1580.0
3335	 2011.8	 1054.5
3336	 1829.8	 2191.2
3337	 1424.25	 2865.6
3338	 673.1	 1701.8
3339	 1016.9	 1856.4
3340	 2211.5	 1571.95
3341	 655.0	 1314.5
3342	 647.75	 1631.25
3343	 1469.5	 3230.25
3344	 1869.1	 2194.5
3345	 2246.9	 1600.9
3346	 1866.0	 1665.25
3347	 665.5	 1278.75
3348	 1837.5	 2174.0
3349	 1903.25	 1724.25
3350	 680.0	 1587.75
3351	 1771.5	 1639.0
3352	 1428.0	 2798.8
3353	 967.75	 3211.25
3354	 965.2	 1664.4
3355	 606.4	 2155.2
3356	 984.7	 3216.0
3357	 2304.25	 1668.5
3358	 590.0	 1497.8
3359	 1777.2	 1589.0
3360	 2016.7	 2762.0
3361	 573.6	 1493.7
3362	 611.8	 1513.8
3363	 607.7	 1500.5
3364	 2259.2	 1560.8
3365	 2276.25	 1531.0
3366	 363.0	 1551.5
3367	 1362.8	 2918.0
3368	 1549.2	 735.4
3369	 2281.5	 1549.75
3370	 1363.9	 3061.3
3371	 2286.0	 1554.0
3372	 684.4	 1537.1
3373	 692.7	 1532.25
3374	 653.2	 1491.8
3375	 702.6	 1694.4
3376	 1785.25	 1497.25
3377	 1383.6	 3040.6
3378	 600.8	 1226.6
3379	 1516.0	 1342.25
3380	 768.0	 1655.5
3381	 654.5	 1237.5
3382	 724.1	 1589.7
3383	 1763.6	 1545.4
3384	 1170.3	 2140.5
3385	 1779.0	 1325.4
3386	 717.25	 1614.75
3387	 751.25	 1614.0
3388	 1956.75	 2347.0
3389	 1471.6	 1071.6
3390	 781.1	 1616.8
3391	 774.5	 1580.0
3392	 1978.5	 2296.75
3393	 1816.75	 1467.75
3394	 1806.0	 1420.5
3395	 1892.0	 1885.75
3396	 2023.6	 1737.8
3397	 2031.75	 928.5
3398	 1827.5	 1418.4
3399	 1928.8	 2257.0
3400	 845.9	 1701.45
3401	 430.65	 1163.15
3402	 849.1	 1655.95
3403	 2196.6	 1510.8
3404	 1851.25	 1395.5
3405	 826.3	 1634.0
3406	 829.6	 1613.5
3407	 842.9	 1605.1
3408	 1779.75	 1280.75
3409	 1634.2	 2710.8
3410	 1795.0	 1266.5
3411	 548.0	 2087.0
3412	 1776.5	 1301.5
3413	 775.0	 1572.5
3414	 1761.0	 1148.0
3415	 1339.55	 2645.1
3416	 483.4	 1209.9
3417	 1797.75	 1142.5
3418	 1243.7	 3507.4
3419	 739.0	 1480.75
3420	 1476.5	 1910.5
3421	 1843.5	 1268.0
3422	 471.0	 1187.0
3423	 1533.8	 713.35
3424	 1828.25	 1213.5
3425	 1397.75	 2927.75
3426	 757.75	 2013.75
3427	 777.5	 1510.5
3428	 1457.5	 1232.0
3429	 1829.05	 1128.9
3430	 833.4	 1513.0
3431	 805.25	 1454.75
3432	 1875.0	 1655.0
3433	 854.9	 3153.4
3434	 2060.25	 2756.75
3435	 1883.35	 1492.2
3436	 856.3	 1485.7
3437	 920.25	 2931.5
3438	 390.6	 1582.4
3439	 1436.25	 3260.0
3440	 857.75	 3125.0
3441	 1428.6	 3286.4
3442	 880.8	 3195.4
3443	 381.4	 1389.7
3444	 1877.5	 1321.8
3445	 402.75	 1447.75
3446	 1872.25	 1800.75
3447	 1963.4	 1670.7
3448	 2036.0	 2182.3
3449	 440.25	 1412.75
3450	 909.8	 3200.6
3451	 392.9	 1340.9
3452	 1918.5	 1401.0
3453	 875.0	 3095.8
3454	 1914.85	 1330.5
3455	 1552.2	 762.8
3456	 431.5	 1335.2
3457	 1922.5	 1371.25
3458	 390.75	 1325.25
3459	 1910.7	 2046.4
3460	 1923.75	 1315.0
3461	 779.5	 3269.6
3462	 556.8	 1141.2
3463	 1886.5	 1255.0
3464	 1894.6	 1249.8
3465	 1880.5	 1541.0
3466	 1324.0	 2512.5
3467	 1862.3	 1164.5
3468	 2142.85	 2128.2
3469	 395.25	 1316.75
3470	 425.5	 1322.25
3471	 1882.4	 1166.2
3472	 1986.6	 2230.4
3473	 438.9	 1290.2
3474	 1467.5	 3182.75
3475	 1945.75	 1768.0
3476	 909.0	 3152.75
3477	 452.4	 1232.7
3478	 1923.15	 1169.0
3479	 942.5	 2858.25
3480	 1924.0	 1193.0
3481	 502.75	 1415.25
3482	 1944.5	 1737.75
3483	 1362.9	 2540.7
3484	 808.75	 3299.0
3485	 536.5	 1393.4
3486	 563.5	 1122.75
3487	 1788.6	 1014.8
3488	 1368.5	 2511.0
3489	 932.75	 2822.25
3490	 2220.25	 2607.75
3491	 579.55	 1426.3
3492	 577.75	 1423.15
3493	 1089.1	 874.5
3494	 912.5	 3071.5
3495	 1956.0	 2230.5
3496	 516.0	 1064.0
3497	 1508.25	 3179.25
3498	 1792.7	 1005.0
3499	 1814.6	 1048.6
3500	 1835.5	 1054.25
3501	 526.25	 1051.25
3502	 573.5	 1359.5
3503	 1967.4	 2165.4
3504	 1475.5	 3090.25
3505	 648.75	 1378.5
3506	 1980.1	 2186.5
3507	 636.75	 1363.0
3508	 1909.7	 2144.9
3509	 1876.6	 2401.15
3510	 1935.25	 2143.75
3511	 513.9	 1327.3
3512	 522.4	 1286.6
3513	 1831.0	 1092.0
3514	 1449.0	 2868.0
3515	 1772.25	 813.25
3516	 2000.75	 1773.75
3517	 1415.1	 3054.2
3518	 1433.75	 3082.75
3519	 1773.0	 860.25
3520	 522.2	 1239.3
3521	 548.0	 1262.25
3522	 1782.0	 641.75
3523	 1380.1	 3431.25
3524	 608.25	 1176.5
3525	 2027.2	 1744.6
3526	 1976.0	 1710.5
3527	 609.5	 1300.2
3528	 1893.8	 2399.5
3529	 643.6	 1327.0
3530	 1822.7	 778.25
3531	 1791.5	 722.3
3532	 617.75	 1339.5
3533	 953.05	 3165.45
3534	 1789.75	 654.0
3535	 645.9	 1265.8
3536	 585.0	 1259.5
3537	 1834.0	 724.75
3538	 639.3	 1268.05
3539	 1830.1	 717.0
3540	 1986.7	 2215.25
3541	 443.75	 1205.25
3542	 437.0	 1210.5
3543	 1250.7	 2054.3
3544	 2001.25	 2216.0
3545	 1027.25	 1909.75
3546	 608.0	 1081.6
3547	 2127.0	 1274.2
3548	 1243.8	 2045.7
3549	 457.2	 1152.1
3550	 442.0	 1143.75
3551	 433.65	 1143.65
3552	 1921.5	 1656.0
3553	 1865.4	 954.8
3554	 487.5	 1220.5
3555	 496.45	 1216.75
3556	 854.2	 3316.5
3557	 1445.0	 2966.0
3558	 452.2	 1180.2
3559	 500.8	 1188.9
3560	 1873.5	 919.5
3561	 1882.0	 917.0
3562	 864.75	 2840.0
3563	 1897.75	 1016.5
3564	 1987.25	 2048.25
3565	 1462.25	 2937.35
3566	 1453.5	 2918.5
3567	 1939.4	 1595.6
3568	 2099.2	 2680.6
3569	 898.0	 2853.25
3570	 1242.0	 2002.0
3571	 2010.2	 2149.0
3572	 1910.1	 953.9
3573	 1928.05	 982.3
3574	 620.0	 1084.0
3575	 1935.25	 904.25
3576	 1428.0	 2504.5
3577	 659.0	 1062.5
3578	 1851.5	 847.25
3579	 1893.6	 2427.0
3580	 1028.05	 608.65
3581	 1274.2	 2015.0
3582	 2020.2	 1802.8
3583	 1879.4	 780.4
3584	 1863.2	 789.2
3585	 513.0	 1038.6
3586	 1983.8	 1613.65
3587	 511.25	 1047.5
3588	 507.75	 1053.0
3589	 1253.25	 2069.5
3590	 602.5	 907.75
3591	 1901.5	 838.0
3592	 563.85	 948.4
3593	 580.8	 1221.4
3594	 573.7	 1185.85
3595	 1188.5	 3000.25
3596	 923.25	 2861.35
3597	 580.75	 1168.0
3598	 908.6	 2830.0
3599	 1441.5	 726.5
3600	 1980.0	 1514.1
3601	 1980.5	 1490.75
3602	 1314.0	 1983.0
3603	 1239.75	 2655.75
3604	 1953.25	 1451.5
3605	 2094.0	 2541.4
3606	 2067.2	 1137.3
3607	 1667.9	 1868.2
3608	 1997.7	 1444.2
3609	 1882.6	 1438.8
3610	 1540.7	 2078.4
3611	 635.0	 1150.25
3612	 2025.5	 2006.0
3613	 1978.8	 1599.3
3614	 2074.25	 1042.25
3615	 1124.25	 1984.0
3616	 1898.0	 1881.25
3617	 2023.6	 936.25
3618	 2332.0	 2112.75
3619	 2077.95	 1441.25
3620	 1683.25	 962.25
3621	 2056.9	 1389.0
3622	 632.75	 860.25
3623	 588.4	 971.2
3624	 2157.0	 2596.0
3625	 583.5	 959.0
3626	 1987.2	 1585.0
3627	 1601.0	 852.75
3628	 2015.8	 1336.4
3629	 1799.4	 640.4
3630	 655.2	 795.8
3631	 660.75	 804.0
3632	 2013.8	 1291.6
3633	 1993.25	 1565.8
3634	 1984.4	 1514.8
3635	 2019.2	 1372.65
3636	 2037.4	 1386.2
3637	 1905.25	 1626.25
3638	 1494.85	 1735.3
3639	 2043.25	 1344.75
3640	 1525.4	 3493.6
3641	 1992.75	 1550.0
3642	 2101.4	 1389.0
3643	 642.0	 973.2
3644	 2034.5	 1315.0
3645	 2057.5	 1316.9
3646	 2085.5	 1313.25
3647	 2202.3	 2578.3
3648	 640.0	 866.5
3649	 2015.9	 1533.5
3650	 1383.4	 2434.8
3651	 1322.8	 2639.4
3652	 681.9	 1400.7
3653	 686.75	 1418.5
3654	 679.0	 1374.0
3655	 1523.0	 2948.25
3656	 955.0	 3004.0
3657	 2162.5	 1428.5
3658	 1593.5	 884.9
3659	 2177.05	 1435.45
3660	 2167.25	 1418.5
3661	 2098.5	 2031.5
3662	 2194.0	 1427.5
3663	 1553.5	 1711.0
3664	 2207.5	 2543.75
3665	 2215.3	 1500.2
3666	 1550.75	 1764.5
3667	 2201.0	 1501.8
3668	 698.6	 1309.6
3669	 311.5	 1866.9
3670	 719.7	 1297.5
3671	 1021.0	 2984.1
3672	 771.75	 978.25
3673	 2095.9	 2482.0
3674	 2074.25	 1965.75
3675	 1037.25	 1483.75
3676	 727.3	 1372.8
3677	 780.3	 1030.5
3678	 2073.75	 2406.0
3679	 682.2	 1303.6
3680	 1627.5	 3584.75
3681	 1586.3	 1788.2
3682	 1977.0	 2597.0
3683	 1585.6	 1762.5
3684	 755.6	 1352.2
3685	 1011.0	 3196.5
3686	 1945.5	 2846.75
3687	 1046.8	 758.0
3688	 761.25	 1269.95
3689	 670.0	 1245.4
3690	 691.25	 1265.75
3691	 1627.25	 3539.0
3692	 1585.2	 3505.4
3693	 2191.75	 1387.0
3694	 724.25	 2290.25
3695	 2095.7	 1981.4
3696	 696.75	 1179.0
3697	 705.0	 1212.5
3698	 2228.5	 1372.5
3699	 2211.6	 1364.05
3700	 668.0	 1164.75
3701	 679.4	 1150.4
3702	 1507.3	 2730.2
3703	 687.0	 1066.0
3704	 2196.75	 1336.25
3705	 846.4	 3072.1
3706	 731.8	 1197.4
3707	 2183.2	 1294.1
3708	 727.5	 1378.75
3709	 1012.5	 3092.5
3710	 754.4	 1443.4
3711	 1019.6	 3019.4
3712	 946.5	 2074.5
3713	 761.45	 1109.85
3714	 2102.0	 2343.5
3715	 1984.75	 1231.75
3716	 1419.0	 2671.25
3717	 1977.2	 1266.7
3718	 1970.0	 1199.25
3719	 723.7	 1301.3
3720	 781.6	 1363.6
3721	 808.3	 1430.4
3722	 2114.6	 2395.2
3723	 1972.55	 2016.1
3724	 1958.25	 1069.0
3725	 729.6	 1281.8
3726	 780.0	 1258.25
3727	 747.5	 1322.0
3728	 797.75	 1356.3
3729	 801.2	 1271.1
3730	 1044.8	 3028.2
3731	 2137.65	 1973.5
3732	 2204.5	 2805.25
3733	 2141.25	 2014.25
3734	 1995.3	 1073.5
3735	 2024.8	 1131.8
3736	 771.0	 1291.75
3737	 966.25	 2967.75
3738	 2023.5	 1073.0
3739	 1078.9	 539.3
3740	 1709.6	 1720.3
3741	 857.85	 1386.3
3742	 759.0	 1266.2
3743	 835.0	 1344.2
3744	 838.4	 1298.7
3745	 853.5	 1318.5
3746	 1233.25	 912.35
3747	 867.75	 1263.25
3748	 1840.0	 1810.25
3749	 724.8	 797.7
3750	 379.8	 1883.0
3751	 1956.2	 1663.0
3752	 2245.5	 1416.6
3753	 2236.5	 2794.75
3754	 1474.5	 1228.0
3755	 1453.3	 2640.1
3756	 812.25	 1191.75
3757	 2238.6	 2796.8
3758	 796.6	 1112.8
3759	 2159.0	 2399.8
3760	 2039.5	 1943.75
3761	 993.0	 2899.25
3762	 1539.25	 3244.75
3763	 2069.5	 1928.75
3764	 2012.1	 930.3
3765	 804.95	 1184.8
3766	 797.5	 1119.5
3767	 809.0	 1097.6
3768	 1916.5	 2519.25
3769	 851.75	 1204.5
3770	 2065.25	 1273.0
3771	 2050.9	 1260.0
3772	 1285.5	 1684.9
3773	 828.0	 1136.25
3774	 828.2	 1102.15
3775	 2187.0	 1667.25
3776	 682.5	 1087.75
3777	 859.75	 1134.0
3778	 843.6	 1098.7
3779	 2200.25	 2377.75
3780	 1892.4	 2875.8
3781	 988.4	 2858.2
3782	 1453.3	 2597.65
3783	 993.75	 2837.5
3784	 683.5	 1035.5
3785	 706.5	 1088.0
3786	 2115.75	 1188.75
3787	 1051.0	 1436.75
3788	 1659.0	 1794.5
3789	 2105.75	 1167.75
3790	 721.4	 1008.1
3791	 2107.0	 1899.95
3792	 2129.25	 1262.25
3793	 979.25	 2859.0
3794	 2127.7	 1240.4
3795	 2162.5	 1258.5
3796	 678.65	 959.45
3797	 665.5	 902.25
3798	 672.0	 896.25
3799	 685.1	 944.5
3800	 694.4	 986.0
3801	 694.4	 979.5
3802	 1590.75	 3320.75
3803	 731.0	 937.7
3804	 1035.8	 2956.1
3805	 2050.05	 1123.05
3806	 2063.3	 1125.6
3807	 774.6	 871.2
3808	 2003.6	 1831.5
3809	 770.0	 1030.0
3810	 2043.95	 1015.9
3811	 778.75	 1009.75
3812	 2051.5	 991.75
3813	 761.4	 933.5
3814	 1652.4	 1881.2
3815	 1045.2	 2956.2
3816	 2125.25	 1922.0
3817	 1177.65	 1998.0
3818	 1611.8	 3346.8
3819	 2107.55	 1147.6
3820	 715.8	 842.4
3821	 728.4	 846.0
3822	 686.0	 835.0
3823	 683.0	 824.8
3824	 706.9	 806.15
3825	 586.8	 2545.0
3826	 722.0	 784.3
3827	 1157.75	 1163.5
3828	 2022.0	 1811.75
3829	 744.6	 882.85
3830	 745.75	 803.5
3831	 1633.0	 3258.75
3832	 760.75	 797.0
3833	 2001.25	 1165.5
3834	 801.2	 1416.2
3835	 1679.9	 2058.1
3836	 2128.25	 1877.5
3837	 1489.8	 2633.1
3838	 1899.7	 1864.7
3839	 1054.4	 2842.7
3840	 749.8	 748.6
3841	 754.65	 750.05
3842	 1138.0	 1148.6
3843	 368.9	 1822.6
3844	 797.75	 1062.25
3845	 778.0	 996.5
3846	 792.75	 989.25
3847	 792.8	 872.6
3848	 783.75	 910.0
3849	 849.9	 1961.0
3850	 1526.6	 2668.6
3851	 814.4	 1391.4
3852	 794.8	 1449.8
3853	 2190.85	 1781.6
3854	 812.6	 852.0
3855	 2163.9	 2708.7
3856	 829.9	 937.9
3857	 2179.25	 1815.5
3858	 1664.75	 3439.75
3859	 834.25	 846.75
3860	 1060.75	 3733.5
3861	 1672.6	 3408.8
3862	 788.2	 1316.2
3863	 1129.7	 3745.35
3864	 1173.8	 3736.8
3865	 795.8	 786.8
3866	 795.9	 824.0
3867	 801.8	 775.8
3868	 1487.05	 2568.6
3869	 2125.5	 1919.5
3870	 814.3	 1356.7
3871	 2208.25	 2053.5
3872	 449.4	 1395.85
3873	 828.3	 678.0
3874	 2224.2	 2436.4
3875	 2129.75	 2576.0
3876	 839.8	 744.7
3877	 853.4	 811.1
3878	 2234.4	 2066.4
3879	 1873.5	 3023.0
3880	 2213.8	 1993.6
3881	 865.3	 699.7
3882	 836.4	 1411.7
3883	 857.1	 662.95
3884	 864.75	 649.5
3885	 2262.4	 2466.2
3886	 868.5	 1425.75
3887	 891.0	 1911.0
3888	 921.6	 1916.3
3889	 2187.75	 2138.25
3890	 888.1	 1849.2
3891	 2250.5	 2017.25
3892	 1635.9	 3379.7
3893	 904.4	 1795.7
3894	 907.1	 1803.8
3895	 2148.25	 2640.75
3896	 956.1	 1925.15
3897	 2270.25	 1990.25
3898	 1177.7	 1125.4
3899	 830.75	 1346.0
3900	 784.75	 820.25
3901	 938.8	 1820.6
3902	 947.5	 1850.5
3903	 1223.9	 3647.4
3904	 953.0	 1852.5
3905	 2173.4	 2641.0
3906	 968.75	 1854.8
3907	 1081.4	 3718.8
3908	 879.6	 1685.4
3909	 902.25	 1719.5
3910	 1191.25	 3602.25
3911	 917.5	 1764.75
3912	 917.9	 1775.2
3913	 920.5	 1754.25
3914	 918.6	 1734.3
3915	 935.5	 1722.5
3916	 1419.9	 2177.6
3917	 882.1	 1649.7
3918	 1646.5	 3302.5
3919	 910.75	 1621.5
3920	 904.2	 1609.4
3921	 1793.25	 1659.25
3922	 918.75	 1627.25
3923	 1200.6	 1117.6
3924	 953.0	 1747.5
3925	 941.15	 1756.45
3926	 2307.8	 2430.6
3927	 2274.1	 1970.45
3928	 1194.65	 1136.3
3929	 963.0	 1708.75
3930	 979.55	 1712.3
3931	 799.6	 1227.4
3932	 793.8	 1191.6
3933	 1198.75	 1081.5
3934	 968.2	 1669.4
3935	 2231.2	 2692.7
3936	 972.75	 1664.25
3937	 973.25	 1652.5
3938	 864.5	 1106.5
3939	 1013.75	 1899.5
3940	 2331.25	 1968.5
3941	 1710.0	 3374.5
3942	 1042.4	 1887.8
3943	 1054.4	 1896.2
3944	 785.8	 1067.4
3945	 801.0	 1180.5
3946	 1896.75	 1773.0
3947	 2148.25	 1919.0
3948	 1127.0	 3686.25
3949	 1041.4	 1831.2
3950	 1031.0	 1797.75
3951	 1034.5	 1805.25
3952	 1066.6	 1918.3
3953	 759.0	 1674.75
3954	 859.5	 1239.5
3955	 2246.0	 1940.5
3956	 1866.5	 1747.4
3957	 1039.0	 1820.75
3958	 827.75	 1138.0
3959	 1074.5	 3585.75
3960	 1075.9	 1782.5
3961	 2215.2	 1846.4
3962	 1000.6	 1747.55
3963	 2366.0	 2363.8
3964	 2052.5	 1199.55
3965	 1523.3	 3217.1
3966	 1664.9	 1879.1
3967	 1020.25	 1776.0
3968	 830.2	 1063.6
3969	 1003.2	 1624.8
3970	 2290.8	 2512.4
3971	 2262.0	 1826.5
3972	 851.8	 1148.2
3973	 1093.45	 1736.65
3974	 1077.25	 1692.25
3975	 1074.6	 1723.1
3976	 2139.25	 2340.5
3977	 1890.25	 1709.5
3978	 988.8	 1935.1
3979	 1892.3	 1341.0
3980	 1560.8	 3187.6
3981	 2098.6	 2271.6
3982	 2066.5	 2224.0
3983	 879.1	 1505.5
3984	 2280.2	 1844.8
3985	 874.4	 926.0
3986	 882.5	 1441.0
3987	 879.5	 1432.5
3988	 1538.25	 3129.5
3989	 918.25	 1522.5
3990	 1533.7	 3071.6
3991	 928.8	 1437.3
3992	 1558.9	 3116.3
3993	 1127.4	 920.6
3994	 2044.75	 1561.0
3995	 719.0	 1011.5
3996	 944.25	 1543.25
3997	 1069.75	 1781.75
3998	 953.0	 1508.25
3999	 1207.8	 3535.1
4000	 2189.35	 2296.2
4001	 681.7	 989.95
4002	 784.25	 2321.75
4003	 1082.2	 1793.6
4004	 2208.4	 2316.4
4005	 837.8	 2358.0
4006	 1969.5	 2078.5
4007	 938.5	 1487.3
4008	 1204.75	 3421.0
4009	 2214.65	 2281.25
4010	 2170.25	 2268.25
4011	 961.05	 1464.6
4012	 906.6	 1394.4
4013	 2275.25	 2631.75
4014	 896.4	 1354.3
4015	 1474.2	 1854.4
4016	 2051.25	 1766.0
4017	 929.6	 1351.5
4018	 2074.0	 1767.25
4019	 1810.2	 1648.2
4020	 954.1	 1407.15
4021	 952.0	 1333.1
4022	 1922.6	 1621.1
4023	 979.0	 1351.2
4024	 973.3	 1335.0
4025	 939.55	 1297.85
4026	 941.75	 1269.5
4027	 974.2	 1314.7
4028	 2284.0	 2585.4
4029	 984.25	 1532.5
4030	 1010.25	 1534.0
4031	 1719.6	 1859.1
4032	 1025.5	 1487.0
4033	 1536.3	 1226.9
4034	 755.75	 1061.0
4035	 1819.25	 1574.5
4036	 1000.25	 1429.75
4037	 1004.5	 1427.25
4038	 1020.5	 1482.0
4039	 1042.25	 1563.25
4040	 761.75	 1028.0
4041	 885.9	 2289.4
4042	 2059.25	 2129.75
4043	 2097.75	 2159.5
4044	 2092.25	 2134.5
4045	 735.25	 951.0
4046	 1054.5	 1494.0
4047	 2263.25	 2314.0
4048	 1263.4	 3697.8
4049	 1056.3	 1443.6
4050	 1042.25	 1456.5
4051	 1789.8	 2582.8
4052	 1638.2	 3126.4
4053	 1058.2	 1508.4
4054	 983.5	 1706.75
4055	 2065.0	 2565.5
4056	 993.25	 1361.75
4057	 1011.1	 1390.8
4058	 1605.25	 810.45
4059	 1016.3	 1340.6
4060	 2157.0	 1776.0
4061	 1817.9	 2545.3
4062	 990.25	 1285.0
4063	 1001.6	 1274.2
4064	 1736.75	 702.75
4065	 1840.9	 1636.6
4066	 2184.75	 1777.25
4067	 1920.7	 816.8
4068	 1531.5	 2961.0
4069	 2173.0	 1744.8
4070	 1042.75	 1334.5
4071	 1069.4	 1385.75
4072	 1088.5	 1403.5
4073	 2158.2	 2164.5
4074	 1294.25	 2230.5
4075	 661.75	 872.5
4076	 1856.0	 1854.6
4077	 2149.5	 1726.5
4078	 1562.5	 3030.5
4079	 1060.5	 1272.6
4080	 2213.25	 2164.0
4081	 1075.5	 1297.0
4082	 1099.5	 1980.25
4083	 1733.2	 1718.4
4084	 1103.5	 1901.7
4085	 2178.6	 1713.4
4086	 1107.2	 1828.8
4087	 1136.1	 1841.4
4088	 730.5	 841.5
4089	 1138.5	 1857.25
4090	 2152.75	 2111.85
4091	 1153.4	 1947.6
4092	 698.0	 798.2
4093	 1260.5	 2112.0
4094	 693.4	 779.2
4095	 2221.2	 2143.7
4096	 1290.0	 3651.25
4097	 2029.75	 2673.75
4098	 1293.05	 3611.2
4099	 1850.2	 2604.0
4100	 1193.25	 1916.75
4101	 1169.6	 1893.2
4102	 1162.4	 1802.1
4103	 1170.0	 1837.6
4104	 2254.6	 2338.6
4105	 1318.4	 3666.4
4106	 1193.0	 1878.25
4107	 2111.2	 1608.6
4108	 1173.3	 1816.1
4109	 1109.0	 1760.0
4110	 1561.1	 2908.1
4111	 1842.0	 1553.25
4112	 1119.0	 1780.75
4113	 2269.9	 2321.0
4114	 2060.0	 1579.5
4115	 1593.5	 3048.0
4116	 2250.4	 2307.4
4117	 1098.8	 1609.45
4118	 750.8	 826.0
4119	 1130.5	 3333.25
4120	 2086.0	 1532.5
4121	 1141.5	 1611.0
4122	 769.25	 856.25
4123	 1155.8	 1733.6
4124	 1178.0	 1765.75
4125	 1300.25	 2170.5
4126	 1163.6	 1725.0
4127	 2137.6	 1576.8
4128	 778.5	 826.0
4129	 1150.2	 1609.1
4130	 1948.7	 1616.2
4131	 1171.35	 1616.7
4132	 1635.5	 2586.25
4133	 2168.75	 1621.75
4134	 1199.6	 1873.8
4135	 1135.25	 3317.0
4136	 739.5	 728.6
4137	 1211.1	 1907.8
4138	 1236.25	 1933.25
4139	 1234.2	 1928.4
4140	 2125.6	 1635.4
4141	 1216.75	 1857.25
4142	 1203.25	 1783.75
4143	 1212.1	 1825.6
4144	 1229.0	 3425.6
4145	 554.7	 1146.7
4146	 2295.25	 2219.5
4147	 2178.6	 1548.4
4148	 834.5	 2790.3
4149	 2127.8	 3058.9
4150	 1222.5	 1040.0
4151	 2017.0	 2514.8
4152	 1316.25	 1945.5
4153	 1204.0	 3548.4
4154	 1953.2	 1769.5
4155	 1325.75	 1880.0
4156	 1252.35	 1860.8
4157	 1832.2	 1811.0
4158	 1266.8	 1837.5
4159	 1269.8	 3483.4
4160	 1094.25	 720.75
4161	 2341.0	 2307.75
4162	 1211.75	 3547.0
4163	 2217.6	 1766.6
4164	 1326.25	 1853.25
4165	 1251.5	 1782.0
4166	 1748.0	 2432.25
4167	 2199.75	 1334.75
4168	 1196.0	 1680.6
4169	 1201.5	 1681.75
4170	 1212.0	 1724.0
4171	 1246.75	 1754.25
4172	 1224.5	 1713.6
4173	 828.25	 943.75
4174	 1240.6	 1721.0
4175	 1232.8	 1681.6
4176	 1256.1	 1106.35
4177	 2228.2	 1699.3
4178	 1231.8	 1676.2
4179	 1909.0	 1676.5
4180	 1243.5	 3346.75
4181	 1248.5	 1766.25
4182	 869.4	 1002.0
4183	 1329.5	 1755.75
4184	 2353.8	 2240.2
4185	 1338.0	 1696.75
4186	 1332.5	 1731.0
4187	 2152.9	 2217.8
4188	 2255.25	 1694.25
4189	 1784.35	 2452.25
4190	 1282.45	 1656.15
4191	 1257.0	 1599.4
4192	 2283.9	 1787.7
4193	 850.75	 851.75
4194	 1291.0	 1652.4
4195	 1337.25	 1659.5
4196	 1307.15	 1594.6
4197	 868.5	 927.75
4198	 871.25	 884.25
4199	 1109.9	 1553.9
4200	 1388.75	 1245.5
4201	 1759.1	 2422.5
4202	 1668.2	 3092.0
4203	 790.0	 786.0
4204	 1147.4	 1540.0
4205	 337.3	 1627.9
4206	 1113.9	 1462.65
4207	 1114.1	 1439.1
4208	 2142.6	 1600.7
4209	 1133.8	 1489.0
4210	 799.8	 767.45
4211	 2254.75	 2097.75
4212	 1159.6	 1501.2
4213	 1581.75	 1939.0
4214	 1169.8	 1507.4
4215	 1158.8	 1498.7
4216	 811.6	 776.6
4217	 1186.0	 1500.75
4218	 828.5	 777.5
4219	 1194.9	 1451.7
4220	 2290.6	 1719.8
4221	 1092.5	 1330.75
4222	 1712.0	 3206.0
4223	 1107.2	 1340.9
4224	 1971.35	 1120.25
4225	 1272.0	 3361.5
4226	 1797.0	 2369.0
4227	 1281.25	 3335.5
4228	 822.0	 680.0
4229	 1138.55	 1297.6
4230	 1965.2	 2000.5
4231	 1096.5	 1401.15
4232	 1741.5	 3208.0
4233	 1149.25	 1397.0
4234	 846.5	 801.5
4235	 1300.2	 3287.0
4236	 1176.1	 1340.7
4237	 1444.75	 698.25
4238	 1739.0	 3167.5
4239	 1199.0	 1365.55
4240	 2221.5	 1615.9
4241	 1068.5	 3220.5
4242	 2247.0	 1651.75
4243	 1720.5	 3101.8
4244	 1144.0	 1250.0
4245	 1151.95	 1250.4
4246	 1173.4	 1299.8
4247	 2049.7	 2510.5
4248	 1180.15	 1268.6
4249	 1605.05	 1357.5
4250	 1836.5	 1204.05
4251	 1238.75	 3623.75
4252	 333.5	 1582.5
4253	 870.5	 764.5
4254	 2199.9	 1597.5
4255	 1240.2	 1545.0
4256	 1258.5	 1547.5
4257	 351.9	 1587.8
4258	 1262.75	 3683.75
4259	 837.45	 651.95
4260	 1221.0	 1470.25
4261	 1454.4	 2382.4
4262	 1080.2	 3200.8
4263	 866.7	 690.7
4264	 2340.0	 2105.25
4265	 1278.4	 1557.85
4266	 1145.0	 1423.5
4267	 863.25	 638.5
4268	 1259.3	 1505.6
4269	 1638.0	 1525.5
4270	 1833.5	 2363.0
4271	 420.6	 2433.5
4272	 1665.6	 3044.0
4273	 1289.1	 1537.0
4274	 2201.3	 1278.2
4275	 2263.5	 1667.3
4276	 1855.0	 2519.2
4277	 2374.5	 2120.2
4278	 1293.75	 1466.25
4279	 896.5	 1896.75
4280	 1280.5	 1421.7
4281	 1202.1	 1395.0
4282	 2047.55	 1669.7
4283	 1235.0	 1410.25
4284	 1684.6	 3036.0
4285	 1258.25	 1400.75
4286	 1078.4	 3086.5
4287	 1246.75	 1350.5
4288	 1239.8	 1412.4
4289	 1233.45	 1271.45
4290	 1252.5	 1278.75
4291	 1262.25	 1279.25
4292	 1231.0	 1327.1
4293	 1244.75	 1249.5
4294	 1652.2	 2936.0
4295	 1655.75	 2943.5
4296	 1648.4	 2879.4
4297	 2318.5	 1646.5
4298	 2324.5	 1674.5
4299	 1301.0	 1380.0
4300	 1308.0	 1371.4
4301	 1301.1	 1410.45
4302	 1096.8	 3200.55
4303	 1694.75	 2919.35
4304	 1916.05	 1592.05
4305	 2255.0	 1568.0
4306	 1578.1	 1433.4
4307	 912.0	 1862.25
4308	 1278.5	 1286.0
4309	 1692.0	 2892.0
4310	 1417.2	 2847.8
4311	 2274.5	 1584.0
4312	 1707.0	 3013.75
4313	 1634.7	 1356.2
4314	 889.3	 1209.3
4315	 359.1	 1465.7
4316	 891.2	 1186.6
4317	 935.0	 1196.5
4318	 1458.25	 2286.25
4319	 1254.8	 965.9
4320	 898.3	 1111.1
4321	 919.0	 1120.0
4322	 931.7	 1122.75
4323	 917.5	 1069.75
4324	 1285.2	 3629.65
4325	 935.75	 1217.5
4326	 953.4	 1217.2
4327	 950.0	 1137.0
4328	 1197.25	 2473.0
4329	 1768.8	 1421.8
4330	 973.2	 1228.2
4331	 960.8	 1873.4
4332	 331.75	 1545.75
4333	 1140.5	 1003.5
4334	 404.0	 1687.8
4335	 930.0	 1017.8
4336	 926.5	 1029.25
4337	 905.3	 980.8
4338	 922.8	 990.6
4339	 341.8	 2478.6
4340	 2309.25	 2238.5
4341	 890.4	 935.8
4342	 1886.6	 2958.0
4343	 943.5	 1816.75
4344	 1450.0	 2057.25
4345	 1755.75	 1358.0
4346	 912.2	 947.0
4347	 900.8	 948.5
4348	 1762.8	 1299.2
4349	 1773.75	 1339.75
4350	 942.1	 995.7
4351	 954.75	 981.5
4352	 1077.25	 2952.25
4353	 1403.5	 1936.5
4354	 926.25	 1039.75
4355	 1002.9	 1158.1
4356	 1009.2	 1170.0
4357	 1038.75	 1189.5
4358	 1033.7	 1179.8
4359	 1052.8	 1136.2
4360	 1024.5	 1075.75
4361	 1031.9	 1056.5
4362	 1041.2	 1051.2
4363	 1070.75	 1212.75
4364	 1080.8	 2871.4
4365	 1086.75	 1219.25
4366	 1107.5	 1177.5
4367	 2167.7	 1265.5
4368	 1076.2	 1108.3
4369	 1832.6	 1431.4
4370	 1077.1	 1068.4
4371	 1082.5	 1091.2
4372	 1106.1	 1084.9
4373	 1326.8	 2741.0
4374	 1037.5	 1008.8
4375	 373.3	 2522.8
4376	 1020.0	 1038.75
4377	 1002.75	 963.5
4378	 968.75	 1641.75
4379	 1117.5	 2910.5
4380	 1373.25	 1643.0
4381	 1042.1	 925.1
4382	 1118.25	 2930.75
4383	 1043.4	 886.0
4384	 1853.15	 3311.45
4385	 1362.0	 2770.75
4386	 1066.5	 975.5
4387	 1345.75	 2728.75
4388	 1074.1	 904.4
4389	 1122.8	 2871.8
4390	 1128.1	 2891.1
4391	 1120.8	 2794.2
4392	 1100.9	 895.7
4393	 1468.9	 1204.8
4394	 1842.0	 2112.5
4395	 1782.6	 1261.6
4396	 945.0	 864.25
4397	 1153.4	 2845.8
4398	 1381.25	 1688.5
4399	 908.5	 772.5
4400	 1410.25	 1848.5
4401	 934.75	 799.0
4402	 926.75	 803.65
4403	 914.4	 759.3
4404	 1420.2	 1865.2
4405	 1428.0	 1895.6
4406	 1670.55	 970.85
4407	 983.0	 814.5
4408	 1006.75	 822.5
4409	 999.25	 794.0
4410	 946.2	 1768.0
4411	 1774.25	 1117.0
4412	 1002.0	 819.1
4413	 1008.0	 785.6
4414	 1013.75	 787.75
4415	 997.0	 765.0
4416	 1652.0	 1337.5
4417	 1804.8	 1155.2
4418	 874.05	 713.65
4419	 476.5	 1604.5
4420	 951.5	 1741.5
4421	 908.1	 747.05
4422	 1919.6	 2429.4
4423	 1401.6	 2691.0
4424	 910.8	 696.7
4425	 1416.75	 2769.75
4426	 916.0	 687.0
4427	 1822.65	 1284.75
4428	 886.5	 657.9
4429	 2059.6	 1991.6
4430	 1402.4	 2724.6
4431	 1926.75	 2425.5
4432	 953.6	 663.8
4433	 1522.25	 1174.0
4434	 1486.1	 963.6
4435	 1431.9	 1720.6
4436	 987.0	 679.0
4437	 1447.0	 2156.0
4438	 971.2	 634.9
4439	 974.75	 626.75
4440	 987.4	 590.55
4441	 988.8	 598.6
4442	 2090.3	 1971.9
4443	 1815.2	 1211.6
4444	 1022.7	 585.3
4445	 2107.2	 1953.6
4446	 1035.75	 871.75
4447	 1330.0	 2570.75
4448	 977.25	 1669.75
4449	 1352.4	 2569.0
4450	 1058.7	 798.5
4451	 967.5	 1615.15
4452	 1041.8	 739.8
4453	 1823.75	 1194.75
4454	 1507.75	 1722.75
4455	 987.0	 1592.4
4456	 1045.0	 711.25
4457	 1052.2	 727.8
4458	 1061.25	 694.5
4459	 617.25	 2110.75
4460	 1078.65	 882.65
4461	 438.25	 1300.25
4462	 2213.0	 1548.75
4463	 1083.6	 794.0
4464	 1070.6	 825.45
4465	 557.1	 1695.8
4466	 1107.8	 854.8
4467	 1113.05	 867.4
4468	 1954.5	 2373.7
4469	 1630.6	 3159.6
4470	 1859.25	 1509.0
4471	 1669.0	 1580.0
4472	 1860.0	 1466.6
4473	 324.0	 2374.0
4474	 1477.75	 2033.25
4475	 2113.5	 2646.5
4476	 1915.1	 1693.8
4477	 1030.75	 666.25
4478	 1270.8	 3117.4
4479	 1051.2	 601.7
4480	 1387.25	 2666.75
4481	 1969.2	 2144.8
4482	 1281.6	 3083.9
4483	 2191.4	 2151.0
4484	 1390.2	 2642.6
4485	 1072.55	 655.75
4486	 1897.2	 1420.4
4487	 1465.5	 1915.25
4488	 477.2	 1316.0
4489	 1730.75	 3394.25
4490	 1477.5	 1974.25
4491	 1863.0	 1337.0
4492	 1021.0	 1810.5
4493	 2211.2	 1767.5
4494	 1313.2	 3074.0
4495	 1303.75	 3107.0
4496	 1885.95	 1306.15
4497	 1010.6	 1778.2
4498	 1090.25	 562.3
4499	 1041.95	 1784.85
4500	 1909.25	 1493.75
4501	 1384.75	 2530.0
4502	 1070.25	 1915.75
4503	 2009.1	 1380.4
4504	 1107.75	 516.0
4505	 2015.1	 2012.5
4506	 1114.0	 1230.4
4507	 1686.15	 1662.75
4508	 1143.25	 1220.25
4509	 1404.0	 2525.5
4510	 1930.5	 1506.0
4511	 1151.55	 1209.75
4512	 1406.8	 2557.6
4513	 1942.3	 1949.6
4514	 1145.9	 1126.5
4515	 1938.75	 1429.75
4516	 1129.0	 1043.5
4517	 1068.0	 1882.75
4518	 1919.3	 1372.8
4519	 2121.5	 1238.75
4520	 1166.75	 1054.5
4521	 1126.25	 1107.5
4522	 1567.4	 2047.6
4523	 1197.0	 1220.0
4524	 1314.2	 1290.25
4525	 1711.7	 626.4
4526	 1162.9	 1043.9
4527	 1190.7	 1095.5
4528	 1050.5	 3108.5
4529	 1471.4	 2846.8
4530	 1252.0	 2912.5
4531	 438.0	 1549.0
4532	 1505.25	 1967.75
4533	 1051.4	 1817.1
4534	 1121.5	 1034.75
4535	 1131.5	 933.25
4536	 1080.2	 1831.4
4537	 1149.0	 1040.0
4538	 1515.0	 2270.0
4539	 1136.75	 939.75
4540	 1148.0	 957.75
4541	 1688.25	 1603.0
4542	 1073.1	 1825.0
4543	 1853.8	 1267.0
4544	 320.5	 2307.0
4545	 1137.6	 867.8
4546	 2160.0	 1929.8
4547	 1874.2	 1284.4
4548	 1145.9	 878.7
4549	 1175.85	 1037.4
4550	 1152.9	 964.7
4551	 1526.75	 1900.75
4552	 1880.5	 1242.0
4553	 1186.2	 955.0
4554	 1740.0	 1615.25
4555	 1181.0	 895.0
4556	 1879.0	 1209.25
4557	 1079.4	 3165.5
4558	 1213.05	 895.4
4559	 1216.4	 1196.2
4560	 1273.0	 2468.25
4561	 1219.4	 1144.8
4562	 1527.0	 2859.5
4563	 1790.1	 2332.7
4564	 1465.75	 1832.5
4565	 1250.5	 1177.0
4566	 1220.6	 1099.0
4567	 1229.75	 1077.5
4568	 1223.2	 1085.4
4569	 1302.5	 2960.5
4570	 1017.15	 1755.25
4571	 991.25	 1619.25
4572	 1613.5	 2845.0
4573	 2251.65	 1504.1
4574	 1266.3	 1195.3
4575	 1259.9	 1183.2
4576	 1285.0	 1185.5
4577	 1283.65	 1192.35
4578	 1024.75	 1679.5
4579	 2074.95	 1845.55
4580	 1473.5	 1766.0
4581	 1081.8	 3032.6
4582	 1460.0	 1693.0
4583	 1308.5	 1140.75
4584	 1896.0	 1247.25
4585	 1273.3	 1122.3
4586	 1782.0	 2255.5
4587	 1790.3	 2294.6
4588	 1293.7	 1079.1
4589	 1735.85	 1486.2
4590	 2139.0	 2063.35
4591	 997.5	 1652.75
4592	 1218.4	 1016.6
4593	 1489.5	 1786.75
4594	 1471.75	 864.75
4595	 1223.1	 971.2
4596	 2368.7	 2307.5
4597	 1614.5	 1231.75
4598	 1270.75	 990.75
4599	 497.5	 1598.5
4600	 1672.25	 1670.25
4601	 1227.5	 1819.8
4602	 1950.2	 1248.4
4603	 2054.25	 2395.0
4604	 2161.5	 3018.2
4605	 1266.0	 918.0
4606	 1968.5	 2374.0
4607	 1436.4	 2650.8
4608	 1280.7	 1026.2
4609	 1296.7	 1020.6
4610	 1272.7	 979.5
4611	 1918.6	 1151.5
4612	 1314.7	 1025.2
4613	 1301.0	 973.5
4614	 1318.1	 972.2
4615	 1904.8	 1127.8
4616	 1301.0	 2823.25
4617	 1282.6	 900.7
4618	 2207.8	 2581.0
4619	 1049.0	 1958.0
4620	 1264.7	 877.25
4621	 863.25	 2765.5
4622	 1309.2	 878.4
4623	 503.25	 1534.5
4624	 1155.25	 3210.75
4625	 1126.7	 808.8
4626	 1152.5	 835.25
4627	 1159.5	 822.6
4628	 1777.0	 1076.6
4629	 1778.25	 1062.0
4630	 1126.0	 706.2
4631	 1147.8	 705.9
4632	 1168.5	 719.5
4633	 1149.5	 691.75
4634	 2157.3	 2804.3
4635	 1546.75	 1807.75
4636	 1469.5	 2539.0
4637	 2065.1	 1023.3
4638	 1461.0	 2589.2
4639	 1216.9	 780.3
4640	 1669.25	 2602.25
4641	 1475.65	 1046.3
4642	 1184.8	 694.8
4643	 661.25	 1248.75
4644	 1178.4	 684.95
4645	 1183.8	 680.2
4646	 1692.65	 1384.1
4647	 1208.25	 704.5
4648	 1754.75	 971.25
4649	 897.25	 2623.5
4650	 1551.8	 1775.6
4651	 1157.5	 637.3
4652	 1145.25	 566.25
4653	 1484.25	 2579.75
4654	 1757.0	 896.5
4655	 1116.1	 520.2
4656	 1093.45	 3070.7
4657	 1116.7	 555.6
4658	 2262.0	 1697.0
