0	 5106.5	 1062.0
1	 2301.9	 887.3
2	 2077.4	 1686.8
3	 2403.0	 1255.9
4	 2400.0	 1211.0
5	 2433.75	 1235.75
6	 2469.1	 1309.0
7	 2498.6	 1310.4
8	 2518.2	 1294.15
9	 2460.1	 1249.6
10	 2401.25	 1177.75
11	 2420.0	 1170.75
12	 2419.5	 1148.5
13	 2085.6	 1656.4
14	 2539.25	 1182.25
15	 2540.75	 1164.0
16	 2487.5	 1144.8
17	 2481.75	 1130.25
18	 624.75	 1965.25
19	 2949.4	 1254.8
20	 2559.9	 1317.7
21	 2605.75	 1269.75
22	 1703.5	 1059.25
23	 4389.9	 1048.4
24	 2664.2	 1227.4
25	 2626.4	 1226.65
26	 2671.85	 1238.9
27	 2736.0	 1248.5
28	 2603.0	 1207.1
29	 2553.8	 1142.8
30	 2598.7	 1154.1
31	 1875.9	 1635.0
32	 2998.2	 1403.0
33	 4454.5	 1050.75
34	 2719.0	 1196.1
35	 2719.6	 1162.1
36	 3007.2	 1404.0
37	 600.0	 1893.4
38	 2700.9	 1120.3
39	 2730.5	 1119.0
40	 2732.45	 1108.2
41	 2349.0	 1078.0
42	 1918.5	 1619.75
43	 2395.5	 1064.0
44	 2968.25	 1340.0
45	 2370.75	 1019.75
46	 2422.0	 998.6
47	 1739.75	 1007.75
48	 2436.15	 1045.35
49	 2457.75	 1042.75
50	 2513.75	 1022.25
51	 2369.5	 954.9
52	 2394.25	 943.25
53	 1704.5	 1025.0
54	 2367.05	 897.55
55	 4378.2	 1015.6
56	 2486.8	 950.4
57	 2436.0	 880.5
58	 2462.2	 884.6
59	 3805.4	 1013.8
60	 2618.6	 1073.2
61	 2649.0	 1069.4
62	 2554.0	 1010.0
63	 1625.9	 963.9
64	 2665.8	 1091.4
65	 2685.5	 1073.7
66	 2705.0	 1064.25
67	 2709.2	 1055.7
68	 2671.4	 1036.3
69	 2678.0	 1028.5
70	 3819.5	 789.75
71	 3901.5	 1016.75
72	 2554.2	 875.3
73	 2623.75	 900.0
74	 2611.4	 985.35
75	 2706.5	 966.25
76	 500.2	 1858.2
77	 1613.1	 910.5
78	 2678.4	 904.8
79	 2690.2	 877.9
80	 2710.75	 880.5
81	 2240.8	 1609.8
82	 1979.9	 819.2
83	 2003.7	 805.8
84	 3861.7	 964.3
85	 2034.0	 815.75
86	 2104.8	 858.4
87	 2124.25	 856.0
88	 2982.0	 1290.0
89	 2133.75	 826.0
90	 2291.65	 1681.3
91	 3011.5	 1308.5
92	 2039.8	 693.6
93	 2098.55	 765.5
94	 2077.0	 742.8
95	 476.6	 1833.0
96	 455.25	 1825.35
97	 2232.6	 842.5
98	 2258.4	 835.5
99	 2197.4	 793.0
100	 2313.0	 858.25
101	 2357.5	 849.75
102	 1742.85	 944.2
103	 2365.0	 812.25
104	 2201.6	 751.2
105	 2237.25	 775.0
106	 2286.3	 751.1
107	 2254.8	 732.0
108	 2260.85	 728.05
109	 4164.25	 887.75
110	 2339.4	 710.4
111	 2335.8	 720.3
112	 2385.2	 690.8
113	 1680.95	 875.75
114	 2509.0	 1104.5
115	 2002.75	 636.25
116	 1998.6	 642.7
117	 1989.25	 620.5
118	 2170.0	 666.8
119	 3114.5	 1279.75
120	 2419.5	 1641.1
121	 2112.6	 621.7
122	 2007.2	 576.8
123	 2095.0	 591.25
124	 3989.0	 1019.5
125	 2224.0	 588.6
126	 3044.9	 1248.5
127	 2196.0	 550.25
128	 2275.75	 630.25
129	 2245.25	 631.5
130	 2387.0	 670.9
131	 3757.0	 1342.0
132	 2369.25	 609.0
133	 2361.0	 610.0
134	 2308.5	 510.0
135	 2336.75	 553.75
136	 3044.6	 1419.9
137	 2404.8	 540.6
138	 3898.35	 930.35
139	 2388.75	 482.5
140	 2414.6	 857.9
141	 2428.0	 810.2
142	 2419.25	 747.5
143	 2473.25	 773.0
144	 2461.15	 760.1
145	 1758.0	 973.0
146	 2502.1	 827.5
147	 2547.8	 804.4
148	 2512.0	 755.25
149	 2520.2	 750.4
150	 2564.05	 778.2
151	 3233.85	 343.25
152	 2492.9	 698.9
153	 2567.75	 723.0
154	 752.0	 1956.25
155	 2537.75	 675.0
156	 2497.5	 640.6
157	 757.9	 1949.3
158	 2543.65	 625.5
159	 2336.8	 1628.8
160	 2603.3	 849.0
161	 2610.1	 831.1
162	 2351.5	 1621.05
163	 2596.5	 810.25
164	 2587.5	 750.0
165	 2636.5	 760.25
166	 2452.6	 1638.8
167	 2711.5	 773.75
168	 2567.95	 737.55
169	 3994.5	 930.5
170	 2588.8	 664.6
171	 2638.1	 654.9
172	 2613.6	 661.9
173	 2695.6	 713.8
174	 2646.3	 616.2
175	 2008.1	 784.4
176	 2704.3	 615.0
177	 2307.8	 1612.0
178	 1923.0	 1006.25
179	 2471.0	 569.0
180	 2454.05	 523.4
181	 2414.4	 509.6
182	 4168.4	 837.6
183	 2553.1	 594.7
184	 2584.5	 600.0
185	 3167.6	 247.2
186	 1753.0	 917.5
187	 4093.6	 770.0
188	 3318.75	 1523.25
189	 2533.0	 440.5
190	 2580.55	 425.85
191	 4098.0	 758.0
192	 2636.1	 512.7
193	 2693.4	 606.4
194	 2699.25	 590.75
195	 2672.0	 493.1
196	 2613.2	 1622.6
197	 2515.0	 1628.0
198	 1747.95	 894.55
199	 2594.4	 444.2
200	 4185.6	 760.8
201	 2650.75	 455.65
202	 4503.0	 801.5
203	 3355.25	 1501.0
204	 2678.25	 396.5
205	 4475.4	 1057.9
206	 2777.25	 1544.25
207	 2809.0	 1596.2
208	 3924.75	 1317.65
209	 2733.85	 1547.25
210	 784.2	 1815.8
211	 800.75	 1855.25
212	 2777.7	 1527.2
213	 2814.0	 1507.9
214	 2819.7	 1498.3
215	 2745.0	 1426.0
216	 2872.3	 1512.05
217	 3162.65	 1417.85
218	 2888.4	 1491.6
219	 2838.3	 1483.8
220	 2356.15	 1078.05
221	 2922.2	 1480.8
222	 1023.25	 1061.75
223	 3900.25	 1271.75
224	 2959.45	 1619.35
225	 3002.5	 1608.0
226	 2948.75	 1556.75
227	 1923.0	 918.8
228	 1585.75	 1630.25
229	 3064.1	 1589.9
230	 3208.4	 1390.6
231	 3164.0	 1386.0
232	 3122.75	 1582.25
233	 3119.1	 1512.6
234	 2965.6	 1476.1
235	 1491.05	 1577.1
236	 3340.5	 474.2
237	 3261.0	 1447.8
238	 3059.0	 1431.25
239	 3278.7	 1439.3
240	 4336.8	 998.2
241	 1438.2	 1556.4
242	 2816.75	 1351.45
243	 1899.6	 864.9
244	 2832.8	 1340.9
245	 2847.75	 1325.6
246	 2816.2	 1316.0
247	 2906.3	 1390.55
248	 2932.85	 1375.3
249	 3311.25	 1418.5
250	 2905.5	 1316.6
251	 1159.75	 950.75
252	 4348.0	 987.25
253	 2809.75	 1309.0
254	 2803.9	 1268.1
255	 2793.5	 1268.75
256	 2811.6	 1247.5
257	 4060.3	 451.9
258	 2857.7	 1292.8
259	 2887.1	 1288.8
260	 2927.25	 1312.0
261	 2852.75	 1252.75
262	 2849.8	 1248.9
263	 2889.2	 1254.2
264	 2900.7	 1254.9
265	 2934.7	 1235.1
266	 2962.5	 1322.0
267	 3093.25	 1407.25
268	 3144.0	 1375.75
269	 3097.35	 1337.4
270	 3075.9	 1336.05
271	 2969.6	 1312.0
272	 2975.0	 1287.75
273	 422.2	 1742.6
274	 2980.5	 1272.0
275	 2989.0	 1266.5
276	 1710.9	 1574.1
277	 4219.25	 942.5
278	 4256.0	 949.0
279	 3090.85	 1248.55
280	 3181.25	 1568.2
281	 584.75	 1798.5
282	 3232.25	 1486.75
283	 3271.7	 1543.2
284	 3321.75	 1536.25
285	 3272.95	 1486.45
286	 1659.5	 794.25
287	 594.25	 1778.75
288	 3219.9	 1428.9
289	 3162.8	 1391.4
290	 3170.8	 1406.4
291	 3243.25	 1398.25
292	 3397.0	 1460.25
293	 4237.7	 912.6
294	 3310.3	 1410.1
295	 3277.9	 1405.6
296	 3272.7	 1395.0
297	 3364.5	 1399.5
298	 3408.5	 1517.75
299	 1428.5	 1515.5
300	 3397.9	 1445.6
301	 4001.4	 645.2
302	 3964.5	 622.9
303	 3384.25	 1445.75
304	 614.2	 1771.8
305	 1536.4	 1508.4
306	 3411.0	 1376.7
307	 3622.2	 466.2
308	 3700.95	 1442.2
309	 1952.5	 693.5
310	 3355.7	 1357.3
311	 3337.3	 1328.9
312	 3394.3	 1341.1
313	 3219.25	 1298.2
314	 3233.5	 1299.0
315	 509.3	 1702.15
316	 3196.6	 1246.8
317	 3143.25	 1228.0
318	 395.6	 1679.2
319	 4438.25	 920.0
320	 4440.5	 909.0
321	 3329.75	 1271.5
322	 3431.0	 1312.5
323	 3360.0	 1254.5
324	 1841.15	 1592.9
325	 3425.75	 1245.75
326	 3533.0	 1344.5
327	 1749.0	 734.0
328	 4430.25	 1287.45
329	 3535.5	 1326.0
330	 3930.2	 567.4
331	 3655.8	 1362.2
332	 3621.2	 1305.5
333	 3580.25	 1266.0
334	 3534.5	 1218.75
335	 1844.7	 1533.7
336	 4626.3	 1150.8
337	 3613.5	 1281.75
338	 3689.25	 1273.0
339	 3690.4	 1249.0
340	 2767.5	 1206.2
341	 3406.5	 1388.75
342	 2815.0	 1197.4
343	 2784.5	 1168.5
344	 2817.5	 1169.9
345	 2842.25	 1209.55
346	 2937.0	 1226.0
347	 2937.45	 1221.3
348	 4095.0	 603.0
349	 1683.8	 1504.8
350	 1694.8	 1507.2
351	 3509.75	 1381.75
352	 2846.0	 1173.0
353	 2899.6	 1185.8
354	 2918.9	 1194.5
355	 856.4	 1032.0
356	 2742.7	 1147.6
357	 2794.9	 1156.9
358	 2849.1	 1139.8
359	 4043.35	 1259.1
360	 2764.35	 1102.85
361	 2778.75	 1091.75
362	 2804.5	 1102.5
363	 2845.2	 1097.0
364	 1809.1	 1522.45
365	 2924.6	 1146.65
366	 2934.5	 1147.8
367	 2855.5	 1119.0
368	 3666.25	 1411.75
369	 2880.4	 1109.2
370	 2896.75	 1110.0
371	 1817.7	 835.0
372	 2990.45	 1203.9
373	 3000.75	 1206.5
374	 582.5	 1658.6
375	 3712.2	 1395.2
376	 3051.3	 1169.4
377	 3092.5	 1206.75
378	 3168.6	 1208.5
379	 3103.2	 1161.4
380	 3162.4	 1173.6
381	 3169.4	 1165.4
382	 3195.9	 1154.5
383	 3185.5	 1353.25
384	 3018.0	 1133.3
385	 2960.3	 1121.7
386	 3036.8	 1095.3
387	 4115.25	 1236.25
388	 3153.4	 1123.6
389	 3090.25	 1096.5
390	 4813.6	 1123.4
391	 3147.0	 1079.25
392	 2806.0	 1064.4
393	 4804.6	 1119.4
394	 2787.0	 1026.75
395	 2897.9	 1056.4
396	 2945.35	 1067.65
397	 4699.7	 1114.1
398	 2929.9	 1043.6
399	 2947.2	 1010.6
400	 1938.85	 1475.7
401	 2736.1	 952.85
402	 2819.0	 1005.75
403	 1910.6	 851.1
404	 2843.25	 925.0
405	 2820.0	 933.0
406	 2901.5	 909.7
407	 2949.0	 960.25
408	 1947.6	 1572.2
409	 3032.9	 1072.9
410	 3009.5	 1036.5
411	 4167.5	 617.0
412	 3052.5	 1000.5
413	 3038.25	 1005.75
414	 3120.4	 1045.7
415	 3181.5	 1054.0
416	 3127.6	 1030.8
417	 3193.1	 998.8
418	 3436.0	 1376.9
419	 3003.1	 944.7
420	 4516.25	 1034.25
421	 1973.5	 1561.75
422	 1933.5	 729.0
423	 1983.5	 1564.3
424	 3179.0	 970.5
425	 3173.0	 932.75
426	 3218.4	 1231.3
427	 3247.1	 1218.8
428	 3200.7	 1178.5
429	 4624.8	 1040.7
430	 3444.0	 1238.5
431	 3421.7	 1184.8
432	 3397.4	 1161.6
433	 3449.15	 1159.0
434	 3325.5	 1195.75
435	 3200.5	 1144.5
436	 3256.0	 1148.85
437	 3227.2	 1131.8
438	 3310.0	 1146.0
439	 3318.5	 1121.0
440	 4632.25	 1028.75
441	 1848.25	 1528.75
442	 3367.5	 1067.8
443	 875.7	 1764.25
444	 3403.4	 1111.8
445	 3452.3	 1079.9
446	 4126.75	 608.95
447	 3471.1	 1162.0
448	 4219.4	 1240.6
449	 694.8	 1720.8
450	 3633.5	 1198.0
451	 691.75	 1712.5
452	 3811.7	 366.0
453	 719.8	 1700.4
454	 3661.75	 1136.5
455	 4897.75	 1088.25
456	 3492.4	 1072.2
457	 3505.5	 1116.25
458	 3605.0	 1127.0
459	 3606.2	 1118.8
460	 3700.3	 1119.5
461	 4222.2	 1211.0
462	 1804.5	 1491.5
463	 3644.25	 1102.5
464	 3648.2	 1081.6
465	 3707.4	 1093.8
466	 3210.0	 1054.5
467	 3219.9	 1046.9
468	 3222.4	 1025.9
469	 3354.9	 1019.9
470	 3448.0	 1016.2
471	 3436.0	 997.75
472	 3306.0	 977.0
473	 3298.25	 976.0
474	 3295.5	 969.5
475	 4234.2	 563.0
476	 3234.0	 947.25
477	 3273.8	 921.2
478	 1914.0	 1479.75
479	 3297.9	 917.1
480	 3441.4	 940.1
481	 4289.9	 614.3
482	 3536.0	 1065.2
483	 3549.4	 1057.5
484	 3504.6	 1032.0
485	 3486.0	 1006.0
486	 3651.75	 1061.5
487	 4458.6	 1209.45
488	 3655.3	 1057.4
489	 3674.4	 1004.9
490	 3475.7	 911.3
491	 3569.75	 936.0
492	 877.2	 1727.4
493	 3637.9	 959.2
494	 3669.75	 939.25
495	 3672.0	 914.85
496	 3719.0	 995.6
497	 3765.75	 1405.75
498	 3771.8	 1424.6
499	 1416.6	 1441.2
500	 1948.0	 1281.25
501	 3847.0	 1413.5
502	 1981.85	 1267.5
503	 3937.6	 1393.9
504	 3982.0	 1390.1
505	 1966.5	 1257.2
506	 4015.3	 1384.4
507	 3795.5	 1302.75
508	 5125.5	 1113.75
509	 3802.0	 1328.15
510	 3753.25	 1271.75
511	 3843.0	 1270.4
512	 5222.1	 1137.0
513	 3992.75	 1309.25
514	 1428.6	 1430.0
515	 853.5	 1659.25
516	 4079.75	 1379.25
517	 2110.6	 1280.0
518	 4171.75	 1368.45
519	 4434.5	 1349.1
520	 4498.0	 1348.0
521	 4524.2	 1345.6
522	 3544.6	 1362.4
523	 4135.4	 1294.2
524	 3695.1	 314.2
525	 4051.9	 774.2
526	 5336.4	 1132.1
527	 4212.25	 1292.0
528	 4337.9	 1289.9
529	 2113.6	 1230.4
530	 4509.0	 1281.7
531	 3795.2	 1250.2
532	 3868.95	 1256.3
533	 3777.0	 1236.25
534	 3999.05	 1249.15
535	 936.0	 1934.75
536	 3989.25	 1241.25
537	 4122.8	 1246.0
538	 4075.2	 1251.9
539	 4022.2	 1236.3
540	 4032.7	 1216.45
541	 5060.0	 1091.0
542	 4152.5	 1233.0
543	 3965.25	 1207.25
544	 5092.6	 1090.6
545	 3777.8	 1171.1
546	 3886.75	 1159.75
547	 3965.3	 1149.65
548	 2126.1	 737.5
549	 4158.3	 1189.7
550	 4178.5	 1183.5
551	 4708.5	 884.5
552	 4552.25	 880.25
553	 4268.25	 1247.0
554	 4278.4	 1239.65
555	 1679.0	 1429.25
556	 4287.75	 1207.75
557	 4585.0	 860.0
558	 4516.8	 1236.6
559	 2029.9	 1146.5
560	 1708.2	 1416.2
561	 4339.8	 1198.1
562	 4309.55	 1185.05
563	 4248.75	 1164.25
564	 4426.5	 1206.25
565	 4479.5	 1194.6
566	 4566.0	 1200.75
567	 4415.15	 1177.25
568	 4529.6	 1177.2
569	 4554.7	 1179.2
570	 4527.3	 1161.7
571	 5195.5	 1098.5
572	 1047.6	 1957.6
573	 4734.3	 1343.25
574	 3698.15	 1319.35
575	 4415.0	 827.25
576	 4668.7	 1339.2
577	 1512.8	 1388.0
578	 4836.75	 1345.75
579	 4400.1	 1218.1
580	 5039.8	 1373.6
581	 5346.75	 1083.5
582	 1090.5	 1952.75
583	 4874.5	 1348.0
584	 4973.6	 1352.6
585	 4982.4	 1363.8
586	 5246.3	 1050.2
587	 1984.8	 1362.0
588	 2081.5	 1108.5
589	 2070.0	 1120.1
590	 4525.5	 1014.5
591	 5081.75	 1302.5
592	 5156.2	 1384.2
593	 5184.8	 1386.45
594	 5219.4	 1392.2
595	 5120.9	 1380.6
596	 3569.5	 1253.0
597	 5110.75	 1338.45
598	 5210.5	 1359.85
599	 5255.5	 1397.25
600	 2171.5	 1308.05
601	 5330.9	 1371.0
602	 5124.7	 1273.15
603	 3560.8	 1294.4
604	 2407.7	 837.8
605	 948.7	 1855.6
606	 5256.0	 1333.5
607	 2207.8	 1309.6
608	 5351.0	 1323.0
609	 5306.7	 1304.4
610	 4611.25	 1277.0
611	 967.0	 1841.5
612	 4658.75	 828.5
613	 3662.6	 1280.6
614	 1242.2	 1385.6
615	 4691.0	 1225.2
616	 4862.4	 1261.8
617	 4952.85	 1254.35
618	 995.45	 1846.3
619	 4714.0	 1189.9
620	 1027.7	 1838.3
621	 4807.75	 1187.25
622	 4591.6	 978.0
623	 4863.75	 1179.5
624	 4859.0	 1176.5
625	 4802.75	 1157.25
626	 4961.0	 1170.5
627	 1618.0	 1371.2
628	 4908.0	 1168.0
629	 2233.8	 1238.2
630	 3643.75	 1253.0
631	 5003.45	 1236.2
632	 5067.5	 1227.75
633	 1080.5	 1930.25
634	 5322.7	 1248.6
635	 5290.75	 1232.5
636	 4703.4	 791.3
637	 5284.95	 1217.3
638	 2316.0	 1305.75
639	 4975.0	 1184.1
640	 5047.5	 1181.0
641	 5159.75	 1196.5
642	 4713.25	 970.75
643	 5005.75	 1166.25
644	 5089.5	 1162.5
645	 5267.6	 1216.2
646	 1765.3	 1461.25
647	 1775.75	 1462.25
648	 4763.7	 991.0
649	 5292.5	 1187.75
650	 5309.8	 1195.8
651	 2778.5	 1209.5
652	 5244.0	 1171.0
653	 5336.0	 1176.25
654	 5335.0	 1170.3
655	 3869.25	 1158.35
656	 2807.6	 1196.6
657	 2744.75	 711.5
658	 3887.35	 1095.4
659	 3984.95	 1141.35
660	 4725.5	 866.0
661	 4030.0	 1092.6
662	 3887.0	 1060.2
663	 3744.0	 1034.3
664	 3844.0	 1051.5
665	 4031.5	 1077.5
666	 4035.5	 1074.6
667	 1179.5	 2016.0
668	 4030.4	 1025.2
669	 4106.0	 1132.0
670	 4764.0	 841.0
671	 4261.5	 1113.75
672	 2177.6	 1148.4
673	 4172.55	 1120.4
674	 4371.4	 1159.3
675	 1816.0	 1397.5
676	 4382.0	 1099.0
677	 4339.75	 1099.5
678	 4400.3	 1096.15
679	 4159.1	 1034.4
680	 4194.65	 1035.1
681	 3985.8	 962.2
682	 2927.4	 1221.8
683	 4273.6	 1026.2
684	 4139.2	 1022.7
685	 4090.0	 1044.5
686	 4401.0	 1045.75
687	 4462.0	 1046.25
688	 4345.1	 1025.3
689	 4468.75	 1023.25
690	 3856.75	 1007.2
691	 1149.6	 1943.4
692	 3990.7	 1016.8
693	 3952.0	 1003.4
694	 3979.25	 1002.25
695	 4068.0	 1017.5
696	 3997.6	 973.2
697	 3814.5	 947.05
698	 2925.75	 1188.0
699	 3864.3	 928.7
700	 4947.4	 867.0
701	 3944.0	 952.5
702	 4031.0	 950.7
703	 4769.0	 962.0
704	 4057.6	 952.6
705	 2269.6	 1152.9
706	 4060.0	 914.75
707	 4062.0	 908.0
708	 1246.8	 1984.6
709	 4153.6	 987.4
710	 4782.0	 935.0
711	 4234.8	 969.6
712	 4300.85	 970.2
713	 4341.7	 1001.9
714	 778.9	 1996.6
715	 2460.1	 1168.5
716	 4415.9	 988.9
717	 4435.6	 985.7
718	 5337.4	 1058.6
719	 4222.6	 944.7
720	 4184.75	 921.25
721	 2841.0	 1136.6
722	 4240.5	 914.75
723	 4725.0	 916.25
724	 4287.4	 930.1
725	 1275.4	 1931.2
726	 4793.95	 922.7
727	 4359.75	 928.0
728	 4383.1	 922.3
729	 2764.25	 1111.0
730	 4442.1	 913.0
731	 4489.6	 1150.1
732	 2017.5	 1050.5
733	 4675.2	 1151.1
734	 4668.7	 1150.35
735	 4646.0	 1119.0
736	 2777.75	 1084.75
737	 4650.75	 1127.5
738	 4594.9	 1131.2
739	 3618.0	 1052.4
740	 4850.4	 1017.2
741	 2839.4	 1097.9
742	 4516.0	 1090.0
743	 4906.75	 1004.25
744	 4555.5	 1084.0
745	 4606.95	 1084.5
746	 4554.2	 1028.9
747	 1159.5	 1898.5
748	 1832.2	 1334.6
749	 4790.25	 1063.5
750	 2033.0	 1019.5
751	 1934.2	 1385.4
752	 5023.0	 1014.5
753	 5089.5	 1155.0
754	 1251.0	 1895.0
755	 2058.9	 1037.5
756	 5077.5	 993.0
757	 5049.0	 791.5
758	 5316.2	 1142.0
759	 5323.9	 1135.25
760	 5169.25	 1125.0
761	 5172.75	 1130.85
762	 1692.6	 1649.8
763	 5181.0	 1307.9
764	 2877.0	 1100.75
765	 2852.8	 1086.8
766	 5067.0	 1061.5
767	 5087.25	 1062.25
768	 4956.0	 1050.75
769	 4982.3	 1047.9
770	 1251.25	 1887.75
771	 5034.25	 1056.25
772	 2133.75	 1008.75
773	 5200.9	 1076.95
774	 5144.15	 1072.7
775	 5303.25	 1072.5
776	 1258.2	 1918.4
777	 5333.4	 1069.2
778	 5245.5	 1069.75
779	 4552.2	 1021.0
780	 4526.95	 1020.2
781	 4611.75	 1013.5
782	 4396.6	 1257.2
783	 4505.75	 984.5
784	 4624.0	 981.75
785	 4596.3	 970.75
786	 1977.8	 929.2
787	 4716.7	 967.7
788	 4731.5	 969.0
789	 1357.25	 1912.5
790	 4550.75	 947.25
791	 4500.6	 935.7
792	 4494.5	 908.5
793	 4601.0	 904.75
794	 4826.5	 938.0
795	 4688.8	 932.8
796	 4691.2	 910.0
797	 3059.25	 1192.5
798	 5079.75	 988.25
799	 3045.4	 1171.4
800	 4501.0	 979.0
801	 2531.2	 674.1
802	 4842.7	 955.1
803	 4938.2	 951.65
804	 4832.6	 936.8
805	 1335.6	 1854.0
806	 2116.25	 1543.5
807	 2163.75	 1543.75
808	 5293.7	 962.5
809	 4603.0	 1214.75
810	 5330.0	 958.25
811	 1377.4	 1841.6
812	 5208.5	 948.1
813	 2803.0	 808.8
814	 2834.7	 838.2
815	 2936.0	 894.5
816	 2877.75	 804.25
817	 2941.7	 827.9
818	 2955.2	 820.6
819	 2954.0	 802.1
820	 2799.35	 789.5
821	 4399.6	 614.8
822	 5036.25	 951.0
823	 2758.2	 741.9
824	 4386.2	 592.8
825	 2336.0	 1583.2
826	 2872.45	 788.25
827	 2375.4	 1580.6
828	 2804.2	 384.55
829	 2889.6	 749.0
830	 4474.8	 636.8
831	 5336.4	 970.0
832	 2877.0	 719.5
833	 2074.75	 910.7
834	 2983.1	 888.5
835	 3195.5	 1183.25
836	 3057.45	 863.95
837	 2068.25	 889.5
838	 3086.0	 864.5
839	 5336.5	 953.75
840	 3234.75	 894.0
841	 3231.5	 903.25
842	 3152.05	 850.0
843	 3177.5	 840.5
844	 2168.8	 1076.8
845	 3236.3	 829.3
846	 3005.4	 764.2
847	 2752.75	 874.25
848	 3094.0	 745.25
849	 3138.6	 765.95
850	 3187.0	 775.4
851	 2085.6	 1520.6
852	 3158.3	 724.9
853	 3979.9	 699.2
854	 2795.9	 692.1
855	 2867.0	 675.0
856	 1049.7	 1823.0
857	 1052.75	 1803.0
858	 4677.65	 608.75
859	 1131.75	 1808.25
860	 2921.25	 637.0
861	 2951.0	 671.0
862	 2983.2	 658.3
863	 2758.7	 629.1
864	 2146.25	 1512.5
865	 2752.0	 599.0
866	 2840.6	 618.8
867	 2820.0	 581.75
868	 2756.3	 568.2
869	 2760.9	 576.8
870	 2791.0	 814.5
871	 2908.3	 596.6
872	 4655.6	 581.6
873	 2927.9	 581.0
874	 2982.0	 580.0
875	 4578.65	 783.05
876	 3050.75	 710.0
877	 3064.4	 712.6
878	 3035.5	 655.3
879	 3046.8	 639.4
880	 3087.65	 678.55
881	 3131.25	 705.75
882	 4631.95	 540.8
883	 3219.0	 640.0
884	 5006.95	 768.1
885	 3117.5	 614.75
886	 2204.4	 975.2
887	 3099.7	 570.4
888	 2275.75	 1503.0
889	 3135.0	 625.2
890	 2351.0	 1339.3
891	 2874.8	 850.4
892	 3143.1	 1122.3
893	 3165.95	 553.9
894	 3156.4	 550.5
895	 3198.5	 578.1
896	 3215.2	 574.3
897	 3209.8	 579.2
898	 3292.5	 882.5
899	 3355.75	 885.5
900	 3257.5	 824.25
901	 3309.75	 812.75
902	 947.25	 1681.5
903	 3395.7	 896.1
904	 2232.4	 1476.5
905	 4889.0	 695.25
906	 3295.9	 812.85
907	 3291.75	 717.5
908	 3287.5	 697.1
909	 1010.5	 1704.0
910	 3359.1	 710.8
911	 3386.0	 799.0
912	 3443.9	 786.3
913	 3512.2	 828.8
914	 3509.25	 776.75
915	 3367.25	 805.0
916	 3186.2	 1085.4
917	 3538.3	 884.6
918	 5106.8	 733.45
919	 2977.6	 836.4
920	 3725.0	 893.2
921	 2403.7	 1571.6
922	 2760.6	 786.4
923	 3676.4	 827.6
924	 3784.15	 835.35
925	 3675.0	 866.15
926	 3562.35	 762.65
927	 3662.1	 756.75
928	 2343.0	 990.0
929	 3702.2	 742.75
930	 3761.5	 738.25
931	 3777.3	 732.65
932	 4116.75	 696.25
933	 3243.3	 683.7
934	 3243.65	 678.75
935	 2786.0	 1031.25
936	 3320.75	 675.75
937	 3299.75	 649.5
938	 4553.7	 1243.85
939	 3486.6	 680.9
940	 3480.8	 675.4
941	 5256.25	 1228.0
942	 3397.2	 646.5
943	 3413.25	 617.75
944	 2876.5	 1076.25
945	 2744.75	 748.0
946	 3266.65	 591.65
947	 3307.25	 591.5
948	 1172.2	 1799.5
949	 3348.9	 562.8
950	 3510.8	 603.5
951	 3446.25	 559.25
952	 3404.75	 552.25
953	 2941.0	 1073.5
954	 3528.0	 657.25
955	 3536.35	 628.05
956	 2861.0	 722.25
957	 1249.6	 1786.6
958	 3159.2	 753.4
959	 3691.4	 662.2
960	 3673.95	 623.85
961	 3719.3	 619.3
962	 3593.75	 602.0
963	 2658.75	 1589.5
964	 2707.65	 1594.85
965	 3523.0	 558.6
966	 3565.5	 571.1
967	 3633.75	 548.35
968	 3703.25	 612.75
969	 3744.4	 603.0
970	 2205.6	 908.2
971	 3686.75	 553.5
972	 2765.5	 529.5
973	 2534.0	 702.5
974	 2872.15	 522.95
975	 2859.25	 505.75
976	 2961.95	 1038.85
977	 1709.3	 1252.2
978	 2995.9	 537.7
979	 2960.1	 505.05
980	 2990.6	 507.2
981	 2924.3	 488.9
982	 2696.1	 1561.25
983	 5122.75	 580.75
984	 2848.25	 457.5
985	 2821.5	 454.75
986	 2774.5	 418.5
987	 2338.7	 945.9
988	 2912.25	 393.5
989	 2911.5	 387.1
990	 2735.25	 474.3
991	 3825.9	 485.8
992	 5295.6	 1196.8
993	 1355.4	 1773.2
994	 3860.5	 525.25
995	 3306.8	 535.0
996	 3290.25	 527.5
997	 3214.0	 500.4
998	 2280.4	 876.9
999	 3281.25	 508.25
1000	 1318.5	 1768.25
1001	 3039.8	 479.9
1002	 3106.55	 462.6
1003	 3034.45	 434.35
1004	 2745.5	 1026.0
1005	 3818.4	 477.6
1006	 3242.1	 460.1
1007	 4183.1	 552.6
1008	 3152.5	 418.25
1009	 3172.25	 414.0
1010	 3288.5	 419.5
1011	 2535.0	 1518.75
1012	 3816.25	 448.25
1013	 2825.6	 365.2
1014	 2305.9	 895.3
1015	 786.7	 1942.0
1016	 2436.25	 710.25
1017	 2971.25	 380.75
1018	 2956.0	 355.7
1019	 3080.7	 371.15
1020	 3030.8	 317.8
1021	 3115.2	 365.6
1022	 3189.0	 359.0
1023	 1777.75	 862.0
1024	 3115.0	 307.4
1025	 3204.5	 332.9
1026	 3249.35	 372.35
1027	 3292.75	 362.0
1028	 3114.0	 799.6
1029	 3253.0	 319.75
1030	 2921.0	 943.0
1031	 1249.8	 1714.0
1032	 2611.4	 1505.2
1033	 3195.75	 293.5
1034	 3149.0	 248.5
1035	 1820.8	 1638.8
1036	 2689.5	 1516.7
1037	 2405.3	 1211.35
1038	 3228.25	 235.0
1039	 3319.0	 204.0
1040	 3405.0	 521.3
1041	 3397.75	 511.0
1042	 3445.25	 513.2
1043	 3335.1	 478.75
1044	 3938.2	 482.2
1045	 3489.9	 539.0
1046	 3475.2	 521.6
1047	 3507.7	 540.3
1048	 3522.3	 504.15
1049	 3360.2	 415.55
1050	 3396.35	 425.9
1051	 3327.4	 371.2
1052	 3406.4	 381.0
1053	 3436.8	 366.5
1054	 2704.65	 1492.1
1055	 3506.8	 372.7
1056	 3577.2	 519.6
1057	 3615.0	 524.05
1058	 3834.5	 1087.75
1059	 2619.1	 724.3
1060	 2721.8	 1476.6
1061	 3697.5	 494.75
1062	 3763.3	 508.75
1063	 3642.4	 375.7
1064	 3661.25	 374.0
1065	 3690.75	 420.1
1066	 3789.4	 407.8
1067	 3697.5	 362.75
1068	 3759.3	 360.1
1069	 3026.5	 728.25
1070	 3910.6	 444.3
1071	 3423.1	 326.3
1072	 3357.3	 317.9
1073	 3390.8	 312.6
1074	 4085.95	 1129.55
1075	 3525.25	 335.5
1076	 3561.4	 337.0
1077	 3336.3	 267.1
1078	 380.7	 1644.5
1079	 3386.0	 195.2
1080	 2608.8	 1268.6
1081	 3321.6	 210.7
1082	 3528.5	 245.0
1083	 3124.9	 1049.5
1084	 3183.25	 780.25
1085	 3565.0	 237.5
1086	 419.8	 1629.9
1087	 3577.75	 171.5
1088	 471.8	 1625.2
1089	 439.75	 1625.25
1090	 3600.1	 320.2
1091	 3627.6	 327.3
1092	 3180.2	 1049.2
1093	 3203.9	 791.25
1094	 371.8	 1587.0
1095	 2701.8	 651.6
1096	 3761.75	 309.5
1097	 2389.15	 1162.45
1098	 3221.2	 767.6
1099	 3795.6	 294.8
1100	 3772.6	 287.2
1101	 3660.6	 250.0
1102	 3581.85	 177.8
1103	 3573.5	 166.25
1104	 3608.95	 170.1
1105	 3661.25	 173.0
1106	 3715.8	 194.2
1107	 475.4	 1604.4
1108	 3707.4	 171.0
1109	 3774.3	 162.4
1110	 3164.75	 721.25
1111	 2735.7	 865.7
1112	 3837.05	 895.1
1113	 3847.5	 895.0
1114	 3819.75	 873.25
1115	 3886.3	 879.7
1116	 3872.3	 876.4
1117	 3825.75	 846.75
1118	 3972.25	 435.5
1119	 2997.2	 976.6
1120	 3852.1	 796.3
1121	 2993.25	 941.75
1122	 2435.6	 1150.2
1123	 2226.9	 1396.55
1124	 4049.5	 798.3
1125	 4012.75	 1055.75
1126	 4057.2	 782.5
1127	 3084.7	 986.2
1128	 4122.75	 901.25
1129	 2479.5	 561.0
1130	 4087.1	 835.5
1131	 4141.4	 851.7
1132	 4169.1	 850.9
1133	 4173.5	 837.7
1134	 4257.1	 890.2
1135	 3229.75	 469.5
1136	 3011.0	 934.4
1137	 2983.2	 912.8
1138	 2807.6	 649.8
1139	 4257.8	 823.8
1140	 4207.7	 809.2
1141	 4329.9	 830.95
1142	 4277.0	 809.1
1143	 4206.4	 790.7
1144	 4235.7	 765.4
1145	 3825.0	 725.5
1146	 3855.25	 724.65
1147	 3809.5	 656.0
1148	 3863.75	 653.75
1149	 3097.9	 965.2
1150	 4022.5	 703.0
1151	 362.9	 1549.8
1152	 4084.2	 620.4
1153	 3830.9	 613.2
1154	 4291.95	 1103.8
1155	 3827.0	 548.75
1156	 3731.0	 391.0
1157	 3975.5	 577.0
1158	 4038.8	 589.2
1159	 4001.2	 592.6
1160	 4018.0	 582.0
1161	 4031.4	 473.1
1162	 4006.4	 559.1
1163	 3972.7	 540.9
1164	 4081.0	 565.25
1165	 4927.65	 929.95
1166	 4041.5	 491.4
1167	 2910.9	 682.7
1168	 4168.0	 695.5
1169	 4190.65	 693.3
1170	 3148.95	 931.3
1171	 3145.4	 929.6
1172	 2494.9	 498.9
1173	 4160.2	 617.7
1174	 4160.7	 544.9
1175	 2609.0	 1302.0
1176	 4113.6	 454.0
1177	 4352.5	 607.1
1178	 4382.5	 599.7
1179	 4277.0	 552.0
1180	 4320.0	 564.5
1181	 4388.2	 847.6
1182	 1518.8	 1038.4
1183	 4544.65	 859.75
1184	 4704.3	 901.5
1185	 4162.55	 504.0
1186	 2574.0	 1213.25
1187	 3208.75	 1215.05
1188	 4659.0	 870.5
1189	 4672.5	 859.0
1190	 4436.4	 846.1
1191	 4416.75	 832.75
1192	 3298.7	 1227.95
1193	 3212.8	 1188.35
1194	 4665.4	 832.6
1195	 575.5	 1561.75
1196	 4592.8	 798.0
1197	 4627.6	 794.7
1198	 3316.75	 1199.0
1199	 4779.75	 897.25
1200	 5064.0	 852.5
1201	 4757.1	 855.4
1202	 4219.6	 464.6
1203	 2845.75	 615.25
1204	 1384.2	 1731.0
1205	 4229.75	 1019.75
1206	 5181.15	 882.75
1207	 2686.0	 1282.0
1208	 2454.75	 1449.5
1209	 4938.75	 777.0
1210	 4972.0	 793.5
1211	 3237.75	 447.05
1212	 3372.0	 1202.0
1213	 5175.5	 808.5
1214	 5027.0	 825.0
1215	 2557.8	 1430.8
1216	 579.95	 1493.9
1217	 4443.9	 750.5
1218	 4391.9	 693.05
1219	 4467.0	 699.0
1220	 4540.25	 701.75
1221	 660.4	 1649.6
1222	 4671.1	 716.1
1223	 4801.25	 734.75
1224	 2724.25	 540.75
1225	 4711.35	 711.75
1226	 4468.4	 584.2
1227	 4478.9	 541.4
1228	 4499.0	 634.9
1229	 3774.25	 991.25
1230	 4628.9	 548.25
1231	 2920.8	 548.6
1232	 4855.5	 744.0
1233	 2620.4	 1419.4
1234	 5155.25	 744.25
1235	 5166.75	 740.0
1236	 2604.25	 1409.75
1237	 2647.5	 1416.5
1238	 5103.3	 864.25
1239	 2696.2	 1203.7
1240	 5030.25	 545.75
1241	 5070.75	 584.5
1242	 2687.25	 1394.5
1243	 5105.4	 634.3
1244	 4985.75	 802.5
1245	 3823.4	 480.9
1246	 3918.2	 518.6
1247	 2723.5	 1199.0
1248	 3833.75	 459.5
1249	 3866.0	 462.75
1250	 3869.2	 456.6
1251	 3918.25	 448.8
1252	 3959.75	 531.0
1253	 3970.5	 484.0
1254	 3981.2	 475.2
1255	 3859.75	 409.75
1256	 3859.25	 401.0
1257	 3813.2	 349.0
1258	 3935.0	 434.25
1259	 3932.5	 405.75
1260	 2694.6	 1105.0
1261	 856.9	 1589.35
1262	 3913.5	 396.75
1263	 3964.4	 400.0
1264	 613.4	 1577.8
1265	 4025.0	 501.8
1266	 4082.25	 534.75
1267	 641.8	 1565.0
1268	 4100.2	 495.0
1269	 3097.2	 653.0
1270	 1844.55	 1816.25
1271	 4214.35	 503.65
1272	 3450.25	 1133.0
1273	 4201.3	 473.1
1274	 2504.5	 1352.0
1275	 3122.2	 713.2
1276	 4079.3	 424.7
1277	 4094.2	 374.8
1278	 3732.6	 925.7
1279	 4185.0	 413.25
1280	 4197.9	 413.0
1281	 3390.2	 1077.4
1282	 2365.5	 1030.5
1283	 2576.6	 1371.2
1284	 3849.0	 342.25
1285	 3852.7	 315.5
1286	 3894.9	 327.95
1287	 3887.9	 922.7
1288	 3841.2	 246.8
1289	 3119.2	 670.4
1290	 3120.6	 665.7
1291	 2660.15	 1380.6
1292	 3407.8	 1117.0
1293	 3807.5	 278.25
1294	 3964.35	 268.9
1295	 3821.4	 237.05
1296	 3821.05	 183.8
1297	 2378.95	 1020.3
1298	 3491.5	 1189.75
1299	 2391.9	 1003.05
1300	 3925.0	 215.3
1301	 656.25	 1502.0
1302	 3878.4	 286.6
1303	 3993.4	 211.1
1304	 3977.5	 164.5
1305	 4067.7	 329.7
1306	 1310.25	 999.0
1307	 2412.6	 999.0
1308	 4065.2	 284.0
1309	 4127.75	 282.0
1310	 4200.9	 313.7
1311	 736.75	 1541.5
1312	 3482.5	 1155.0
1313	 4050.0	 198.5
1314	 4057.0	 215.4
1315	 4057.4	 174.8
1316	 2717.0	 1353.0
1317	 1426.5	 1330.2
1318	 4143.3	 189.4
1319	 4241.25	 525.7
1320	 4235.25	 501.75
1321	 4268.0	 469.25
1322	 4239.2	 437.4
1323	 4300.6	 437.4
1324	 4300.8	 430.2
1325	 3912.2	 297.2
1326	 4345.5	 509.0
1327	 4340.2	 500.1
1328	 4591.25	 710.7
1329	 4264.0	 413.1
1330	 4288.0	 409.75
1331	 4236.3	 317.3
1332	 4363.75	 430.5
1333	 832.5	 1505.25
1334	 4377.8	 399.6
1335	 4390.4	 321.1
1336	 3182.2	 621.5
1337	 4472.8	 521.3
1338	 4466.9	 514.55
1339	 613.4	 1486.2
1340	 490.2	 1282.2
1341	 4479.0	 493.6
1342	 3588.8	 1171.2
1343	 4492.75	 459.25
1344	 4508.5	 467.15
1345	 4811.5	 508.0
1346	 3656.25	 1150.25
1347	 2426.75	 976.0
1348	 4451.25	 427.0
1349	 2818.5	 1412.45
1350	 4502.0	 338.8
1351	 4505.4	 326.1
1352	 4550.6	 331.8
1353	 2411.3	 909.3
1354	 740.8	 1319.0
1355	 2394.8	 872.4
1356	 4292.6	 288.4
1357	 537.25	 1464.25
1358	 743.2	 1303.25
1359	 4424.75	 302.5
1360	 4362.25	 296.25
1361	 4368.7	 278.2
1362	 4407.75	 253.25
1363	 4294.0	 189.5
1364	 584.2	 1480.8
1365	 4426.0	 222.0
1366	 3993.75	 221.75
1367	 601.95	 1469.35
1368	 4515.8	 302.4
1369	 4504.55	 293.5
1370	 3272.0	 858.75
1371	 4541.75	 262.25
1372	 4598.55	 270.5
1373	 4568.4	 257.4
1374	 572.25	 1460.75
1375	 4627.0	 250.9
1376	 3307.6	 838.6
1377	 4642.8	 252.4
1378	 4127.75	 912.5
1379	 4705.5	 242.0
1380	 4637.5	 249.25
1381	 4788.1	 252.25
1382	 2502.3	 890.4
1383	 4248.6	 912.9
1384	 4579.25	 215.25
1385	 2514.1	 877.1
1386	 4490.75	 172.25
1387	 4516.25	 180.0
1388	 4656.0	 218.8
1389	 3713.5	 1131.25
1390	 4756.8	 221.3
1391	 506.5	 1222.25
1392	 3412.0	 850.5
1393	 660.3	 1270.3
1394	 3632.0	 1080.75
1395	 3711.5	 1091.5
1396	 512.2	 1387.5
1397	 2603.75	 1038.25
1398	 2997.25	 1451.75
1399	 4044.75	 239.25
1400	 3232.0	 1051.75
1401	 514.75	 1350.25
1402	 3325.95	 763.8
1403	 4080.6	 232.8
1404	 3277.2	 721.8
1405	 719.6	 1232.6
1406	 4885.25	 750.5
1407	 738.8	 1475.4
1408	 3364.4	 1059.6
1409	 879.95	 1318.7
1410	 907.75	 1316.25
1411	 3346.0	 1031.0
1412	 816.0	 1297.4
1413	 657.7	 1410.4
1414	 2735.9	 1003.3
1415	 4807.7	 1126.9
1416	 5094.9	 769.4
1417	 746.2	 1459.2
1418	 2538.0	 914.2
1419	 2795.6	 1339.2
1420	 911.0	 1282.8
1421	 982.7	 1326.9
1422	 3236.0	 970.5
1423	 3214.0	 953.0
1424	 3459.1	 714.0
1425	 2609.8	 902.0
1426	 784.25	 1425.75
1427	 3548.7	 888.5
1428	 3534.75	 886.75
1429	 2634.25	 917.25
1430	 3296.0	 960.0
1431	 4107.1	 818.8
1432	 4627.1	 1029.8
1433	 531.4	 1529.7
1434	 613.9	 1382.5
1435	 2686.6	 911.2
1436	 3303.8	 922.4
1437	 1174.75	 1276.25
1438	 606.0	 1356.1
1439	 3667.6	 826.3
1440	 4760.95	 1060.25
1441	 4091.1	 766.9
1442	 881.8	 1250.6
1443	 901.95	 1252.5
1444	 4817.4	 1057.05
1445	 1002.25	 1254.75
1446	 3398.0	 965.75
1447	 812.5	 1232.5
1448	 2023.8	 834.8
1449	 3709.95	 849.25
1450	 2639.2	 779.4
1451	 989.9	 1232.6
1452	 1193.75	 1326.75
1453	 5039.0	 585.0
1454	 1034.5	 1265.4
1455	 633.3	 1552.1
1456	 1919.9	 1365.25
1457	 853.5	 1367.5
1458	 1825.0	 1250.5
1459	 3910.3	 301.0
1460	 610.8	 1487.2
1461	 810.9	 1349.9
1462	 3662.0	 818.0
1463	 3595.6	 1036.6
1464	 1116.2	 1240.2
1465	 866.8	 1624.8
1466	 3552.4	 693.8
1467	 1138.4	 1228.0
1468	 947.6	 1646.8
1469	 3605.25	 704.5
1470	 4014.25	 1367.25
1471	 2140.6	 787.2
1472	 3640.75	 1056.0
1473	 2994.5	 1599.5
1474	 864.8	 1591.2
1475	 1996.7	 774.9
1476	 4715.0	 1269.0
1477	 1978.1	 701.1
1478	 3714.6	 694.0
1479	 1952.4	 690.2
1480	 646.4	 1186.6
1481	 5188.25	 799.05
1482	 2824.0	 1209.0
1483	 3509.0	 955.0
1484	 4308.9	 426.6
1485	 4303.25	 385.75
1486	 4249.8	 358.7
1487	 833.25	 1206.25
1488	 2075.5	 719.25
1489	 969.2	 1566.4
1490	 2132.8	 710.6
1491	 3685.4	 962.2
1492	 4383.55	 353.95
1493	 4345.25	 325.0
1494	 611.25	 1133.5
1495	 3409.6	 665.6
1496	 936.0	 1493.0
1497	 3668.5	 913.0
1498	 3676.5	 913.0
1499	 4033.3	 531.6
1500	 1004.6	 1538.4
1501	 4035.0	 1309.0
1502	 1083.75	 1551.25
1503	 4038.8	 490.8
1504	 3056.5	 1286.25
1505	 3482.25	 628.0
1506	 2348.25	 851.75
1507	 2320.5	 857.5
1508	 750.75	 1122.0
1509	 4502.0	 483.5
1510	 875.6	 1145.0
1511	 2402.5	 838.5
1512	 3313.0	 593.75
1513	 4814.75	 494.25
1514	 1836.6	 1171.0
1515	 1145.75	 1644.0
1516	 3303.2	 578.2
1517	 4177.05	 455.3
1518	 2233.5	 773.5
1519	 821.75	 1099.0
1520	 4024.25	 428.05
1521	 3393.2	 555.2
1522	 4454.0	 415.2
1523	 4111.5	 434.75
1524	 2244.5	 769.5
1525	 4506.4	 350.4
1526	 3842.0	 1371.0
1527	 1260.8	 1603.8
1528	 3420.25	 578.25
1529	 1303.75	 1650.25
1530	 3736.25	 1309.0
1531	 1013.9	 1196.3
1532	 1018.4	 1185.2
1533	 4531.0	 946.75
1534	 2218.6	 690.1
1535	 3439.75	 559.5
1536	 4585.8	 317.4
1537	 4176.1	 438.2
1538	 3841.8	 1280.2
1539	 1344.05	 1590.2
1540	 2358.6	 770.8
1541	 3062.2	 1578.0
1542	 3964.25	 1351.75
1543	 4284.8	 300.4
1544	 3900.75	 1275.75
1545	 3275.75	 1438.0
1546	 721.6	 1362.6
1547	 4308.9	 307.4
1548	 1151.6	 1179.4
1549	 4319.3	 274.0
1550	 4032.0	 1274.0
1551	 3695.9	 662.2
1552	 1357.75	 1556.15
1553	 2421.7	 978.6
1554	 4165.5	 1357.0
1555	 5116.5	 991.6
1556	 3265.4	 667.9
1557	 1338.6	 1490.8
1558	 5051.75	 971.0
1559	 899.6	 1105.0
1560	 932.4	 988.1
1561	 944.8	 1097.1
1562	 2118.2	 643.2
1563	 4996.6	 972.3
1564	 4765.05	 1186.95
1565	 867.5	 1421.75
1566	 4429.25	 1338.25
1567	 3963.4	 849.6
1568	 4483.0	 1327.4
1569	 4528.0	 1329.75
1570	 1079.0	 1119.0
1571	 2164.2	 602.9
1572	 3153.2	 333.8
1573	 1058.4	 1446.4
1574	 3967.75	 195.5
1575	 5036.6	 956.4
1576	 5324.9	 961.45
1577	 3792.8	 612.0
1578	 1119.25	 1105.5
1579	 1152.25	 1090.0
1580	 881.6	 1389.2
1581	 2076.0	 556.0
1582	 3466.25	 1419.75
1583	 1263.25	 1323.5
1584	 2340.25	 558.5
1585	 2754.75	 522.15
1586	 2240.75	 677.45
1587	 3771.8	 1247.85
1588	 2293.8	 676.6
1589	 4492.1	 281.5
1590	 2278.4	 642.6
1591	 2296.5	 656.5
1592	 996.8	 1378.2
1593	 3707.25	 296.0
1594	 3966.75	 1255.5
1595	 3776.75	 1231.25
1596	 4626.2	 260.0
1597	 1491.0	 1304.4
1598	 2603.5	 625.5
1599	 1006.4	 1350.8
1600	 4729.5	 1312.0
1601	 2331.25	 664.75
1602	 2919.25	 483.5
1603	 4845.0	 276.0
1604	 4698.0	 248.2
1605	 4725.0	 245.0
1606	 4786.25	 257.5
1607	 1248.6	 1471.6
1608	 4073.4	 1246.2
1609	 2776.75	 778.5
1610	 1130.0	 919.0
1611	 4161.8	 1244.2
1612	 1370.75	 1287.25
1613	 1204.25	 1264.75
1614	 2829.75	 756.75
1615	 4489.65	 192.3
1616	 1289.1	 1480.4
1617	 1275.6	 1470.4
1618	 2755.6	 1420.2
1619	 2779.75	 422.75
1620	 5294.3	 970.6
1621	 2774.25	 415.0
1622	 2845.95	 418.6
1623	 3994.5	 1205.0
1624	 1313.2	 1222.6
1625	 2900.8	 747.0
1626	 1318.4	 1454.3
1627	 1266.3	 1489.7
1628	 5321.6	 971.5
1629	 4761.0	 215.0
1630	 2918.9	 407.15
1631	 1410.8	 1212.2
1632	 2950.25	 401.0
1633	 2445.5	 845.5
1634	 654.7	 1976.2
1635	 624.9	 1932.1
1636	 3070.25	 498.75
1637	 575.75	 1898.0
1638	 2428.5	 804.0
1639	 4061.75	 1180.5
1640	 650.5	 1952.1
1641	 703.2	 1953.8
1642	 512.0	 1858.75
1643	 475.4	 1829.6
1644	 538.5	 1823.75
1645	 551.6	 1823.2
1646	 610.0	 1853.6
1647	 674.95	 1863.5
1648	 3225.6	 536.5
1649	 1316.6	 1369.2
1650	 4147.6	 1168.6
1651	 772.85	 2003.7
1652	 750.1	 2001.7
1653	 3230.25	 539.75
1654	 1247.6	 1355.6
1655	 778.75	 1969.0
1656	 756.2	 1954.8
1657	 3268.25	 329.25
1658	 4259.8	 1257.4
1659	 831.4	 1997.2
1660	 746.0	 1872.2
1661	 760.25	 1884.5
1662	 4226.2	 1243.2
1663	 4256.0	 1239.75
1664	 810.1	 1831.7
1665	 4288.0	 1252.0
1666	 839.5	 1892.5
1667	 867.6	 1886.2
1668	 867.2	 1844.1
1669	 493.25	 1805.75
1670	 465.8	 1773.0
1671	 2538.1	 810.1
1672	 554.8	 1781.7
1673	 484.0	 1744.75
1674	 545.25	 1769.0
1675	 877.6	 1393.5
1676	 628.0	 1779.0
1677	 628.05	 1785.8
1678	 640.25	 1738.25
1679	 437.5	 1736.4
1680	 510.75	 1709.5
1681	 445.55	 1678.8
1682	 411.4	 1673.0
1683	 594.75	 1725.5
1684	 541.1	 1709.5
1685	 603.75	 1723.5
1686	 655.0	 1735.0
1687	 653.4	 1698.5
1688	 4396.2	 1213.6
1689	 551.25	 1696.25
1690	 3073.0	 474.5
1691	 622.05	 1666.6
1692	 612.2	 1670.0
1693	 787.15	 1808.2
1694	 788.0	 1811.5
1695	 2516.0	 744.1
1696	 742.3	 1753.4
1697	 798.3	 1813.0
1698	 875.6	 1814.7
1699	 893.6	 1805.4
1700	 815.35	 1753.85
1701	 826.3	 1753.95
1702	 698.45	 1714.65
1703	 713.7	 1699.35
1704	 754.0	 1731.75
1705	 4486.9	 517.7
1706	 677.75	 1665.75
1707	 3107.8	 455.2
1708	 758.5	 1663.75
1709	 835.0	 1732.75
1710	 834.3	 1706.9
1711	 804.95	 1666.8
1712	 965.75	 1962.25
1713	 972.1	 1949.4
1714	 967.1	 1987.3
1715	 4543.25	 1215.75
1716	 1122.3	 1986.5
1717	 1039.1	 1949.9
1718	 1041.9	 1929.0
1719	 1078.0	 1934.6
1720	 969.4	 1894.0
1721	 1028.0	 1879.75
1722	 943.25	 1841.0
1723	 3069.8	 391.4
1724	 4278.4	 1204.4
1725	 1096.85	 1864.8
1726	 1108.2	 1856.4
1727	 1178.8	 2031.2
1728	 1164.8	 1981.2
1729	 3180.75	 454.75
1730	 1228.35	 1970.9
1731	 1160.0	 1946.5
1732	 1242.9	 1975.9
1733	 3246.0	 459.5
1734	 1275.35	 1921.75
1735	 1320.6	 1957.7
1736	 1527.2	 1884.8
1737	 1171.8	 1907.6
1738	 1218.75	 1906.75
1739	 1253.5	 1889.5
1740	 4211.65	 1176.7
1741	 1221.25	 1832.5
1742	 1309.25	 1900.25
1743	 1358.0	 1885.7
1744	 1027.8	 1812.3
1745	 986.25	 1789.75
1746	 2832.7	 675.6
1747	 913.3	 1771.4
1748	 973.0	 1779.2
1749	 1009.8	 1783.4
1750	 1046.75	 1818.0
1751	 1061.0	 1756.25
1752	 969.4	 1712.8
1753	 917.8	 1713.6
1754	 980.0	 1697.25
1755	 2542.4	 662.0
1756	 1119.65	 1732.05
1757	 2820.0	 359.0
1758	 1213.6	 1830.5
1759	 2907.6	 382.6
1760	 1307.0	 1818.25
1761	 1254.95	 1763.85
1762	 1293.0	 1755.75
1763	 1352.8	 1761.4
1764	 1178.75	 1705.5
1765	 4524.2	 1183.6
1766	 1281.0	 1690.8
1767	 1359.4	 1735.4
1768	 1308.25	 1681.5
1769	 1140.25	 1784.25
1770	 391.7	 1644.6
1771	 435.1	 1622.6
1772	 2979.5	 385.5
1773	 390.5	 1592.2
1774	 509.1	 1652.8
1775	 484.0	 1620.25
1776	 539.0	 1649.0
1777	 582.0	 1619.5
1778	 1694.25	 886.75
1779	 416.0	 1554.0
1780	 378.8	 1533.6
1781	 398.0	 1530.4
1782	 451.75	 1560.8
1783	 581.5	 1558.5
1784	 512.3	 1568.15
1785	 1401.0	 1198.25
1786	 519.5	 1506.25
1787	 4558.0	 1174.0
1788	 4520.8	 1159.1
1789	 563.0	 1521.4
1790	 570.0	 1522.75
1791	 1419.95	 1183.85
1792	 2956.5	 347.5
1793	 613.1	 1614.35
1794	 852.0	 1655.5
1795	 826.6	 1640.6
1796	 750.3	 1578.9
1797	 1512.8	 1198.8
1798	 3049.0	 351.75
1799	 617.5	 1523.5
1800	 603.75	 1512.25
1801	 1555.2	 1811.8
1802	 669.0	 1525.25
1803	 790.75	 1556.5
1804	 3077.5	 341.25
1805	 2885.0	 1205.2
1806	 2693.25	 825.5
1807	 1412.5	 1157.0
1808	 1630.5	 1924.0
1809	 428.9	 1476.5
1810	 474.1	 1462.95
1811	 403.1	 1440.0
1812	 559.5	 1477.25
1813	 539.5	 1467.0
1814	 571.9	 1466.4
1815	 437.1	 1380.6
1816	 1502.9	 1157.5
1817	 443.5	 1361.5
1818	 483.4	 1384.2
1819	 566.85	 1399.2
1820	 2875.1	 567.5
1821	 2654.0	 755.75
1822	 692.75	 1471.0
1823	 687.75	 1468.25
1824	 734.3	 1461.6
1825	 3090.25	 272.75
1826	 779.4	 1458.9
1827	 748.6	 1429.4
1828	 3136.0	 377.0
1829	 2651.9	 873.4
1830	 814.25	 1415.75
1831	 816.5	 1409.4
1832	 1349.5	 1138.75
1833	 610.75	 1362.0
1834	 628.7	 1342.2
1835	 638.8	 1344.9
1836	 1224.0	 1102.1
1837	 1243.0	 1112.0
1838	 659.7	 1333.1
1839	 1747.3	 918.9
1840	 850.2	 1387.2
1841	 2612.5	 729.5
1842	 769.9	 1353.4
1843	 821.0	 1324.0
1844	 2925.0	 552.7
1845	 953.0	 1641.9
1846	 1792.4	 929.6
1847	 988.0	 1578.5
1848	 858.5	 1593.5
1849	 1050.25	 1645.0
1850	 1003.4	 1644.6
1851	 1693.1	 1140.25
1852	 972.9	 1576.0
1853	 914.7	 1530.8
1854	 882.5	 1531.75
1855	 927.0	 1523.5
1856	 1041.0	 1573.0
1857	 1040.75	 1498.5
1858	 1099.2	 1525.4
1859	 1091.25	 1483.75
1860	 3244.4	 386.2
1861	 4668.9	 1325.3
1862	 1272.1	 1613.35
1863	 1172.6	 1594.2
1864	 1196.9	 1589.1
1865	 1264.75	 1655.5
1866	 1316.6	 1632.4
1867	 1345.4	 1658.2
1868	 1370.55	 1649.6
1869	 4877.5	 1323.0
1870	 1521.4	 1133.2
1871	 1324.6	 1598.3
1872	 4834.9	 1315.95
1873	 1127.2	 1566.5
1874	 1161.25	 1570.25
1875	 1615.6	 1857.4
1876	 1257.75	 1545.0
1877	 1271.1	 1520.8
1878	 1591.5	 1833.75
1879	 2647.8	 715.4
1880	 1337.0	 1547.8
1881	 1458.5	 1095.0
1882	 1311.25	 1516.5
1883	 935.1	 1471.4
1884	 941.0	 1472.0
1885	 913.2	 1422.5
1886	 942.75	 1432.5
1887	 969.5	 1425.25
1888	 970.4	 1407.9
1889	 1008.7	 1428.4
1890	 1016.6	 1412.8
1891	 1698.25	 1838.25
1892	 1052.2	 1415.7
1893	 1055.5	 1441.4
1894	 3252.6	 314.6
1895	 942.5	 1376.75
1896	 916.4	 1386.6
1897	 891.1	 1348.8
1898	 1098.75	 1383.5
1899	 984.5	 1365.4
1900	 990.6	 1354.0
1901	 1723.1	 1180.6
1902	 4269.75	 256.45
1903	 1148.1	 1457.9
1904	 5084.4	 1311.2
1905	 1180.0	 1460.0
1906	 2683.9	 654.35
1907	 3310.25	 325.0
1908	 1275.95	 1474.05
1909	 1323.4	 1485.95
1910	 4987.6	 1293.2
1911	 2703.0	 655.25
1912	 1371.7	 1395.7
1913	 1150.5	 1344.0
1914	 1204.5	 1332.6
1915	 1240.75	 1381.0
1916	 1213.2	 1375.7
1917	 1250.7	 1364.1
1918	 1299.0	 1348.0
1919	 1300.0	 1333.2
1920	 1423.9	 1942.3
1921	 1441.5	 1892.5
1922	 1488.8	 1929.4
1923	 2991.35	 595.95
1924	 3064.75	 1191.0
1925	 1486.25	 1894.25
1926	 1576.35	 1917.65
1927	 1829.6	 1193.8
1928	 3144.5	 239.75
1929	 1392.5	 1881.25
1930	 1461.05	 1852.55
1931	 1516.35	 1830.45
1932	 1453.25	 1787.6
1933	 1553.0	 1832.2
1934	 5161.8	 1375.2
1935	 2407.0	 544.5
1936	 3199.6	 228.0
1937	 1623.95	 1913.9
1938	 1682.6	 1892.65
1939	 3226.3	 539.95
1940	 5177.75	 1346.75
1941	 1387.75	 1759.75
1942	 1640.2	 1804.6
1943	 1659.1	 1820.5
1944	 2513.5	 595.5
1945	 1738.75	 1819.0
1946	 1800.9	 1862.25
1947	 1797.25	 1824.25
1948	 1724.15	 1801.95
1949	 1702.65	 1800.55
1950	 1816.3	 1781.7
1951	 5260.25	 1402.0
1952	 3226.0	 227.0
1953	 5282.8	 1401.8
1954	 5295.8	 1399.4
1955	 1399.75	 1714.25
1956	 1416.8	 1719.0
1957	 1474.4	 1722.8
1958	 5326.0	 1384.5
1959	 1488.2	 1698.8
1960	 1550.4	 1717.3
1961	 1573.75	 1691.0
1962	 3287.25	 206.5
1963	 1436.0	 1653.75
1964	 1441.6	 1682.8
1965	 1480.6	 1683.6
1966	 1382.2	 1592.0
1967	 3323.75	 199.25
1968	 5341.25	 1365.0
1969	 1599.4	 1630.6
1970	 1626.75	 1744.8
1971	 1694.2	 1772.5
1972	 1684.95	 1721.5
1973	 1601.8	 1744.3
1974	 1750.0	 1753.6
1975	 1453.8	 1723.0
1976	 1478.4	 1729.4
1977	 1830.15	 1684.7
1978	 4284.0	 692.0
1979	 2492.9	 488.4
1980	 1656.75	 1612.0
1981	 1662.6	 1601.4
1982	 1603.25	 1647.5
1983	 1799.7	 1685.7
1984	 1748.0	 1610.5
1985	 1759.5	 1610.75
1986	 1816.0	 1624.75
1987	 1724.6	 1649.4
1988	 2515.25	 496.75
1989	 3329.0	 472.5
1990	 1865.85	 1819.3
1991	 1876.0	 1839.75
1992	 1509.75	 1731.75
1993	 2036.05	 1840.3
1994	 1884.0	 1783.75
1995	 1829.9	 1755.2
1996	 1894.6	 1778.4
1997	 2567.4	 492.2
1998	 3434.25	 464.0
1999	 1900.2	 1717.1
2000	 1923.15	 1753.9
2001	 1974.7	 1776.9
2002	 1982.1	 1799.4
2003	 2583.6	 462.8
2004	 1614.5	 1843.5
2005	 1540.75	 1715.25
2006	 1551.25	 1721.25
2007	 1987.25	 1699.5
2008	 4332.5	 693.0
2009	 5340.25	 1332.75
2010	 2124.8	 1762.5
2011	 5354.5	 1332.0
2012	 5300.25	 1309.0
2013	 2082.25	 1728.25
2014	 2112.75	 1724.5
2015	 2113.5	 1731.5
2016	 1417.9	 1648.0
2017	 2257.0	 1725.5
2018	 4814.5	 1000.0
2019	 3506.5	 486.0
2020	 3469.25	 473.0
2021	 1992.9	 1685.6
2022	 786.75	 1045.75
2023	 1901.0	 1664.5
2024	 3532.6	 494.6
2025	 2085.5	 1684.25
2026	 2167.3	 1684.2
2027	 2153.1	 1679.0
2028	 2206.1	 1654.9
2029	 2241.75	 1663.5
2030	 1875.65	 1627.85
2031	 1991.5	 1637.25
2032	 1968.75	 1638.5
2033	 999.0	 1046.75
2034	 2203.3	 1625.4
2035	 2200.4	 1620.0
2036	 2059.25	 1607.55
2037	 2382.25	 1693.5
2038	 2311.4	 1654.75
2039	 2362.0	 1663.5
2040	 2523.6	 909.1
2041	 3391.3	 703.4
2042	 4682.6	 1224.4
2043	 2280.0	 1626.2
2044	 3325.25	 376.5
2045	 2341.6	 1617.1
2046	 2341.05	 1600.9
2047	 2396.75	 1615.05
2048	 2374.8	 1608.0
2049	 3330.35	 368.25
2050	 2662.8	 1641.2
2051	 2574.5	 1617.75
2052	 2591.5	 1604.5
2053	 3406.25	 384.75
2054	 4768.2	 1233.4
2055	 1463.0	 1782.0
2056	 1499.25	 1583.75
2057	 2678.4	 539.4
2058	 1383.5	 1543.5
2059	 1532.05	 1553.95
2060	 1549.3	 1551.4
2061	 1654.3	 1555.9
2062	 1699.5	 1554.25
2063	 1699.3	 1549.0
2064	 2716.6	 521.6
2065	 1530.1	 1510.4
2066	 1529.75	 1505.5
2067	 1693.9	 993.5
2068	 1430.5	 1470.5
2069	 1482.5	 1488.75
2070	 1490.9	 1475.2
2071	 1675.75	 1772.5
2072	 1577.15	 1528.6
2073	 1689.5	 1510.0
2074	 1636.75	 1504.75
2075	 1642.5	 1484.3
2076	 1766.1	 1580.6
2077	 1777.0	 1577.0
2078	 1702.4	 1763.0
2079	 1847.0	 1592.2
2080	 1745.0	 1534.5
2081	 3522.5	 400.75
2082	 1872.7	 1566.45
2083	 1940.0	 1580.75
2084	 1908.0	 1551.0
2085	 1980.3	 1561.0
2086	 1608.25	 1690.75
2087	 4758.25	 1200.75
2088	 1745.1	 1506.9
2089	 1629.0	 1704.0
2090	 1800.3	 1497.2
2091	 1775.9	 1488.2
2092	 1986.25	 1500.5
2093	 899.8	 1021.0
2094	 2015.75	 1483.25
2095	 1429.0	 1445.0
2096	 1429.0	 1439.4
2097	 4639.2	 1169.2
2098	 1478.0	 1448.75
2099	 1553.65	 1460.75
2100	 1587.25	 1441.25
2101	 1711.75	 1463.5
2102	 1637.3	 1439.4
2103	 1547.4	 1420.8
2104	 1544.0	 1453.9
2105	 1403.5	 1377.5
2106	 934.0	 994.0
2107	 1456.25	 1365.25
2108	 971.75	 991.75
2109	 3576.25	 508.0
2110	 1469.85	 1357.65
2111	 3619.9	 517.1
2112	 1748.25	 1746.5
2113	 1592.4	 1383.3
2114	 1734.8	 1365.2
2115	 1774.5	 1464.75
2116	 1868.7	 1441.5
2117	 1751.3	 1420.2
2118	 1860.5	 1425.0
2119	 1863.0	 1400.25
2120	 1929.2	 1420.65
2121	 1945.5	 1399.25
2122	 1826.0	 1343.5
2123	 1938.15	 1385.2
2124	 2002.0	 1364.9
2125	 1894.8	 1343.7
2126	 2733.4	 416.0
2127	 4769.2	 1185.4
2128	 2155.75	 1586.25
2129	 2116.1	 1538.8
2130	 2950.65	 897.8
2131	 5041.5	 1353.5
2132	 3722.25	 532.5
2133	 2333.75	 1590.25
2134	 2370.75	 1595.75
2135	 1426.5	 1594.75
2136	 2240.5	 1555.65
2137	 2269.3	 1554.45
2138	 2055.75	 1497.75
2139	 2126.2	 1519.3
2140	 2142.0	 1518.9
2141	 2066.0	 1473.3
2142	 2757.75	 671.2
2143	 2331.2	 1532.2
2144	 2241.8	 1473.8
2145	 2449.2	 1590.8
2146	 2645.25	 824.0
2147	 2586.7	 1579.5
2148	 2649.3	 1591.3
2149	 2600.4	 1565.0
2150	 2703.25	 1568.0
2151	 2636.9	 1567.0
2152	 2434.0	 1511.0
2153	 1526.25	 1622.0
2154	 2537.0	 1478.2
2155	 2708.4	 1511.5
2156	 2708.05	 1496.45
2157	 2651.75	 1456.75
2158	 5123.25	 1268.25
2159	 2132.35	 1229.45
2160	 2169.9	 1424.4
2161	 4940.0	 1356.0
2162	 2183.7	 1413.1
2163	 2245.75	 1448.25
2164	 2244.8	 1438.4
2165	 2323.25	 1452.5
2166	 2085.9	 1361.7
2167	 2130.9	 1377.05
2168	 2194.2	 1375.0
2169	 1301.75	 1071.25
2170	 2085.0	 1354.25
2171	 2143.5	 1363.75
2172	 2185.5	 1345.25
2173	 2232.6	 1361.7
2174	 2262.75	 1371.25
2175	 2293.75	 1341.25
2176	 2344.25	 1351.0
2177	 2393.7	 1354.9
2178	 1293.4	 1041.0
2179	 3603.0	 370.7
2180	 2505.0	 1405.6
2181	 2553.65	 1411.25
2182	 1311.8	 1038.8
2183	 1332.1	 1038.9
2184	 1745.0	 1661.5
2185	 2605.0	 1412.25
2186	 2572.8	 1405.0
2187	 2523.8	 1390.3
2188	 2411.4	 1340.4
2189	 2459.6	 1337.1
2190	 1424.65	 1081.2
2191	 2626.25	 1359.65
2192	 2685.75	 1391.75
2193	 2642.2	 1340.7
2194	 2689.2	 1351.2
2195	 2699.5	 1347.2
2196	 3690.9	 443.2
2197	 545.5	 1316.45
2198	 532.65	 1313.55
2199	 483.5	 1273.5
2200	 581.5	 1285.1
2201	 2827.0	 1551.75
2202	 3007.0	 971.9
2203	 706.5	 1326.75
2204	 779.7	 1326.2
2205	 739.8	 1306.8
2206	 775.5	 1276.3
2207	 531.5	 1253.25
2208	 607.4	 1246.1
2209	 628.5	 1217.75
2210	 704.85	 1269.25
2211	 713.0	 1267.25
2212	 694.5	 1250.75
2213	 765.1	 1253.3
2214	 666.8	 1243.6
2215	 647.25	 1216.5
2216	 722.0	 1233.2
2217	 903.4	 1322.5
2218	 1803.6	 1617.0
2219	 848.6	 1275.8
2220	 899.5	 1292.75
2221	 874.9	 1282.8
2222	 1024.55	 1310.4
2223	 3707.0	 385.0
2224	 1170.7	 1277.5
2225	 1120.4	 1277.3
2226	 835.6	 1258.4
2227	 884.6	 1253.15
2228	 1016.4	 1246.0
2229	 808.5	 1225.2
2230	 5319.0	 1213.4
2231	 1081.7	 1267.15
2232	 2816.5	 1495.1
2233	 5031.0	 1200.4
2234	 3134.6	 976.8
2235	 1157.5	 1259.0
2236	 1077.1	 1232.3
2237	 3432.9	 627.95
2238	 1615.75	 1618.5
2239	 3109.0	 1050.5
2240	 598.1	 1188.7
2241	 611.8	 1164.2
2242	 686.6	 1206.0
2243	 706.0	 1182.0
2244	 785.8	 1197.2
2245	 792.25	 1162.75
2246	 3390.6	 355.4
2247	 643.0	 1132.5
2248	 699.5	 1127.75
2249	 3286.3	 613.5
2250	 833.8	 1158.5
2251	 758.3	 1112.35
2252	 750.0	 1085.5
2253	 1839.2	 1818.8
2254	 887.0	 1196.75
2255	 968.3	 1183.4
2256	 1011.2	 1190.0
2257	 1290.0	 986.0
2258	 929.25	 1165.25
2259	 915.4	 1162.8
2260	 989.7	 1157.6
2261	 985.5	 1166.4
2262	 1056.1	 1211.0
2263	 1105.5	 1216.1
2264	 1111.6	 1197.7
2265	 1137.0	 1195.95
2266	 1908.8	 1794.4
2267	 5091.2	 1171.4
2268	 1072.1	 1165.9
2269	 1096.75	 1161.5
2270	 2893.05	 1531.2
2271	 917.75	 1128.25
2272	 977.4	 1144.6
2273	 899.1	 1108.5
2274	 946.25	 1099.75
2275	 967.25	 1106.0
2276	 1019.9	 1103.8
2277	 1030.5	 1138.6
2278	 1109.6	 1155.4
2279	 3394.0	 288.0
2280	 1111.0	 1096.25
2281	 1111.0	 1104.25
2282	 879.25	 1192.0
2283	 5155.25	 1180.75
2284	 1336.25	 1309.75
2285	 1238.2	 1293.8
2286	 1313.2	 1279.4
2287	 1499.5	 1291.75
2288	 1400.6	 1284.4
2289	 1385.8	 1276.0
2290	 1529.6	 1287.7
2291	 1452.25	 1274.25
2292	 1543.0	 1030.75
2293	 1294.5	 1266.5
2294	 2870.0	 1438.0
2295	 1353.1	 1234.7
2296	 1447.75	 1263.5
2297	 1353.1	 1201.3
2298	 1453.25	 1215.75
2299	 1549.0	 1014.2
2300	 1399.1	 1205.1
2301	 5349.2	 1202.4
2302	 1608.45	 1320.85
2303	 1648.75	 1315.4
2304	 1540.5	 1294.8
2305	 2028.1	 1830.1
2306	 1720.75	 1286.25
2307	 3476.25	 303.75
2308	 1503.75	 989.75
2309	 1576.0	 1252.8
2310	 1540.75	 1258.5
2311	 1578.0	 1223.25
2312	 2956.0	 1608.75
2313	 1660.6	 1219.65
2314	 5343.0	 1168.75
2315	 3557.1	 297.8
2316	 1863.5	 1819.5
2317	 1895.25	 1233.0
2318	 1346.6	 1187.65
2319	 1229.25	 1179.0
2320	 1225.4	 1165.8
2321	 1318.8	 1177.0
2322	 1362.8	 1165.2
2323	 1411.0	 1159.7
2324	 1515.0	 1164.5
2325	 1563.0	 1171.75
2326	 1520.4	 1161.4
2327	 1300.8	 1124.7
2328	 1237.0	 1101.9
2329	 3347.9	 1119.9
2330	 1338.4	 1094.6
2331	 1382.2	 1103.2
2332	 1189.0	 1135.4
2333	 1455.2	 1141.5
2334	 1870.4	 1716.1
2335	 3383.2	 1132.0
2336	 1512.0	 1097.75
2337	 1686.05	 1150.9
2338	 1658.05	 1164.15
2339	 3353.4	 188.2
2340	 1580.05	 1127.45
2341	 1718.8	 1106.4
2342	 3572.7	 622.3
2343	 1890.5	 1112.0
2344	 1806.8	 1088.8
2345	 3876.2	 1110.8
2346	 1924.5	 1101.25
2347	 1932.65	 1099.9
2348	 880.25	 1077.0
2349	 985.75	 1081.25
2350	 1054.8	 1081.6
2351	 1060.1	 1072.5
2352	 1177.6	 1077.3
2353	 1024.45	 1058.2
2354	 854.0	 1029.0
2355	 3115.55	 1555.5
2356	 951.8	 1036.4
2357	 890.6	 1007.6
2358	 1957.5	 1719.25
2359	 962.75	 976.0
2360	 1113.0	 992.0
2361	 1151.5	 1002.3
2362	 1248.8	 1073.8
2363	 1299.5	 1068.7
2364	 3552.5	 1211.25
2365	 1238.4	 1057.8
2366	 3149.25	 1546.5
2367	 1296.05	 1043.8
2368	 1340.0	 1036.75
2369	 1408.5	 1063.4
2370	 1431.0	 1034.25
2371	 1443.25	 1042.75
2372	 1517.25	 1027.75
2373	 1252.4	 1030.7
2374	 1286.25	 1005.0
2375	 1346.6	 1004.0
2376	 3906.3	 1105.0
2377	 1539.5	 1023.25
2378	 1428.0	 1027.8
2379	 1446.4	 995.9
2380	 2955.9	 1465.5
2381	 2965.25	 1479.5
2382	 4511.75	 862.35
2383	 4012.6	 1100.6
2384	 1100.9	 937.3
2385	 4035.6	 1098.8
2386	 1239.75	 952.75
2387	 3990.25	 1083.5
2388	 1325.0	 922.5
2389	 2944.4	 1440.8
2390	 1438.5	 906.5
2391	 1345.4	 844.5
2392	 1395.25	 863.0
2393	 1335.25	 877.25
2394	 1494.0	 956.45
2395	 1453.4	 964.1
2396	 1520.8	 895.6
2397	 1557.1	 903.6
2398	 1390.5	 825.0
2399	 3755.3	 608.9
2400	 1457.3	 789.45
2401	 1497.25	 837.5
2402	 3673.8	 315.8
2403	 3684.35	 1196.95
2404	 1564.0	 1082.75
2405	 1609.5	 1047.8
2406	 1591.9	 999.9
2407	 1693.25	 1031.75
2408	 3774.0	 1051.0
2409	 1666.75	 974.25
2410	 1700.25	 1021.95
2411	 1623.2	 926.7
2412	 1655.7	 907.7
2413	 1663.9	 912.2
2414	 3675.75	 283.25
2415	 1375.0	 870.25
2416	 1692.9	 897.4
2417	 1753.75	 1063.0
2418	 1747.75	 982.25
2419	 1792.8	 986.2
2420	 1398.9	 865.2
2421	 2075.05	 1741.0
2422	 1440.75	 863.5
2423	 3697.2	 317.7
2424	 1848.15	 910.55
2425	 1866.7	 920.2
2426	 1933.75	 960.0
2427	 1854.4	 868.9
2428	 1922.8	 905.8
2429	 1936.8	 897.9
2430	 1893.0	 860.75
2431	 1605.6	 854.5
2432	 1635.0	 851.8
2433	 1568.7	 775.9
2434	 1492.8	 937.8
2435	 2814.6	 1368.0
2436	 1754.2	 805.7
2437	 1665.5	 726.75
2438	 2840.6	 1352.8
2439	 2786.8	 1342.8
2440	 1750.8	 738.5
2441	 2184.4	 1711.6
2442	 1776.75	 808.5
2443	 1853.3	 794.9
2444	 3773.8	 283.4
2445	 1850.75	 860.0
2446	 2732.75	 421.0
2447	 1870.75	 728.5
2448	 1941.4	 778.0
2449	 1897.6	 776.4
2450	 2818.0	 1319.8
2451	 3644.4	 203.6
2452	 1849.8	 671.0
2453	 1865.1	 727.2
2454	 1931.1	 714.9
2455	 2895.75	 1357.3
2456	 1939.25	 607.85
2457	 1954.05	 1323.95
2458	 1954.0	 1282.4
2459	 1969.3	 1267.5
2460	 3612.4	 161.5
2461	 2132.25	 1309.0
2462	 2120.9	 1279.7
2463	 1456.0	 784.2
2464	 1991.0	 1198.0
2465	 1434.5	 768.5
2466	 2614.2	 555.6
2467	 2030.3	 1107.0
2468	 2076.8	 1178.65
2469	 2068.6	 1115.8
2470	 1502.8	 830.4
2471	 3705.8	 199.6
2472	 2200.3	 1308.1
2473	 2200.0	 1257.0
2474	 2274.8	 1267.9
2475	 2274.1	 1232.6
2476	 3779.6	 208.25
2477	 2161.2	 1128.6
2478	 2173.1	 1134.4
2479	 2247.6	 1110.25
2480	 2351.1	 1206.4
2481	 2808.7	 1304.2
2482	 2825.0	 1308.0
2483	 1962.6	 1057.2
2484	 2859.1	 1192.75
2485	 3062.2	 502.25
2486	 1978.6	 998.1
2487	 2029.25	 1031.75
2488	 2029.1	 1021.9
2489	 3132.9	 482.1
2490	 2130.25	 999.25
2491	 1983.7	 969.8
2492	 2041.0	 953.1
2493	 2028.25	 942.0
2494	 1945.9	 870.3
2495	 3001.0	 538.8
2496	 2159.5	 944.5
2497	 2104.5	 936.5
2498	 2074.3	 892.85
2499	 3448.5	 247.25
2500	 2205.8	 1047.4
2501	 2230.5	 1033.25
2502	 2185.8	 1027.0
2503	 2166.0	 979.0
2504	 1649.75	 1026.25
2505	 2242.75	 994.5
2506	 2267.6	 1052.6
2507	 2309.25	 988.25
2508	 2161.75	 936.75
2509	 2219.0	 963.0
2510	 2214.2	 946.8
2511	 2222.35	 939.05
2512	 2163.4	 904.9
2513	 4214.3	 1060.3
2514	 4803.5	 288.75
2515	 2290.2	 934.7
