0	 431.6	 2393.4
1	 4513.0	 475.75
2	 4515.1	 464.9
3	 4553.8	 460.4
4	 4637.25	 528.4
5	 2026.0	 2211.0
6	 457.8	 2421.2
7	 591.3	 1593.7
8	 4955.9	 1456.2
9	 4202.5	 433.25
10	 4167.1	 344.3
11	 4229.4	 371.8
12	 2906.4	 569.2
13	 2613.15	 1832.35
14	 4249.0	 443.0
15	 349.7	 2347.5
16	 381.5	 2349.1
17	 4282.5	 350.5
18	 4244.7	 370.4
19	 4331.0	 352.2
20	 3006.6	 552.0
21	 3017.75	 550.0
22	 4153.1	 280.9
23	 4961.8	 1440.4
24	 4193.5	 277.4
25	 2013.7	 2188.7
26	 4158.35	 262.0
27	 4152.75	 273.5
28	 4246.0	 415.4
29	 4237.2	 287.4
30	 4251.55	 299.5
31	 4284.6	 448.2
32	 4245.3	 241.9
33	 4289.5	 253.75
34	 4359.75	 448.75
35	 1421.85	 1022.8
36	 1489.25	 1039.5
37	 4435.6	 438.2
38	 4483.7	 442.4
39	 4404.0	 393.5
40	 4399.1	 410.1
41	 3014.8	 525.4
42	 4515.6	 400.7
43	 4584.1	 397.3
44	 4650.2	 480.5
45	 4866.8	 1354.0
46	 4371.2	 371.9
47	 4836.3	 1347.7
48	 4303.4	 357.6
49	 4394.8	 369.8
50	 3088.8	 741.6
51	 4341.5	 285.5
52	 4340.75	 299.0
53	 4376.25	 280.0
54	 4924.5	 1365.5
55	 4527.0	 381.6
56	 4450.6	 363.3
57	 4592.45	 382.8
58	 4534.6	 364.9
59	 4460.0	 335.5
60	 3259.15	 988.3
61	 4140.5	 278.25
62	 4154.8	 291.9
63	 3220.2	 561.55
64	 3061.75	 533.75
65	 330.8	 2318.8
66	 2623.2	 1696.0
67	 3301.2	 794.45
68	 2042.6	 2149.6
69	 2052.0	 2155.0
70	 5011.25	 1406.75
71	 3041.7	 528.2
72	 364.0	 2318.25
73	 365.75	 2309.25
74	 5037.5	 1380.5
75	 808.5	 1460.6
76	 3218.4	 521.8
77	 331.0	 2252.5
78	 1844.0	 2166.2
79	 3244.5	 743.4
80	 1644.7	 1398.1
81	 5024.25	 1370.5
82	 512.9	 2297.0
83	 2673.8	 1679.2
84	 1653.4	 1296.4
85	 1821.4	 2069.2
86	 4328.6	 934.7
87	 3114.8	 680.8
88	 3101.75	 692.5
89	 4309.0	 349.6
90	 4287.6	 264.6
91	 2935.9	 495.2
92	 1980.5	 2114.25
93	 1593.2	 1273.8
94	 975.25	 1547.25
95	 2976.5	 487.75
96	 3017.1	 504.3
97	 1626.6	 2366.2
98	 2980.25	 498.75
99	 1552.4	 1238.0
100	 1558.6	 1235.2
101	 4464.25	 1318.25
102	 4185.25	 282.25
103	 1574.0	 1190.75
104	 1993.6	 2083.4
105	 4437.0	 444.0
106	 4427.25	 1298.5
107	 528.05	 1890.05
108	 4403.0	 412.5
109	 2697.0	 464.2
110	 1648.7	 2046.5
111	 4508.0	 1293.25
112	 1845.6	 2064.4
113	 4537.25	 1277.25
114	 1768.25	 1945.25
115	 2780.4	 441.2
116	 2796.25	 444.0
117	 1672.0	 1269.5
118	 671.25	 2341.5
119	 4148.2	 1274.0
120	 1732.0	 2010.8
121	 2860.5	 1772.5
122	 4260.6	 1266.1
123	 399.0	 1763.25
124	 1668.25	 1207.8
125	 2874.75	 406.75
126	 1698.9	 1224.3
127	 1862.8	 2048.55
128	 1807.5	 1105.0
129	 695.1	 2345.35
130	 2788.1	 1724.2
131	 4773.0	 783.0
132	 2767.45	 1700.1
133	 4315.75	 1253.0
134	 1942.5	 2039.7
135	 1892.6	 2029.2
136	 4488.0	 431.0
137	 2845.0	 1446.0
138	 1249.75	 1698.25
139	 4351.9	 1243.1
140	 4342.75	 430.75
141	 2995.7	 378.2
142	 1741.5	 1320.0
143	 660.0	 2270.8
144	 2857.6	 1694.6
145	 1451.5	 1521.1
146	 3445.6	 685.0
147	 1304.5	 1662.5
148	 4649.5	 1330.25
149	 703.5	 2256.6
150	 2855.3	 1652.5
151	 2887.6	 1684.8
152	 4368.2	 272.4
153	 755.25	 2323.25
154	 4724.25	 1312.75
155	 813.75	 2322.25
156	 810.25	 2328.5
157	 2559.9	 1621.35
158	 765.75	 2267.0
159	 2608.25	 1605.25
160	 3156.1	 468.1
161	 3155.7	 467.1
162	 1484.75	 1668.0
163	 4602.75	 419.4
164	 3174.2	 468.0
165	 297.0	 2207.5
166	 2107.65	 2054.7
167	 2077.25	 2044.5
168	 2560.6	 640.0
169	 4339.0	 337.2
170	 1052.25	 2239.5
171	 2598.7	 1534.7
172	 2104.9	 2031.6
173	 3181.0	 455.0
174	 441.2	 2380.0
175	 4407.8	 355.9
176	 482.15	 2371.4
177	 337.0	 2180.6
178	 2064.85	 2017.5
179	 367.2	 2190.6
180	 2353.75	 1005.5
181	 546.15	 2394.15
182	 2640.75	 1582.05
183	 580.5	 2373.5
184	 344.6	 2319.0
185	 349.85	 2305.15
186	 362.7	 2313.4
187	 458.2	 2285.2
188	 3120.5	 328.0
189	 359.9	 2259.0
190	 2180.05	 2006.95
191	 511.0	 2295.25
192	 468.25	 2234.5
193	 1830.9	 1234.0
194	 1792.2	 1213.4
195	 1794.1	 1210.3
196	 553.7	 2277.4
197	 499.25	 2233.0
198	 2037.8	 1558.8
199	 474.25	 2279.75
200	 1872.1	 1951.6
201	 628.55	 2504.8
202	 2753.55	 642.65
203	 643.75	 2497.5
204	 1859.55	 1208.35
205	 637.9	 2394.0
206	 824.7	 2500.9
207	 2625.0	 1556.0
208	 736.3	 2372.4
209	 3220.0	 357.0
210	 646.15	 2317.25
211	 612.5	 2329.75
212	 672.5	 2331.5
213	 677.65	 2325.6
214	 625.3	 2285.5
215	 2755.2	 595.1
216	 684.1	 2252.7
217	 695.7	 2258.2
218	 2367.25	 2009.25
219	 3250.0	 1614.0
220	 810.1	 2323.8
221	 4657.5	 1239.5
222	 801.1	 2299.7
223	 762.7	 2270.7
224	 732.25	 2257.0
225	 3203.5	 307.75
226	 2556.0	 1470.25
227	 328.75	 2218.0
228	 407.6	 2228.1
229	 2573.3	 572.8
230	 302.1	 2200.1
231	 338.75	 2185.55
232	 263.2	 2143.5
233	 4688.25	 1256.0
234	 1287.0	 1975.75
235	 3270.25	 635.4
236	 1429.25	 2000.75
237	 1458.3	 1582.5
238	 285.9	 2134.2
239	 397.2	 2127.4
240	 4880.75	 1275.25
241	 1505.5	 1572.75
242	 499.0	 2161.7
243	 494.25	 2168.0
244	 440.6	 2127.2
245	 495.9	 2109.6
246	 3327.25	 629.25
247	 581.2	 2206.9
248	 638.2	 2205.3
249	 611.65	 2193.35
250	 733.3	 2228.2
251	 303.0	 2099.0
252	 2605.75	 1375.0
253	 340.5	 2105.5
254	 767.3	 2186.8
255	 800.9	 2199.3
256	 2671.6	 1485.2
257	 681.6	 2162.4
258	 677.5	 2155.0
259	 575.75	 2122.6
260	 1599.0	 1669.4
261	 1675.5	 1131.25
262	 707.5	 2137.8
263	 2505.0	 1068.3
264	 712.25	 2104.75
265	 1704.4	 1151.2
266	 874.75	 2553.5
267	 878.5	 2519.0
268	 4199.75	 312.25
269	 3398.95	 645.35
270	 926.25	 2425.75
271	 944.0	 2501.75
272	 1007.9	 2490.6
273	 995.5	 2456.8
274	 951.5	 2455.0
275	 1001.2	 2422.2
276	 1052.25	 2436.5
277	 834.6	 2371.8
278	 3347.0	 540.6
279	 855.25	 2362.75
280	 3388.8	 553.9
281	 2676.0	 1370.0
282	 3476.25	 1210.25
283	 916.95	 2354.0
284	 968.0	 2401.75
285	 965.0	 2393.0
286	 1026.4	 2391.3
287	 3499.0	 1230.5
288	 949.7	 2344.65
289	 3415.85	 544.3
290	 476.75	 2108.0
291	 2713.0	 1504.2
292	 2748.55	 1624.2
293	 1057.0	 2427.75
294	 1083.5	 2429.5
295	 567.5	 2240.9
296	 1217.9	 2490.9
297	 1137.6	 2450.4
298	 3278.5	 493.25
299	 1554.25	 986.25
300	 1236.0	 2431.0
301	 1055.75	 2394.5
302	 1103.5	 2382.75
303	 1104.7	 2372.4
304	 1148.4	 2375.1
305	 1145.5	 2369.25
306	 1143.2	 2336.0
307	 1095.65	 2308.1
308	 2615.2	 1683.0
309	 1170.8	 2404.5
310	 2801.75	 1613.0
311	 1183.4	 2339.6
312	 1159.4	 2320.3
313	 1220.25	 2345.25
314	 683.6	 2246.2
315	 1224.15	 2336.9
316	 847.4	 2280.3
317	 899.5	 2267.5
318	 911.35	 2276.95
319	 848.7	 2205.0
320	 900.25	 2223.5
321	 836.0	 2264.5
322	 939.75	 2289.75
323	 953.2	 2264.8
324	 2760.9	 1523.3
325	 958.3	 2240.95
326	 998.7	 2226.5
327	 828.05	 2160.95
328	 873.0	 2198.0
329	 861.4	 2136.3
330	 855.35	 2091.05
331	 960.5	 2186.5
332	 1000.75	 2179.75
333	 1005.2	 2158.8
334	 937.5	 2119.5
335	 936.25	 2113.5
336	 2848.0	 1471.5
337	 1045.95	 2311.5
338	 1060.6	 2248.0
339	 1127.0	 2290.5
340	 1109.65	 2246.85
341	 3310.25	 441.5
342	 3596.95	 1166.1
343	 3575.1	 1168.4
344	 1221.25	 2254.0
345	 1160.4	 2210.5
346	 1167.95	 2215.0
347	 1239.8	 2241.2
348	 1053.1	 2187.0
349	 1054.2	 2159.6
350	 1110.25	 2181.5
351	 1042.75	 2145.3
352	 1030.2	 2094.9
353	 1097.2	 2099.3
354	 1431.75	 1890.25
355	 1088.75	 2135.25
356	 1135.6	 2158.0
357	 1205.25	 2190.25
358	 1183.0	 2147.1
359	 1187.3	 2130.9
360	 1455.2	 1874.6
361	 326.05	 2074.2
362	 322.6	 2091.2
363	 297.2	 2039.5
364	 1533.0	 1892.0
365	 1521.0	 1875.0
366	 729.6	 2175.8
367	 365.0	 2085.75
368	 401.0	 2067.75
369	 455.4	 2090.0
370	 1606.0	 1887.0
371	 280.75	 1968.25
372	 3015.2	 547.85
373	 3414.5	 848.5
374	 374.8	 1987.2
375	 452.0	 1953.0
376	 448.75	 1932.0
377	 1745.0	 1007.5
378	 491.2	 2069.2
379	 485.6	 2020.9
380	 3517.45	 644.2
381	 533.5	 2017.75
382	 3152.2	 571.45
383	 1749.6	 1977.5
384	 641.0	 2083.5
385	 649.8	 2072.6
386	 615.3	 2135.1
387	 2767.0	 1389.0
388	 3547.25	 1132.5
389	 625.1	 2005.5
390	 631.35	 2001.45
391	 3568.5	 1255.25
392	 2391.4	 849.7
393	 4476.6	 885.4
394	 3563.4	 647.8
395	 597.75	 1987.25
396	 596.2	 1980.5
397	 541.15	 1952.25
398	 521.5	 1926.0
399	 674.3	 1987.2
400	 696.35	 1977.3
401	 615.05	 1943.55
402	 646.0	 1946.5
403	 703.4	 1948.2
404	 305.5	 1910.4
405	 2550.05	 1109.3
406	 371.25	 1906.5
407	 367.6	 1884.3
408	 354.4	 1878.6
409	 348.8	 1832.7
410	 3483.0	 551.5
411	 434.0	 1863.3
412	 422.25	 1841.25
413	 495.1	 1862.1
414	 510.3	 1864.3
415	 530.3	 1835.9
416	 1845.6	 1106.0
417	 3610.5	 1245.5
418	 3543.5	 565.0
419	 2869.25	 1481.75
420	 446.4	 1819.9
421	 1805.7	 1986.8
422	 464.9	 1759.6
423	 474.4	 1760.0
424	 435.2	 1732.7
425	 504.6	 1732.6
426	 549.25	 1882.3
427	 575.1	 1842.5
428	 2839.0	 1473.8
429	 637.65	 1890.15
430	 721.6	 1878.0
431	 3471.5	 516.5
432	 713.15	 1859.7
433	 561.75	 1771.45
434	 602.5	 1802.25
435	 1737.0	 989.75
436	 2304.5	 687.75
437	 619.0	 1748.0
438	 648.7	 1745.1
439	 649.6	 1781.4
440	 2801.5	 1370.5
441	 709.2	 1776.8
442	 698.7	 1795.45
443	 661.7	 1727.7
444	 4756.75	 570.75
445	 708.35	 1746.2
446	 704.0	 2099.6
447	 3630.0	 578.25
448	 784.75	 2092.5
449	 789.0	 2069.0
450	 799.75	 2005.0
451	 875.0	 2056.7
452	 1801.5	 949.75
453	 994.0	 2088.55
454	 821.9	 2122.95
455	 1750.6	 892.0
456	 1004.2	 2005.5
457	 872.25	 2068.5
458	 813.5	 1994.0
459	 2940.6	 1738.4
460	 893.0	 1965.0
461	 833.25	 1916.5
462	 1742.8	 1906.6
463	 1123.1	 2072.2
464	 1134.45	 2066.7
465	 1067.4	 2047.1
466	 2952.8	 1716.6
467	 1167.5	 2045.75
468	 1148.25	 2008.5
469	 1240.4	 2038.6
470	 1247.8	 2031.2
471	 1038.6	 1987.25
472	 1607.0	 1872.0
473	 1187.2	 1987.9
474	 1189.75	 1961.5
475	 1245.1	 1969.2
476	 1221.5	 1929.0
477	 1217.95	 1901.45
478	 3975.7	 1204.9
479	 806.5	 1857.0
480	 793.15	 1856.25
481	 786.4	 1801.2
482	 3014.55	 1731.0
483	 870.9	 1900.3
484	 890.25	 1845.0
485	 927.2	 1851.9
486	 867.3	 1823.95
487	 952.5	 1809.4
488	 884.0	 2453.0
489	 3548.2	 452.4
490	 767.0	 1748.75
491	 761.5	 1735.5
492	 837.7	 1740.9
493	 3570.0	 524.75
494	 952.1	 1795.3
495	 3022.75	 1702.75
496	 989.75	 1907.5
497	 3771.25	 1252.25
498	 1104.5	 1857.5
499	 1857.5	 847.25
500	 1053.25	 1812.75
501	 3988.5	 1176.1
502	 947.6	 2489.4
503	 1186.6	 1882.8
504	 1232.0	 1890.8
505	 4043.75	 1184.75
506	 1172.25	 1815.25
507	 1910.0	 1691.6
508	 4091.5	 1178.0
509	 993.0	 1779.7
510	 3954.25	 1291.0
511	 1068.75	 1734.75
512	 1031.75	 1714.5
513	 1231.0	 1793.5
514	 1243.5	 1783.75
515	 2943.15	 1604.35
516	 3622.95	 477.25
517	 1813.0	 1863.0
518	 950.25	 2461.75
519	 1294.15	 2484.65
520	 2959.1	 1611.3
521	 1258.15	 2386.85
522	 4587.2	 948.1
523	 1337.8	 2476.6
524	 1902.75	 1868.75
525	 4038.45	 211.9
526	 1397.0	 2373.6
527	 2455.9	 778.4
528	 1282.9	 2336.5
529	 1288.75	 2347.25
530	 1308.5	 2311.25
531	 1283.5	 2291.5
532	 1339.0	 2359.25
533	 1334.7	 2303.9
534	 3669.2	 437.4
535	 1382.75	 2322.5
536	 1334.2	 2275.7
537	 1388.5	 2307.8
538	 1434.0	 2450.75
539	 1486.4	 2433.3
540	 1328.75	 1841.75
541	 1519.1	 2408.5
542	 1535.2	 2415.8
543	 3881.0	 1119.0
544	 1556.0	 2405.25
545	 3855.6	 1097.6
546	 1936.4	 1614.0
547	 1509.0	 2345.0
548	 1628.75	 2378.0
549	 1446.3	 2316.65
550	 1429.5	 2296.5
551	 1490.6	 2300.75
552	 2987.6	 1622.2
553	 3314.75	 408.0
554	 1522.75	 2280.25
555	 1517.75	 2259.75
556	 3154.2	 338.85
557	 1316.5	 1811.75
558	 4552.7	 929.15
559	 1300.5	 1801.7
560	 4079.6	 1162.4
561	 1297.5	 2225.0
562	 1273.8	 2152.0
563	 1259.6	 2133.9
564	 1324.8	 2141.8
565	 1376.0	 1799.0
566	 1387.25	 2200.85
567	 900.7	 2315.6
568	 953.2	 2409.4
569	 1292.6	 2029.8
570	 1989.6	 1638.4
571	 1361.7	 2113.4
572	 1984.8	 1603.6
573	 959.4	 2388.0
574	 1493.5	 2236.25
575	 1540.9	 2231.9
576	 1469.0	 2159.6
577	 1474.3	 2152.3
578	 3394.9	 423.6
579	 3050.4	 1583.4
580	 1574.95	 2229.75
581	 1518.0	 1872.0
582	 1627.75	 2210.5
583	 1571.3	 2165.1
584	 1566.15	 2120.3
585	 1996.25	 1626.75
586	 1599.65	 2116.45
587	 1022.3	 2378.7
588	 1535.1	 2055.4
589	 1579.0	 1856.0
590	 1553.8	 1947.05
591	 1599.4	 2026.8
592	 1615.0	 2041.8
593	 3415.75	 401.2
594	 1876.6	 1544.8
595	 1680.8	 2356.6
596	 1676.2	 1457.3
597	 1716.8	 2339.8
598	 1719.0	 2347.75
599	 1655.75	 2275.5
600	 1218.55	 1619.1
601	 1949.8	 1537.1
602	 1763.75	 2325.5
603	 3107.0	 1604.5
604	 1816.45	 2214.4
605	 3531.6	 1037.6
606	 1806.0	 2178.75
607	 3170.0	 1661.4
608	 1394.8	 1766.6
609	 1054.5	 2443.0
610	 3644.5	 1081.25
611	 3228.25	 294.75
612	 1970.05	 2247.05
613	 1940.5	 2207.75
614	 2031.8	 2219.4
615	 1894.6	 2180.6
616	 1925.5	 2171.5
617	 1840.6	 2161.2
618	 3254.3	 1615.2
619	 2108.25	 2177.25
620	 2042.75	 2157.25
621	 2156.25	 2164.0
622	 2150.5	 2156.7
623	 3642.5	 1065.0
624	 1597.0	 1779.0
625	 1709.75	 2064.5
626	 1856.25	 2108.5
627	 1865.6	 2128.4
628	 1914.0	 2091.2
629	 1850.3	 2069.55
630	 1984.2	 2083.2
631	 1717.5	 2061.0
632	 1977.25	 1489.5
633	 1865.55	 2056.4
634	 1894.25	 2043.5
635	 1160.0	 2417.0
636	 1980.0	 2046.75
637	 2017.75	 2013.25
638	 3396.5	 323.9
639	 2074.0	 2094.0
640	 2590.5	 1951.5
641	 2229.3	 2128.2
642	 2204.25	 2107.25
643	 2228.6	 2112.45
644	 2261.0	 2112.0
645	 2187.75	 2056.7
646	 1666.6	 1827.7
647	 1596.0	 1816.0
648	 3168.25	 1567.75
649	 2078.25	 2023.5
650	 1774.6	 1845.0
651	 2366.25	 2011.0
652	 1681.25	 1820.25
653	 1619.0	 1807.0
654	 1287.25	 1966.25
655	 1366.35	 1979.2
656	 1288.8	 1961.6
657	 1433.3	 1995.7
658	 2090.4	 1634.8
659	 1494.25	 1975.25
660	 1503.75	 2000.5
661	 1554.9	 1974.8
662	 4414.6	 1329.2
663	 1442.0	 1942.7
664	 3461.75	 414.75
665	 1355.8	 1933.4
666	 1299.0	 1879.0
667	 1293.9	 1864.1
668	 1751.75	 1788.75
669	 1398.4	 1897.3
670	 1418.3	 1933.6
671	 1534.45	 1905.1
672	 3362.5	 465.2
673	 1451.2	 1884.0
674	 1672.7	 1986.4
675	 1745.0	 1995.0
676	 1743.2	 1978.6
677	 3432.8	 465.0
678	 1704.75	 1955.7
679	 1720.55	 1953.6
680	 1848.5	 2005.75
681	 1137.7	 2334.1
682	 1427.7	 1684.9
683	 1683.1	 1908.5
684	 3518.2	 326.0
685	 1610.1	 1902.4
686	 1744.5	 1929.5
687	 3635.7	 971.1
688	 1604.0	 1893.0
689	 1703.35	 1874.95
690	 1741.5	 1865.25
691	 1789.9	 1905.1
692	 1886.75	 1825.25
693	 1892.5	 1905.1
694	 1896.6	 1911.2
695	 1195.75	 2405.5
696	 1192.9	 2409.5
697	 1853.9	 1875.3
698	 1869.1	 1881.5
699	 3750.5	 994.75
700	 1364.75	 1835.0
701	 1307.35	 1815.3
702	 1364.3	 1803.6
703	 1501.6	 1853.0
704	 1443.9	 1836.9
705	 1506.5	 1844.4
706	 1575.0	 1857.0
707	 1577.0	 1828.0
708	 1562.4	 1819.6
709	 1431.0	 1770.25
710	 2163.5	 1609.25
711	 3062.7	 1499.2
712	 1587.25	 1767.0
713	 1572.5	 1716.5
714	 1667.8	 1829.5
715	 1669.2	 1847.2
716	 1630.0	 1784.0
717	 1789.75	 1844.75
718	 1803.8	 1827.95
719	 1886.1	 1857.1
720	 1720.5	 1773.0
721	 1852.25	 1826.25
722	 1914.4	 1782.2
723	 1613.0	 1783.0
724	 1632.9	 1777.6
725	 1681.65	 1786.1
726	 1159.5	 2316.4
727	 1712.0	 1719.25
728	 2043.0	 1548.0
729	 1738.25	 1761.5
730	 1738.05	 1743.15
731	 1877.7	 1773.95
732	 3855.4	 1060.5
733	 1763.3	 1736.9
734	 1830.0	 1729.5
735	 1838.9	 1734.6
736	 2052.7	 1985.9
737	 2088.9	 1991.1
738	 1924.0	 1975.5
739	 2108.8	 1570.0
740	 1984.25	 1951.5
741	 2144.7	 1998.1
742	 2974.0	 986.25
743	 2204.8	 1996.2
744	 3133.25	 1459.75
745	 2174.3	 1961.95
746	 2173.0	 1945.9
747	 2241.0	 1956.7
748	 2037.5	 1911.0
749	 4675.0	 1137.25
750	 1941.3	 1893.5
751	 2006.3	 1866.5
752	 4021.5	 1083.0
753	 2925.25	 1431.75
754	 2219.8	 1923.0
755	 847.4	 2214.8
756	 2121.25	 1519.25
757	 2110.95	 1461.35
758	 2945.75	 1412.8
759	 4081.75	 1082.3
760	 2390.5	 1954.5
761	 2273.75	 1933.25
762	 2375.0	 1959.5
763	 2470.75	 2006.75
764	 2530.0	 1978.0
765	 3009.8	 1420.6
766	 1771.6	 1740.2
767	 2907.0	 1550.25
768	 2156.25	 1551.0
769	 2281.4	 1878.2
770	 2329.9	 1873.9
771	 2897.6	 1385.8
772	 2384.2	 1868.6
773	 1036.75	 2442.25
774	 2405.0	 1884.0
775	 989.0	 2293.5
776	 2466.25	 1918.5
777	 4098.25	 1059.25
778	 2647.4	 1686.1
779	 3612.5	 287.5
780	 2427.0	 1872.25
781	 2472.75	 1874.25
782	 4116.0	 1047.5
783	 2069.0	 1840.8
784	 2013.6	 1824.9
785	 2060.7	 1823.1
786	 961.75	 2240.0
787	 2017.75	 1807.05
788	 950.5	 2232.3
789	 1366.0	 1773.8
790	 3062.75	 1427.2
791	 3049.2	 1411.05
792	 1937.25	 1736.25
793	 2007.8	 1728.4
794	 2108.9	 1778.5
795	 2165.6	 1476.2
796	 2185.1	 1771.9
797	 3588.5	 456.75
798	 2041.85	 2002.55
799	 2711.0	 1818.75
800	 2151.4	 1741.5
801	 3024.0	 1394.75
802	 2331.0	 1846.0
803	 838.5	 2195.5
804	 2420.3	 1837.8
805	 2470.0	 1842.5
806	 2478.8	 1833.6
807	 2521.45	 1832.55
808	 1921.5	 1393.0
809	 2302.75	 1789.0
810	 911.25	 2179.0
811	 3113.2	 1377.6
812	 2221.1	 1736.7
813	 2278.0	 1736.75
814	 2300.5	 1727.7
815	 2449.0	 1776.0
816	 2393.75	 1752.75
817	 2516.75	 1777.6
818	 1942.3	 1932.1
819	 2487.4	 1706.65
820	 474.7	 1702.6
821	 3760.0	 961.0
822	 611.8	 1688.2
823	 618.3	 1659.5
824	 3805.8	 938.0
825	 4848.6	 1318.8
826	 774.0	 1691.3
827	 4018.65	 1022.9
828	 802.35	 1669.25
829	 2077.6	 1940.2
830	 565.1	 1646.3
831	 4430.5	 398.0
832	 721.3	 1648.2
833	 793.05	 1628.85
834	 1936.5	 1297.75
835	 659.65	 1883.1
836	 776.0	 1615.0
837	 858.75	 1692.5
838	 913.75	 1678.75
839	 5005.6	 1329.9
840	 1977.5	 1379.5
841	 895.75	 2098.75
842	 1990.2	 1371.4
843	 931.0	 1667.3
844	 3389.5	 416.2
845	 986.0	 1686.5
846	 1071.5	 1666.2
847	 3194.0	 1459.5
848	 2206.65	 1997.1
849	 986.6	 1612.5
850	 1018.0	 1600.8
851	 1028.2	 1606.9
852	 3992.4	 996.8
853	 2949.25	 1545.25
854	 1128.5	 1601.1
855	 997.75	 2181.0
856	 1008.55	 2187.1
857	 682.5	 1527.0
858	 3946.8	 958.0
859	 741.5	 1568.25
860	 765.6	 1476.8
861	 4051.8	 976.75
862	 828.8	 1508.0
863	 858.5	 1501.0
864	 1011.6	 1567.6
865	 1068.5	 1547.5
866	 4193.6	 1216.8
867	 982.5	 2136.5
868	 1084.5	 1588.0
869	 1143.85	 1559.05
870	 2786.25	 1707.75
871	 1148.3	 1529.4
872	 985.1	 1509.8
873	 1020.25	 1502.2
874	 1031.3	 1508.9
875	 978.8	 1450.0
876	 1081.5	 1496.0
877	 1910.5	 1231.5
878	 1298.2	 1695.4
879	 1260.8	 1684.2
880	 1190.8	 1656.3
881	 1078.75	 2267.5
882	 1248.1	 1643.5
883	 3404.4	 1469.05
884	 1318.25	 1658.25
885	 1411.5	 1699.0
886	 1120.25	 2281.0
887	 1941.1	 1864.5
888	 1110.8	 2255.0
889	 1904.8	 1214.0
890	 3213.0	 1434.5
891	 4214.75	 1172.5
892	 1063.9	 2245.6
893	 2010.0	 1861.75
894	 1252.4	 1635.1
895	 1893.25	 1169.75
896	 3695.5	 845.0
897	 1259.4	 1588.3
898	 1295.95	 1591.7
899	 4950.0	 1237.0
900	 1454.6	 1618.9
901	 3723.75	 828.5
902	 4358.25	 1216.25
903	 1116.0	 2205.0
904	 2150.5	 1917.0
905	 4451.6	 1225.4
906	 1719.7	 1683.5
907	 3287.5	 1411.0
908	 3836.5	 891.5
909	 1871.0	 1671.25
910	 1554.5	 1636.5
911	 1979.75	 1234.35
912	 1636.0	 1608.0
913	 3479.6	 1207.0
914	 1664.55	 1585.3
915	 2006.5	 1274.5
916	 1777.4	 1647.8
917	 1170.0	 2222.2
918	 1253.5	 1543.7
919	 1347.7	 1531.9
920	 1497.4	 1527.6
921	 3391.0	 1435.0
922	 1484.75	 1509.25
923	 1265.25	 1482.25
924	 1252.0	 1471.0
925	 2591.0	 1581.2
926	 1348.0	 1464.75
927	 2599.3	 1600.5
928	 2013.25	 1199.25
929	 1340.0	 1444.0
930	 3312.0	 1388.25
931	 1399.9	 1475.9
932	 1448.4	 1470.4
933	 3532.25	 1171.25
934	 1405.75	 1439.25
935	 1524.75	 1455.5
936	 1501.6	 1446.5
937	 2845.5	 414.75
938	 1619.5	 1516.75
939	 3938.0	 846.4
940	 3654.25	 419.5
941	 1755.5	 1541.5
942	 2316.4	 1951.8
943	 3376.0	 1387.25
944	 3961.7	 963.1
945	 1870.5	 1543.6
946	 1383.0	 1155.75
947	 1577.9	 1466.5
948	 1685.75	 1486.4
949	 1699.3	 1489.4
950	 1649.5	 1451.5
951	 1091.2	 2172.0
952	 1621.75	 1434.0
953	 1826.5	 1499.0
954	 3896.0	 863.25
955	 893.5	 1393.5
956	 1020.4	 1420.4
957	 2433.75	 1975.75
958	 2658.9	 1526.85
959	 1137.5	 1417.0
960	 1134.25	 1408.5
961	 4330.4	 1162.2
962	 1151.15	 1374.9
963	 996.15	 1352.95
964	 3980.25	 897.25
965	 1053.8	 1312.4
966	 1071.6	 1329.8
967	 1097.9	 1334.4
968	 4047.5	 929.75
969	 4381.4	 1151.2
970	 2142.4	 1417.6
971	 2558.75	 1467.5
972	 1213.5	 1320.0
973	 2518.9	 1955.75
974	 4045.5	 904.7
975	 1310.1	 1412.2
976	 1356.4	 1411.0
977	 2180.4	 1420.0
978	 1257.85	 1377.2
979	 1347.1	 1372.65
980	 1377.5	 1367.5
981	 1338.8	 1397.8
982	 1404.0	 1408.75
983	 1149.8	 2188.2
984	 1434.4	 1371.8
985	 1469.0	 1373.7
986	 1244.3	 1349.9
987	 1353.4	 1304.4
988	 1368.0	 1302.9
989	 4321.25	 1130.5
990	 1467.1	 1330.9
991	 1479.45	 1334.9
992	 2371.4	 1896.35
993	 4313.25	 1126.25
994	 1424.0	 1318.7
995	 1459.5	 1314.5
996	 1462.1	 1296.2
997	 1166.35	 1276.3
998	 1145.75	 1252.0
999	 1252.4	 1285.15
1000	 4237.5	 944.7
1001	 2271.7	 1858.2
1002	 1800.9	 1865.7
1003	 2180.5	 1285.25
1004	 2566.8	 1370.2
1005	 1297.4	 1145.2
1006	 1316.2	 1252.9
1007	 1579.75	 1322.75
1008	 1384.4	 1198.8
1009	 2781.5	 1343.75
1010	 1378.5	 1192.0
1011	 1440.75	 1262.5
1012	 1488.5	 1285.0
1013	 2723.2	 1313.3
1014	 1517.75	 1248.0
1015	 1421.0	 1193.8
1016	 3681.7	 1387.3
1017	 1525.0	 1208.4
1018	 2395.0	 1917.0
1019	 2706.6	 1298.8
1020	 1360.2	 1178.2
1021	 3170.0	 729.5
1022	 4235.7	 906.4
1023	 240.6	 2072.9
1024	 3868.25	 1108.25
1025	 1508.8	 1162.0
1026	 4132.8	 1103.15
1027	 1561.25	 1387.25
1028	 1588.4	 1424.7
1029	 2047.25	 1219.25
1030	 4572.0	 1183.75
1031	 1544.5	 1338.6
1032	 2068.0	 1226.5
1033	 1617.5	 1314.7
1034	 1688.6	 1379.8
1035	 1704.25	 1300.0
1036	 1556.55	 1290.9
1037	 1581.3	 1248.4
1038	 1571.05	 1252.0
1039	 1557.15	 1237.95
1040	 1573.5	 1195.1
1041	 1599.3	 1213.7
1042	 1661.5	 1293.0
1043	 1640.5	 1230.7
1044	 2676.0	 1245.8
1045	 1686.0	 1194.9
1046	 1696.2	 1178.4
1047	 2610.0	 1273.4
1048	 3443.8	 1058.8
1049	 4058.2	 897.3
1050	 1778.4	 1396.8
1051	 2568.0	 1223.0
1052	 2496.5	 1869.5
1053	 1777.25	 1342.0
1054	 2148.25	 1269.25
1055	 1710.5	 1260.6
1056	 1730.6	 1251.4
1057	 1733.5	 1229.5
1058	 1725.3	 1178.6
1059	 1771.6	 1224.0
1060	 4079.75	 862.5
1061	 1819.5	 1286.35
1062	 1741.4	 1373.8
1063	 2007.6	 1828.8
1064	 2199.85	 1265.5
1065	 1824.3	 1235.1
1066	 2950.3	 1003.85
1067	 1872.8	 1209.0
1068	 1824.0	 1187.7
1069	 1865.6	 1178.2
1070	 395.8	 2074.0
1071	 2148.3	 1200.0
1072	 1605.45	 1110.9
1073	 2706.4	 1238.4
1074	 1629.8	 1095.85
1075	 2051.95	 1822.95
1076	 1670.0	 1144.75
1077	 2144.25	 1172.0
1078	 1642.3	 1080.3
1079	 1728.25	 1058.5
1080	 2212.25	 1204.75
1081	 1714.5	 1061.0
1082	 1731.5	 1131.25
1083	 2751.0	 1519.5
1084	 1599.7	 1023.0
1085	 2177.75	 1178.25
1086	 1676.5	 970.75
1087	 437.3	 2053.4
1088	 1709.7	 1010.9
1089	 5020.25	 1194.75
1090	 338.0	 2046.0
1091	 2693.9	 1213.8
1092	 1745.75	 1158.25
1093	 1766.75	 1401.0
1094	 1628.75	 1210.25
1095	 4585.95	 1168.5
1096	 1776.6	 1075.2
1097	 1813.0	 1112.0
1098	 412.6	 2033.8
1099	 1847.3	 1165.5
1100	 1809.0	 1109.25
1101	 1814.75	 1028.75
1102	 1820.75	 1025.75
1103	 2096.4	 1817.8
1104	 4023.0	 825.0
1105	 4660.4	 1164.8
1106	 2123.25	 1830.25
1107	 989.75	 2366.25
1108	 2293.75	 1660.5
1109	 1761.2	 941.5
1110	 2183.9	 1815.5
1111	 2815.2	 1443.3
1112	 3692.2	 753.4
1113	 319.5	 1987.25
1114	 2876.75	 1357.0
1115	 3747.5	 877.25
1116	 1842.3	 950.9
1117	 1866.5	 940.1
1118	 1872.5	 1536.75
1119	 1816.5	 907.95
1120	 1719.0	 1357.7
1121	 1850.1	 844.3
1122	 1915.0	 1696.0
1123	 1932.5	 1647.5
1124	 1898.7	 1625.3
1125	 1928.0	 1637.0
1126	 1939.5	 1620.25
1127	 2153.6	 1799.8
1128	 2163.1	 1814.05
1129	 2038.0	 1671.75
1130	 1989.3	 1625.2
1131	 1982.25	 1611.75
1132	 2148.25	 1785.0
1133	 1917.3	 1556.5
1134	 3720.0	 716.0
1135	 1927.0	 1459.5
1136	 1912.0	 1466.5
1137	 4671.3	 1127.5
1138	 1995.05	 1567.95
1139	 1973.9	 1510.8
1140	 1996.2	 1523.0
1141	 2000.5	 1539.5
1142	 2017.5	 1534.75
1143	 2036.4	 1553.6
1144	 4703.2	 1155.0
1145	 1970.25	 1760.0
1146	 2893.65	 1290.85
1147	 4740.5	 1147.5
1148	 2382.6	 1707.2
1149	 2107.6	 1687.0
1150	 3880.7	 817.9
1151	 2066.6	 1598.8
1152	 2107.2	 1608.2
1153	 2158.5	 1697.5
1154	 438.8	 1964.0
1155	 2162.75	 1641.5
1156	 2202.5	 1613.5
1157	 2121.5	 1577.25
1158	 1581.5	 1827.45
1159	 2125.5	 1463.5
1160	 2140.75	 1572.25
1161	 2156.3	 1554.5
1162	 2197.7	 1559.2
1163	 2202.8	 1525.5
1164	 2198.5	 1513.5
1165	 3821.9	 869.0
1166	 2141.0	 1507.4
1167	 2137.25	 1446.0
1168	 2366.25	 1628.75
1169	 2203.5	 1430.75
1170	 2964.0	 1321.8
1171	 1997.0	 1733.0
1172	 1885.0	 1388.9
1173	 1923.0	 1386.9
1174	 1888.0	 1305.0
1175	 5018.8	 1151.2
1176	 1944.3	 1330.9
1177	 1948.7	 1347.9
1178	 2234.2	 1576.2
1179	 1977.7	 1365.6
1180	 1988.1	 1352.35
1181	 1964.4	 1320.1
1182	 1982.5	 1303.75
1183	 2017.75	 1345.75
1184	 2005.2	 1317.0
1185	 1888.6	 1287.8
1186	 1888.3	 1267.7
1187	 1943.0	 1250.25
1188	 1874.25	 1220.0
1189	 1826.0	 1263.8
1190	 1907.0	 1226.25
1191	 2004.2	 1268.2
1192	 2024.0	 1248.5
1193	 564.25	 2076.75
1194	 3784.8	 675.0
1195	 2980.75	 1273.5
1196	 2066.0	 1400.5
1197	 2109.25	 1378.5
1198	 1800.0	 1287.6
1199	 2081.6	 1288.9
1200	 2095.5	 1281.8
1201	 2112.25	 1726.75
1202	 2146.75	 1309.25
1203	 2187.5	 1338.0
1204	 1868.6	 1256.55
1205	 2169.25	 1345.75
1206	 2179.5	 1276.9
1207	 2863.2	 1264.8
1208	 2062.0	 1231.25
1209	 2097.0	 1271.0
1210	 4197.5	 1041.8
1211	 573.5	 1999.25
1212	 2190.9	 1726.05
1213	 2320.2	 1576.2
1214	 2118.9	 1207.8
1215	 2151.6	 1273.7
1216	 2145.5	 1209.2
1217	 3832.3	 616.0
1218	 4232.95	 1029.2
1219	 2288.6	 1658.4
1220	 2832.2	 1204.2
1221	 2287.3	 1616.9
1222	 2304.2	 1711.2
1223	 2337.0	 1678.0
1224	 2366.0	 1687.35
1225	 2317.75	 1622.25
1226	 2386.75	 1584.0
1227	 2257.0	 1549.0
1228	 3952.25	 673.0
1229	 2264.45	 1580.8
1230	 628.85	 2018.25
1231	 648.6	 2022.0
1232	 4079.8	 867.2
1233	 2363.4	 1522.8
1234	 2338.0	 1505.5
1235	 2348.65	 1467.05
1236	 2467.4	 1707.2
1237	 2901.9	 1243.2
1238	 2386.3	 1569.0
1239	 2449.5	 1577.9
1240	 2475.5	 1629.5
1241	 2549.5	 1676.0
1242	 2489.3	 1609.2
1243	 2526.2	 1600.4
1244	 2509.3	 1586.95
1245	 4298.4	 1038.9
1246	 2409.1	 1557.4
1247	 2412.2	 1529.5
1248	 2385.5	 1462.75
1249	 2440.6	 1509.2
1250	 498.5	 1973.5
1251	 2486.7	 1522.4
1252	 4019.75	 806.75
1253	 2516.2	 1505.2
1254	 2511.5	 1490.5
1255	 2553.1	 1507.9
1256	 4717.75	 976.25
1257	 2293.0	 1448.5
1258	 2292.4	 1435.6
1259	 4048.0	 784.2
1260	 583.2	 1971.9
1261	 2302.75	 1365.75
1262	 2336.9	 1432.6
1263	 2323.1	 1421.2
1264	 2361.7	 1433.85
1265	 2334.0	 1379.1
1266	 2349.05	 1367.6
1267	 2372.25	 1394.5
1268	 2354.6	 1327.5
1269	 2446.8	 1567.2
1270	 2244.5	 1309.0
1271	 2968.5	 1186.25
1272	 2295.75	 1216.9
1273	 2291.8	 1181.3
1274	 2335.25	 1268.75
1275	 4724.4	 966.4
1276	 2435.25	 1779.0
1277	 2328.95	 1166.6
1278	 2414.2	 1415.55
1279	 2483.9	 1653.7
1280	 2492.1	 1452.9
1281	 2537.2	 1457.35
1282	 2549.25	 1434.25
1283	 2536.75	 1412.5
1284	 2500.8	 1381.1
1285	 2985.0	 1670.25
1286	 2484.75	 1353.75
1287	 2555.8	 1811.8
1288	 4133.2	 806.6
1289	 632.8	 1979.4
1290	 2470.5	 1281.0
1291	 2419.5	 1218.1
1292	 4176.1	 814.0
1293	 2391.7	 1172.5
1294	 2474.2	 1209.1
1295	 2396.5	 1165.55
1296	 4293.25	 988.25
1297	 2489.0	 1295.5
1298	 2543.0	 1294.5
1299	 2548.55	 1272.6
1300	 2485.5	 1220.25
1301	 2495.5	 1192.0
1302	 1261.0	 1727.75
1303	 2521.3	 1188.95
1304	 4346.85	 1012.2
1305	 714.7	 1775.2
1306	 1899.75	 1117.5
1307	 1959.25	 1148.5
1308	 740.75	 1979.75
1309	 1947.4	 1135.5
1310	 4383.1	 1006.4
1311	 4228.75	 793.25
1312	 2055.25	 1119.25
1313	 1983.2	 1071.7
1314	 2041.5	 1063.8
1315	 1900.65	 1036.0
1316	 3288.2	 654.9
1317	 1959.8	 1032.8
1318	 1934.75	 1017.0
1319	 2914.05	 1589.7
1320	 1911.2	 971.6
1321	 3809.15	 759.1
1322	 2025.4	 1017.0
1323	 1998.3	 991.7
1324	 4036.2	 663.4
1325	 2018.25	 960.0
1326	 699.8	 1946.2
1327	 2414.5	 1558.75
1328	 2139.7	 1159.7
1329	 2156.4	 1091.3
1330	 2405.5	 1518.6
1331	 4060.1	 668.3
1332	 2217.9	 1150.85
1333	 725.75	 1945.0
1334	 2184.25	 1088.25
1335	 2197.4	 1070.4
1336	 2240.3	 1096.2
1337	 2230.4	 1062.8
1338	 2086.6	 1029.9
1339	 2345.8	 1722.4
1340	 2131.1	 1041.4
1341	 3938.0	 746.0
1342	 2147.4	 1026.4
1343	 2139.15	 959.95
1344	 2151.1	 957.4
1345	 2248.25	 1026.0
1346	 2426.5	 1465.0
1347	 1751.75	 1153.25
1348	 2175.1	 978.0
1349	 2222.3	 1003.9
1350	 2454.8	 1762.4
1351	 2260.75	 983.0
1352	 4580.5	 1111.5
1353	 1899.5	 917.25
1354	 1947.6	 940.2
1355	 1955.75	 940.25
1356	 1926.6	 912.2
1357	 1915.95	 853.75
1358	 1927.1	 887.3
1359	 302.25	 1861.25
1360	 2042.5	 904.0
1361	 1775.7	 1121.2
1362	 1985.5	 863.75
1363	 4088.5	 625.3
1364	 2639.4	 1026.8
1365	 2021.75	 854.5
1366	 1904.5	 820.25
1367	 4181.5	 689.5
1368	 4206.95	 664.05
1369	 2010.2	 777.1
1370	 2042.5	 830.25
1371	 2031.2	 803.6
1372	 2019.5	 805.0
1373	 2541.7	 1752.6
1374	 419.8	 1892.8
1375	 4629.6	 1071.3
1376	 2112.25	 922.25
1377	 2099.75	 877.5
1378	 2141.45	 856.55
1379	 4691.6	 1086.2
1380	 2211.6	 938.5
1381	 2248.1	 932.5
1382	 2173.0	 847.25
1383	 2236.0	 872.6
1384	 1715.5	 1409.6
1385	 4185.75	 620.5
1386	 2133.0	 760.0
1387	 4841.75	 1106.75
1388	 2168.25	 698.0
1389	 2214.25	 740.5
1390	 3843.6	 293.95
1391	 2247.6	 800.2
1392	 2245.2	 715.9
1393	 2225.5	 698.5
1394	 2252.2	 1160.5
1395	 2290.5	 1053.2
1396	 2335.6	 1020.5
1397	 2357.3	 1145.8
1398	 2377.4	 1158.8
1399	 2397.3	 1086.5
1400	 2365.6	 1042.2
1401	 4363.8	 962.8
1402	 2269.5	 965.5
1403	 2307.4	 958.5
1404	 2331.5	 970.25
1405	 698.1	 1701.8
1406	 2300.4	 894.0
1407	 2335.25	 1007.75
1408	 492.6	 1854.6
1409	 729.25	 1693.0
1410	 2375.6	 959.8
1411	 722.75	 1690.75
1412	 2354.0	 942.6
1413	 2397.4	 900.8
1414	 2428.75	 1122.75
1415	 2460.65	 1134.05
1416	 664.75	 1684.0
1417	 2859.0	 1150.6
1418	 2467.3	 1074.3
1419	 2444.8	 1043.0
1420	 262.0	 1975.8
1421	 4284.4	 889.9
1422	 2522.9	 1107.9
1423	 4539.7	 1003.9
1424	 2521.0	 1048.9
1425	 2418.9	 1013.2
1426	 2441.0	 961.4
1427	 2454.4	 964.9
1428	 2432.0	 887.5
1429	 2478.25	 938.25
1430	 2511.3	 1025.6
1431	 2517.75	 972.25
1432	 2539.0	 1016.0
1433	 2499.5	 924.7
1434	 2521.5	 943.9
1435	 2551.5	 912.5
1436	 2284.4	 875.4
1437	 2330.75	 832.25
1438	 2915.0	 1139.2
1439	 2940.7	 1136.1
1440	 448.0	 1777.6
1441	 2390.0	 882.25
1442	 2363.5	 765.5
1443	 2297.6	 734.3
1444	 2270.0	 706.75
1445	 3877.5	 1028.25
1446	 528.9	 1823.4
1447	 2296.3	 656.0
1448	 4609.0	 988.5
1449	 2366.5	 676.25
1450	 2403.0	 743.5
1451	 4551.4	 972.9
1452	 4404.4	 891.6
1453	 2425.75	 636.25
1454	 2439.1	 821.5
1455	 2465.6	 862.5
1456	 2481.0	 875.75
1457	 2467.5	 832.75
1458	 2437.1	 800.5
1459	 2979.5	 1104.2
1460	 4517.1	 901.7
1461	 2522.5	 827.75
1462	 512.25	 1747.75
1463	 2530.1	 844.7
1464	 4992.6	 1022.8
1465	 598.75	 1603.0
1466	 2504.25	 718.0
1467	 3326.1	 499.8
1468	 709.6	 1626.8
1469	 2802.75	 992.0
1470	 2517.4	 659.25
1471	 2530.8	 705.45
1472	 574.2	 1896.05
1473	 2362.3	 1399.05
1474	 4079.25	 1006.5
1475	 2553.5	 1878.15
1476	 2909.65	 977.05
1477	 2569.5	 1820.75
1478	 2581.7	 1815.1
1479	 627.6	 1905.4
1480	 2960.5	 1052.75
1481	 2662.5	 1838.6
1482	 2992.8	 1081.6
1483	 2591.3	 1735.1
1484	 2586.25	 1766.0
1485	 2599.75	 1786.0
1486	 543.5	 1837.5
1487	 2655.6	 961.4
1488	 2661.8	 967.4
1489	 2636.2	 1741.2
1490	 3350.0	 984.8
1491	 2564.8	 1674.0
1492	 2662.2	 956.8
1493	 2619.8	 1682.2
1494	 2296.5	 1325.5
1495	 2666.95	 1728.15
1496	 2687.25	 1789.6
1497	 2687.4	 1739.0
1498	 2283.75	 1224.25
1499	 2556.2	 912.0
1500	 2235.4	 1215.4
1501	 2725.1	 1886.3
1502	 2661.75	 936.75
1503	 2717.0	 1815.5
1504	 2789.5	 1763.8
1505	 2655.75	 924.0
1506	 2846.0	 1829.7
1507	 1949.05	 2052.05
1508	 2876.5	 1820.0
1509	 2822.8	 1754.8
1510	 2726.1	 944.55
1511	 2735.7	 1725.8
1512	 1975.1	 1685.7
1513	 2726.9	 1691.7
1514	 2763.6	 1646.6
1515	 2778.9	 1645.6
1516	 2836.5	 1742.5
1517	 2819.75	 1692.0
1518	 2883.5	 1722.5
1519	 2370.0	 1314.8
1520	 2821.6	 1686.3
1521	 2814.1	 1661.9
1522	 2885.5	 1654.25
1523	 4457.75	 804.25
1524	 2304.5	 1226.05
1525	 2323.15	 1208.35
1526	 2625.95	 1570.2
1527	 2571.4	 1568.8
1528	 1063.4	 1682.6
1529	 2678.0	 1615.75
1530	 2700.0	 1598.25
1531	 2737.0	 914.0
1532	 2709.0	 1504.1
1533	 2703.75	 1524.0
1534	 328.8	 2221.0
1535	 2562.0	 1465.5
1536	 2587.5	 1493.0
1537	 2764.0	 921.0
1538	 2624.4	 1466.6
1539	 2629.9	 1469.8
1540	 2583.0	 1414.75
1541	 3351.05	 535.05
1542	 2333.25	 1173.0
1543	 3765.0	 1022.75
1544	 4523.2	 958.2
1545	 2685.6	 1452.6
1546	 2660.7	 1429.95
1547	 2687.75	 1473.0
1548	 2905.3	 956.85
1549	 4621.5	 961.75
1550	 2721.25	 1401.0
1551	 974.7	 1641.3
1552	 616.95	 1763.55
1553	 643.5	 1788.25
1554	 2769.8	 1493.0
1555	 866.75	 1605.75
1556	 2857.2	 1606.8
1557	 2883.3	 1621.0
1558	 2875.8	 1573.15
1559	 553.4	 1723.2
1560	 2834.25	 1546.5
1561	 2477.0	 1354.25
1562	 2766.6	 1471.2
1563	 2501.25	 1452.5
1564	 2771.25	 1388.1
1565	 2580.5	 841.25
1566	 3201.9	 1352.9
1567	 2836.7	 1455.0
1568	 610.0	 1734.0
1569	 2809.25	 1412.35
1570	 2843.5	 1377.75
1571	 979.65	 1601.05
1572	 2901.75	 1770.95
1573	 2911.5	 1801.75
1574	 2527.45	 1413.1
1575	 2540.25	 1402.75
1576	 3128.4	 1283.0
1577	 2991.7	 1763.45
1578	 4986.5	 1380.5
1579	 3012.15	 1755.55
1580	 700.8	 1805.4
1581	 3060.8	 1729.7
1582	 1119.7	 1635.05
1583	 2974.5	 1677.5
1584	 3200.6	 1307.8
1585	 2906.3	 1617.9
1586	 2979.0	 1617.7
1587	 2821.5	 893.25
1588	 4988.25	 979.25
1589	 2973.8	 1567.7
1590	 2940.6	 1567.9
1591	 3053.1	 1643.55
1592	 3019.5	 1563.25
1593	 2898.05	 1575.9
1594	 3178.65	 1674.1
1595	 4753.75	 938.0
1596	 2431.95	 1305.95
1597	 3062.2	 1270.5
1598	 4979.6	 911.2
1599	 3079.5	 1583.25
1600	 3166.65	 1610.4
1601	 3214.5	 1585.75
1602	 2468.75	 1278.75
1603	 3100.0	 1550.0
1604	 2902.6	 1379.4
1605	 2924.0	 967.0
1606	 782.0	 2066.0
1607	 4604.8	 900.0
1608	 4452.0	 856.6
1609	 2995.4	 1541.8
1610	 2926.85	 1496.4
1611	 2054.4	 1611.3
1612	 2171.6	 2056.2
1613	 676.0	 1565.95
1614	 3005.4	 1466.2
1615	 2979.0	 1483.5
1616	 3050.0	 1536.25
1617	 3093.25	 1538.0
1618	 3141.6	 1507.6
1619	 3162.75	 1490.5
1620	 2492.25	 1252.0
1621	 3102.7	 1490.8
1622	 2088.75	 2014.5
1623	 2940.8	 1424.7
1624	 2927.3	 1423.4
1625	 2954.0	 1434.75
1626	 4622.5	 842.5
1627	 2870.2	 892.4
1628	 2983.9	 1408.7
1629	 2548.8	 1303.0
1630	 2931.7	 1390.6
1631	 3172.2	 1261.0
1632	 2097.35	 1841.85
1633	 2971.05	 1381.95
1634	 727.5	 1536.4
1635	 3046.6	 1397.1
1636	 3097.0	 1434.0
1637	 3069.0	 1440.25
1638	 3067.65	 1374.3
1639	 4670.2	 866.4
1640	 3160.75	 1401.0
1641	 3191.4	 1504.0
1642	 2489.5	 1221.0
1643	 3274.75	 1511.5
1644	 3270.35	 1508.6
1645	 3218.5	 1487.0
1646	 3221.0	 1477.8
1647	 3199.1	 1455.9
1648	 532.3	 2456.7
1649	 3286.6	 1464.8
1650	 3101.25	 1183.25
1651	 857.2	 1568.8
1652	 3112.5	 1170.75
1653	 2536.5	 1227.5
1654	 4963.75	 866.5
1655	 3323.75	 1457.75
1656	 2529.0	 1206.5
1657	 3260.5	 1440.25
1658	 3304.0	 1422.6
1659	 3254.25	 1368.0
1660	 3352.15	 1444.9
1661	 4941.8	 803.8
1662	 3398.5	 1448.5
1663	 2935.0	 905.0
1664	 3413.25	 1436.75
1665	 4312.8	 795.8
1666	 2592.5	 1350.0
1667	 2599.2	 1341.2
1668	 2644.05	 1360.95
1669	 2426.4	 2025.15
1670	 4003.6	 1308.2
1671	 2653.3	 1286.1
1672	 2733.25	 1350.5
1673	 2741.3	 1340.9
1674	 2772.1	 1360.8
1675	 2779.25	 1354.0
1676	 2695.0	 1284.75
1677	 2702.3	 1297.55
1678	 2774.0	 1285.3
1679	 739.5	 1519.0
1680	 4881.5	 1298.0
1681	 2668.6	 1194.2
1682	 2703.4	 1241.3
1683	 2772.75	 1259.0
1684	 2686.9	 1217.8
1685	 2690.4	 1233.6
1686	 2780.5	 1229.9
1687	 1928.25	 1083.0
1688	 2891.5	 1356.75
1689	 2893.9	 1332.0
1690	 2807.5	 1310.7
1691	 2836.6	 1286.2
1692	 4362.6	 760.4
1693	 2933.8	 1323.6
1694	 2926.0	 1316.5
1695	 2957.3	 1306.9
1696	 2971.7	 1273.9
1697	 2825.45	 1227.35
1698	 2867.25	 1265.0
1699	 830.5	 1924.0
1700	 2875.5	 1240.5
1701	 2876.4	 1229.6
1702	 2849.85	 1218.85
1703	 2808.0	 1217.5
1704	 4483.25	 790.75
1705	 2836.4	 1222.0
1706	 2882.5	 1217.5
1707	 2976.65	 1236.2
1708	 2945.8	 1218.2
1709	 2920.95	 1200.35
1710	 2966.65	 1208.6
1711	 3005.3	 1195.8
1712	 4496.5	 711.1
1713	 4457.0	 697.5
1714	 2614.3	 1145.1
1715	 2634.5	 1139.5
1716	 2872.0	 816.2
1717	 3393.75	 1507.75
1718	 2609.2	 1063.9
1719	 2711.6	 1103.15
1720	 2773.45	 1082.0
1721	 2757.25	 1083.05
1722	 851.5	 1465.25
1723	 1897.5	 1032.5
1724	 2564.3	 1003.5
1725	 2646.3	 1002.3
1726	 4319.0	 659.5
1727	 3036.0	 878.2
1728	 2718.9	 1000.35
1729	 2695.3	 983.7
1730	 999.8	 1944.2
1731	 2885.0	 1156.0
1732	 2948.75	 1140.25
1733	 1084.25	 2086.5
1734	 2948.8	 1088.2
1735	 2953.4	 1131.2
1736	 2970.5	 1132.6
1737	 2999.7	 825.8
1738	 1404.65	 1866.9
1739	 483.05	 2258.0
1740	 2879.75	 1026.75
1741	 2937.5	 1079.75
1742	 2985.8	 1075.8
1743	 1116.0	 2061.3
1744	 2917.5	 1011.0
1745	 2930.25	 1008.75
1746	 1137.65	 2059.0
1747	 1952.6	 991.0
1748	 1139.3	 2068.6
1749	 3243.5	 1197.75
1750	 1983.25	 1362.25
1751	 4449.2	 660.4
1752	 3101.5	 1307.2
1753	 3140.6	 1345.05
1754	 4491.25	 674.0
1755	 3147.7	 1331.3
1756	 1018.4	 1535.4
1757	 3165.4	 1326.9
1758	 3133.6	 1292.7
1759	 2005.7	 1041.95
1760	 3274.6	 1203.4
1761	 3164.4	 1285.75
1762	 3160.4	 1279.4
1763	 3191.3	 1281.0
1764	 3017.0	 1258.25
1765	 3029.5	 1226.1
1766	 3065.8	 1234.0
1767	 3075.8	 1216.2
1768	 3077.75	 1163.0
1769	 3106.6	 1255.0
1770	 2042.4	 1021.5
1771	 3133.85	 1250.95
1772	 3201.25	 1240.25
1773	 3105.0	 1184.5
1774	 3174.25	 1200.5
1775	 3151.0	 1169.25
1776	 3198.1	 1189.0
1777	 3241.5	 1371.5
1778	 3246.75	 1250.0
1779	 3335.75	 1336.5
1780	 3324.5	 1339.5
1781	 3396.0	 1346.75
1782	 3412.5	 1355.0
1783	 3389.75	 1314.5
1784	 1991.2	 973.6
1785	 3225.25	 1218.75
1786	 3288.7	 1251.2
1787	 1239.0	 2043.25
1788	 3269.1	 1186.4
1789	 1204.2	 2011.8
1790	 1206.8	 2011.9
1791	 4659.65	 753.2
1792	 1155.75	 1531.75
1793	 3406.05	 1191.85
1794	 3054.5	 1129.0
1795	 3097.0	 1129.25
1796	 3039.6	 1072.4
1797	 3075.9	 1100.1
1798	 3056.3	 1076.65
1799	 3118.55	 1125.3
1800	 3168.1	 1144.0
1801	 3195.5	 1141.75
1802	 3125.6	 1108.5
1803	 3173.0	 1100.9
1804	 3199.3	 1075.1
1805	 3183.5	 1070.9
1806	 3069.8	 1041.2
1807	 3029.0	 966.0
1808	 1077.8	 1922.6
1809	 3081.0	 1013.4
1810	 3084.5	 996.25
1811	 3071.5	 954.5
1812	 2146.75	 1150.0
1813	 3149.2	 1010.3
1814	 1177.8	 1996.4
1815	 3061.6	 1130.4
1816	 2633.7	 1335.5
1817	 1194.65	 1991.35
1818	 3295.0	 1142.0
1819	 3257.3	 1137.3
1820	 2176.7	 1153.2
1821	 3242.4	 1077.8
1822	 1030.5	 1456.0
1823	 3351.75	 1159.75
1824	 3335.3	 1142.0
1825	 3048.2	 1113.8
1826	 3013.6	 1066.4
1827	 3377.75	 1129.25
1828	 3405.4	 1118.8
1829	 3303.65	 1079.1
1830	 3245.1	 1060.4
1831	 3235.3	 1020.1
1832	 3297.6	 1060.5
1833	 3284.6	 1054.8
1834	 3279.3	 1025.5
1835	 3220.0	 1008.5
1836	 3248.0	 1011.2
1837	 1167.5	 1936.0
1838	 3356.3	 1039.4
1839	 1155.0	 1908.0
1840	 3332.05	 1019.75
1841	 3349.5	 975.5
1842	 3450.2	 1580.2
1843	 4777.1	 713.4
1844	 2820.8	 715.2
1845	 1172.5	 1471.5
1846	 2197.8	 1065.6
1847	 3153.9	 1127.2
1848	 2724.25	 683.25
1849	 753.75	 1866.25
1850	 2057.5	 1401.25
1851	 3578.75	 1538.25
1852	 4684.75	 693.0
1853	 3571.3	 1482.95
1854	 3487.25	 1478.0
1855	 1229.6	 1680.8
1856	 3428.35	 1397.8
1857	 3452.7	 1394.8
1858	 3512.2	 1420.1
1859	 3466.8	 1374.4
1860	 3560.3	 1459.8
1861	 1302.2	 1705.4
1862	 3607.35	 1441.35
1863	 3563.4	 1382.9
1864	 3592.5	 1387.5
1865	 2046.45	 1291.1
1866	 822.2	 1820.6
1867	 3640.0	 1441.5
1868	 2652.0	 1196.8
1869	 3832.5	 1457.0
1870	 800.7	 2312.3
1871	 3676.5	 1381.0
1872	 3820.75	 1426.25
1873	 4846.0	 703.75
1874	 3835.5	 1379.3
1875	 4073.7	 1393.0
1876	 2172.25	 981.75
1877	 3548.2	 1363.6
1878	 3532.6	 1327.0
1879	 3546.5	 1328.75
1880	 3608.1	 1370.4
1881	 3687.3	 1344.9
1882	 3708.65	 1340.7
1883	 3672.0	 1304.9
1884	 3737.8	 1307.8
1885	 3764.65	 1309.2
1886	 3468.0	 1284.25
1887	 3447.2	 1280.1
1888	 2970.2	 794.6
1889	 3426.2	 1248.1
1890	 1372.0	 1677.0
1891	 3679.0	 1299.2
1892	 3652.75	 1295.75
1893	 2181.0	 978.0
1894	 3694.3	 1271.0
1895	 3725.5	 1269.0
1896	 3859.75	 1330.75
1897	 3773.5	 1314.25
1898	 3817.1	 1320.3
1899	 3864.25	 1308.5
1900	 3933.0	 1309.25
1901	 3945.25	 1352.65
1902	 3001.2	 767.4
1903	 3936.8	 1297.35
1904	 4001.5	 1301.75
1905	 3838.0	 1280.75
1906	 1876.25	 945.5
1907	 3924.9	 1230.7
1908	 3738.4	 559.8
1909	 880.1	 1903.5
1910	 1898.25	 924.75
1911	 779.5	 1795.05
1912	 4055.0	 1261.75
1913	 364.25	 2184.0
1914	 3166.4	 1057.0
1915	 4156.5	 1383.5
1916	 4407.05	 1358.15
1917	 4768.4	 1397.2
1918	 471.6	 2235.2
1919	 2822.5	 700.0
1920	 3104.0	 1015.25
1921	 2864.8	 709.4
1922	 3132.6	 1001.4
1923	 4350.25	 1367.75
1924	 3119.2	 974.4
1925	 4478.9	 1370.3
1926	 3132.0	 980.6
1927	 4482.5	 1356.0
1928	 2921.9	 722.6
1929	 4550.1	 1345.9
1930	 4700.0	 1347.05
1931	 1294.0	 1615.25
1932	 4965.55	 1428.45
1933	 4881.6	 1385.8
1934	 4833.5	 1394.8
1935	 2039.9	 1174.1
1936	 4840.25	 1355.75
1937	 1349.75	 1607.25
1938	 4944.9	 1411.9
1939	 4949.5	 1377.75
1940	 4999.6	 1409.4
1941	 2075.5	 1188.0
1942	 4956.8	 1368.4
1943	 5034.2	 1358.5
1944	 5030.7	 1341.7
1945	 4092.3	 1322.9
1946	 4112.1	 1312.5
1947	 2906.6	 688.8
1948	 4104.6	 1278.9
1949	 3880.0	 544.5
1950	 4553.6	 1323.8
1951	 4470.1	 1303.6
1952	 4506.9	 1297.9
1953	 3987.5	 866.1
1954	 4156.4	 1239.6
1955	 4279.6	 1240.7
1956	 301.5	 2148.35
1957	 4412.5	 1261.25
1958	 4442.5	 1262.5
1959	 4408.5	 1241.0
1960	 2092.5	 931.25
1961	 4577.3	 1306.4
1962	 4611.4	 1299.9
1963	 4647.2	 1280.85
1964	 4682.3	 1302.6
1965	 4750.4	 1282.2
1966	 3015.2	 737.05
1967	 1989.2	 871.0
1968	 3288.75	 1105.5
1969	 3015.5	 707.8
1970	 4874.8	 1295.3
1971	 4969.5	 1291.25
1972	 4986.25	 1291.5
1973	 1422.1	 1617.3
1974	 4721.7	 1269.5
1975	 4766.2	 1267.4
1976	 1460.3	 1621.5
1977	 4658.6	 1248.2
1978	 3370.75	 1118.35
1979	 4831.5	 762.0
1980	 5000.2	 1233.8
1981	 1025.1	 1807.7
1982	 3494.25	 1208.0
1983	 3549.8	 1198.9
1984	 3376.75	 1135.25
1985	 3465.6	 1188.0
1986	 1909.25	 821.5
1987	 4766.5	 719.9
1988	 3745.75	 1206.5
1989	 3692.8	 1211.2
1990	 3302.8	 1109.2
1991	 1096.0	 1807.8
1992	 3320.75	 1089.05
1993	 3434.0	 1144.25
1994	 3584.6	 1151.9
1995	 3582.3	 1158.6
1996	 3505.1	 1123.8
1997	 3473.7	 1102.3
1998	 3541.3	 1094.1
1999	 3590.65	 1098.8
2000	 3614.4	 1125.6
2001	 3630.35	 1121.85
2002	 1544.6	 1694.2
2003	 3678.5	 1107.75
2004	 3723.65	 1121.15
2005	 3807.5	 1186.0
2006	 1613.75	 1693.0
2007	 3872.5	 1171.25
2008	 3969.6	 1198.8
2009	 4018.4	 1208.45
2010	 4023.5	 1200.0
2011	 4052.1	 1226.0
2012	 3989.35	 1180.7
2013	 4039.1	 1182.5
2014	 4083.25	 1174.25
2015	 4618.0	 644.5
2016	 3794.5	 1115.5
2017	 3791.5	 1110.5
2018	 1601.4	 1665.8
2019	 3864.5	 1097.3
2020	 4043.4	 1130.15
2021	 3972.65	 1104.9
2022	 3988.0	 1134.0
2023	 3539.2	 1082.5
2024	 1754.6	 1701.2
2025	 3527.95	 1036.6
2026	 3575.3	 1041.95
2027	 1712.3	 1678.5
2028	 3261.0	 940.75
2029	 3637.0	 1069.6
2030	 3767.75	 1071.75
2031	 3699.0	 1046.5
2032	 3704.9	 1036.1
2033	 3281.5	 940.5
2034	 1770.9	 1784.35
2035	 4749.6	 701.5
2036	 3575.5	 1014.75
2037	 3434.8	 1003.7
2038	 3448.7	 1001.9
2039	 3556.5	 1002.75
2040	 2772.1	 944.4
2041	 4206.75	 955.5
2042	 3556.5	 982.0
2043	 3661.6	 1028.2
2044	 3704.0	 1021.0
2045	 3647.4	 984.55
2046	 3596.1	 971.4
2047	 3668.0	 979.95
2048	 3967.6	 541.2
2049	 1087.8	 1777.6
2050	 3934.9	 1070.9
2051	 3819.5	 1057.4
2052	 3500.5	 466.4
2053	 3894.75	 1061.65
2054	 3370.8	 913.0
2055	 4075.2	 1075.0
2056	 4078.5	 1072.25
2057	 3989.8	 1058.5
2058	 4024.8	 1057.0
2059	 4034.0	 1051.5
2060	 4108.25	 1057.5
2061	 4109.4	 1048.2
2062	 3834.1	 1031.6
2063	 3914.4	 1024.2
2064	 3914.7	 1012.9
2065	 1840.7	 1167.9
2066	 3839.3	 1007.1
2067	 3118.5	 862.1
2068	 3883.9	 999.1
2069	 4056.6	 1020.0
2070	 4034.0	 1001.5
2071	 1760.25	 1780.75
2072	 4108.4	 982.0
2073	 4125.0	 1213.7
2074	 3087.5	 833.0
2075	 1088.0	 1779.75
2076	 4197.0	 1227.0
2077	 4231.75	 1220.25
2078	 3628.25	 336.5
2079	 4311.0	 1227.25
2080	 4316.1	 1208.2
2081	 4178.9	 1179.1
2082	 3098.5	 808.75
2083	 4054.2	 541.2
2084	 4358.95	 1222.3
2085	 4409.5	 1176.65
2086	 4424.3	 1189.1
2087	 4497.75	 1186.95
2088	 4491.25	 1174.25
2089	 4172.85	 1159.0
2090	 4077.95	 551.9
2091	 4306.1	 1153.7
2092	 1614.4	 1715.2
2093	 4368.3	 1169.3
2094	 4369.9	 1152.3
2095	 4108.75	 546.5
2096	 4315.9	 1129.2
2097	 3220.6	 849.2
2098	 4470.8	 1141.2
2099	 4540.0	 1233.0
2100	 3928.5	 503.5
2101	 4589.6	 1176.7
2102	 3917.6	 472.9
2103	 4821.5	 1220.8
2104	 4878.0	 1225.5
2105	 2236.0	 898.75
2106	 4990.4	 1213.8
2107	 1271.4	 2453.4
2108	 4978.0	 1195.5
2109	 4546.4	 1152.2
2110	 4643.1	 1151.4
2111	 4654.0	 1151.0
2112	 4618.5	 1129.5
2113	 3248.3	 821.7
2114	 4629.8	 1126.9
2115	 4780.0	 1164.75
2116	 4770.5	 1142.0
2117	 4965.25	 1149.75
2118	 4976.25	 1171.0
2119	 4622.0	 1035.8
2120	 2230.2	 869.3
2121	 4700.55	 1133.8
2122	 4952.75	 1133.75
2123	 3500.0	 1519.25
2124	 4171.0	 1094.0
2125	 4196.5	 1093.5
2126	 4275.4	 1080.25
2127	 4206.75	 1033.5
2128	 4382.25	 1067.5
2129	 4287.15	 1083.5
2130	 4337.2	 1068.5
2131	 4401.85	 1060.25
2132	 3350.1	 811.7
2133	 2160.25	 807.0
2134	 4144.0	 980.8
2135	 4249.75	 993.0
2136	 2181.0	 777.25
2137	 4296.0	 989.75
2138	 4221.4	 985.7
2139	 4329.0	 1018.5
2140	 4029.2	 500.4
2141	 1197.0	 1529.5
2142	 3712.15	 499.5
2143	 4395.6	 1007.8
2144	 4471.9	 1004.8
2145	 4320.0	 985.5
2146	 4438.2	 978.4
2147	 4556.3	 1092.7
2148	 774.25	 2119.75
2149	 1335.9	 2439.8
2150	 4491.5	 1049.0
2151	 2645.75	 1022.5
2152	 4650.1	 1091.8
2153	 2206.8	 1981.9
2154	 4687.95	 1081.9
2155	 3618.5	 1491.0
2156	 3764.7	 469.7
2157	 4743.5	 1106.75
2158	 4805.5	 1092.95
2159	 4941.0	 1106.75
2160	 4861.0	 1094.25
2161	 4932.75	 1077.75
2162	 4720.4	 1059.0
2163	 4595.45	 1041.65
2164	 3440.4	 1457.4
2165	 4582.2	 1035.3
2166	 4557.4	 980.2
2167	 4574.75	 985.25
2168	 4626.5	 995.4
2169	 4613.95	 986.0
2170	 4693.5	 1033.5
2171	 1452.25	 1535.25
2172	 4730.7	 1041.8
2173	 4793.25	 1038.0
2174	 4925.5	 1045.25
2175	 4786.25	 1006.5
2176	 4918.75	 1019.75
2177	 4754.9	 985.2
2178	 1397.6	 1525.05
2179	 4911.75	 987.0
2180	 2608.35	 954.15
2181	 2661.0	 960.5
2182	 2694.8	 940.6
2183	 2663.3	 932.6
2184	 2764.9	 965.8
2185	 3507.6	 1434.8
2186	 3518.25	 1422.5
2187	 2818.9	 932.3
2188	 2716.0	 931.0
2189	 2737.4	 920.2
2190	 2756.6	 930.1
2191	 1521.75	 1530.25
2192	 2810.0	 924.0
2193	 2597.3	 879.6
2194	 3049.5	 959.0
2195	 2623.6	 869.5
2196	 2746.6	 868.8
2197	 2802.9	 854.0
2198	 2221.8	 671.6
2199	 2865.95	 928.6
2200	 1256.0	 2296.0
2201	 2922.5	 925.5
2202	 2853.55	 922.5
2203	 2854.2	 897.4
2204	 2908.2	 892.8
2205	 2910.75	 904.5
2206	 2914.25	 909.0
2207	 3657.4	 953.8
2208	 2470.0	 1499.25
2209	 3021.0	 968.0
2210	 3002.6	 935.5
2211	 3002.75	 929.25
2212	 1267.9	 2277.85
2213	 3058.5	 956.0
2214	 2980.5	 901.0
2215	 1357.45	 1475.05
2216	 1344.65	 1468.9
2217	 2929.7	 883.3
2218	 2188.65	 785.5
2219	 2155.2	 949.8
2220	 2849.8	 849.8
2221	 1549.5	 1982.5
2222	 3001.0	 863.0
2223	 3008.0	 888.75
2224	 3061.0	 887.7
2225	 3558.0	 1430.2
2226	 3817.5	 353.5
2227	 1328.4	 2272.4
2228	 3034.7	 833.2
2229	 3065.8	 826.6
2230	 2581.6	 803.8
2231	 1736.25	 998.75
2232	 1316.25	 1456.75
2233	 1351.3	 2365.7
2234	 1341.0	 2346.2
2235	 2767.75	 772.5
2236	 3599.9	 911.0
2237	 2590.4	 692.6
2238	 2691.0	 711.0
2239	 2637.75	 672.75
2240	 2699.5	 721.0
2241	 3447.0	 1201.0
2242	 2765.1	 725.6
2243	 3509.0	 890.2
2244	 3522.8	 886.9
2245	 3628.4	 1405.4
2246	 2918.0	 794.0
2247	 3840.8	 325.2
2248	 2888.5	 766.2
2249	 2835.2	 752.8
2250	 1349.75	 2269.75
2251	 2896.3	 769.3
2252	 3000.35	 802.35
2253	 2972.8	 788.0
2254	 3042.5	 838.75
2255	 3031.75	 814.75
2256	 3049.5	 781.8
2257	 3045.95	 758.4
2258	 2861.2	 741.1
2259	 2857.5	 714.0
2260	 2928.0	 726.5
2261	 2901.2	 711.4
2262	 2850.8	 671.9
2263	 3909.0	 313.0
2264	 2273.4	 1384.0
2265	 2617.5	 803.0
2266	 2964.0	 740.5
2267	 2390.0	 1140.0
2268	 3013.5	 741.25
2269	 3064.0	 735.2
2270	 2955.0	 688.4
2271	 3553.1	 870.3
2272	 3123.05	 971.8
2273	 3181.2	 969.3
2274	 3115.25	 938.0
2275	 3599.6	 881.2
2276	 3701.25	 281.25
2277	 3187.25	 919.0
2278	 3205.25	 914.0
2279	 3660.5	 1480.0
2280	 2735.0	 808.25
2281	 3127.8	 933.05
2282	 1584.25	 1554.5
2283	 3224.75	 905.75
2284	 3078.4	 877.9
2285	 3256.8	 965.0
2286	 3263.7	 943.4
2287	 3326.25	 968.0
2288	 3305.75	 881.0
2289	 3113.25	 860.5
2290	 3110.7	 849.3
2291	 3083.5	 837.0
2292	 3633.4	 853.4
2293	 3317.7	 875.2
2294	 3305.75	 846.5
2295	 3221.5	 823.5
2296	 3245.0	 815.75
2297	 3311.6	 820.5
2298	 3390.2	 968.2
2299	 3416.0	 957.75
2300	 2722.7	 764.3
2301	 3408.2	 957.0
2302	 3101.5	 790.75
2303	 1546.5	 1499.5
2304	 3449.5	 921.25
2305	 3505.75	 934.5
2306	 2289.5	 936.75
2307	 1647.4	 1518.2
2308	 3553.0	 920.6
2309	 3575.2	 923.4
2310	 1486.0	 2390.2
2311	 3659.4	 907.8
2312	 3641.7	 973.05
2313	 3442.5	 907.75
2314	 3512.0	 893.2
2315	 3400.75	 852.75
2316	 3848.6	 290.8
2317	 3828.2	 285.8
2318	 3491.5	 831.0
2319	 3571.0	 876.75
2320	 3593.4	 908.0
2321	 3590.75	 810.25
2322	 3114.7	 783.0
2323	 2989.5	 1059.6
2324	 2271.65	 1289.85
2325	 1546.0	 2383.2
2326	 2374.25	 996.5
2327	 1721.4	 1510.2
2328	 3191.7	 741.2
2329	 3254.5	 809.3
2330	 500.0	 2111.5
2331	 3348.1	 768.6
2332	 3236.25	 770.0
2333	 4035.0	 226.5
2334	 3273.4	 775.6
2335	 3298.1	 739.6
2336	 4847.1	 1313.5
2337	 3802.0	 1422.0
2338	 3302.4	 791.4
2339	 1647.75	 1493.25
2340	 425.2	 2168.2
2341	 3120.2	 663.7
2342	 1683.5	 1493.75
2343	 3198.6	 701.2
2344	 3239.25	 691.5
2345	 2974.2	 1041.6
2346	 3341.9	 702.35
2347	 3272.1	 695.3
2348	 1432.6	 2330.6
2349	 3664.75	 1386.0
2350	 3872.1	 202.2
2351	 3669.3	 296.6
2352	 3460.8	 742.5
2353	 3466.25	 737.5
2354	 3922.5	 392.4
2355	 3627.0	 799.5
2356	 3672.4	 720.2
2357	 3399.1	 702.85
2358	 3423.7	 705.8
2359	 3375.25	 682.0
2360	 3369.7	 661.2
2361	 3471.9	 1145.3
2362	 3459.8	 682.8
2363	 3476.7	 662.7
2364	 2383.15	 954.15
2365	 3545.35	 709.2
2366	 3579.6	 709.6
2367	 2421.0	 1125.4
2368	 3825.85	 1421.95
2369	 3578.2	 702.0
2370	 3075.9	 1317.5
2371	 3539.5	 660.8
2372	 3081.75	 952.0
2373	 2015.7	 1706.3
2374	 2438.8	 1088.4
2375	 2622.4	 631.6
2376	 2581.75	 591.25
2377	 2663.3	 610.1
2378	 3993.0	 348.75
2379	 1465.25	 2273.25
2380	 2847.75	 615.5
2381	 2780.25	 628.0
2382	 1757.85	 1481.1
2383	 2826.0	 619.0
2384	 3993.85	 306.2
2385	 1208.3	 2441.95
2386	 2712.5	 572.8
2387	 2962.25	 1377.5
2388	 1469.05	 2241.35
2389	 2693.0	 533.5
2390	 2768.75	 553.5
2391	 4532.1	 1181.1
2392	 4020.0	 389.25
2393	 4040.85	 361.9
2394	 3019.7	 648.3
2395	 2455.75	 1036.75
2396	 2926.5	 600.0
2397	 3024.6	 592.75
2398	 2473.9	 1038.7
2399	 3115.0	 653.75
2400	 2475.4	 1870.8
2401	 1536.1	 2295.3
2402	 3430.5	 1349.75
2403	 4758.4	 1372.2
2404	 3071.5	 585.0
2405	 3113.25	 581.5
2406	 3497.25	 1345.75
2407	 1868.65	 1440.05
2408	 2497.7	 1133.0
2409	 3903.0	 347.5
2410	 3012.0	 528.2
2411	 3102.95	 580.35
2412	 3196.8	 736.8
2413	 3216.1	 576.35
2414	 1586.75	 2270.0
2415	 2528.25	 1108.25
2416	 3201.6	 706.2
2417	 1192.4	 2406.8
2418	 2757.1	 510.6
2419	 2704.9	 468.65
2420	 2791.6	 486.8
2421	 4052.25	 339.1
2422	 2747.1	 463.0
2423	 2880.0	 514.6
2424	 2943.5	 496.75
2425	 2874.5	 473.0
2426	 3651.5	 309.5
2427	 2942.5	 461.0
2428	 2895.3	 461.0
2429	 3931.75	 295.75
2430	 2848.5	 435.0
2431	 2893.9	 428.3
2432	 3203.0	 694.25
2433	 4823.05	 1289.65
2434	 2956.3	 397.5
2435	 2999.25	 385.25
2436	 2994.5	 451.25
2437	 3059.0	 509.25
2438	 3066.0	 498.0
2439	 3043.0	 439.25
2440	 1307.75	 2183.25
2441	 3645.4	 1350.4
2442	 3119.75	 417.25
2443	 3138.7	 499.8
2444	 3182.35	 504.95
2445	 3203.0	 472.4
2446	 3303.8	 688.6
2447	 3183.3	 459.9
2448	 3120.4	 338.9
2449	 4763.25	 1402.5
2450	 3200.75	 318.7
2451	 3326.3	 638.7
2452	 3247.5	 579.5
2453	 3263.5	 581.0
2454	 3383.4	 542.6
2455	 3956.5	 204.0
2456	 3262.05	 527.75
2457	 3072.7	 800.8
2458	 1053.85	 1379.95
2459	 3241.8	 480.8
2460	 3267.25	 446.5
2461	 3327.2	 486.7
2462	 3289.3	 466.0
2463	 3642.75	 1308.0
2464	 3445.25	 778.5
2465	 2178.5	 1812.3
2466	 1181.1	 1397.5
2467	 3418.5	 483.15
2468	 2423.25	 887.75
2469	 674.75	 1992.5
2470	 3469.0	 607.5
2471	 3563.5	 653.0
2472	 2450.2	 917.2
2473	 2475.2	 934.25
2474	 2817.75	 1551.0
2475	 3540.1	 562.2
2476	 3643.75	 642.5
2477	 2002.4	 1778.7
2478	 3598.75	 561.25
2479	 3605.75	 555.45
2480	 3585.25	 617.5
2481	 3504.5	 530.25
2482	 3483.8	 513.0
2483	 3568.8	 530.4
2484	 2512.25	 973.5
2485	 3532.1	 514.0
2486	 3535.5	 486.75
2487	 3483.1	 473.6
2488	 2521.25	 977.0
2489	 1448.8	 2214.0
2490	 3609.7	 512.5
2491	 3659.4	 517.5
2492	 3665.7	 509.7
2493	 3586.25	 477.5
2494	 2381.5	 1248.75
2495	 3631.75	 449.25
2496	 3634.4	 465.2
2497	 2854.5	 542.25
2498	 3447.6	 599.1
2499	 2542.75	 1023.45
2500	 3577.0	 1301.0
2501	 3320.3	 428.7
2502	 3276.0	 383.0
2503	 3336.7	 369.9
2504	 3299.0	 370.2
2505	 3354.25	 433.0
2506	 3348.6	 427.4
2507	 2096.75	 1769.0
2508	 3341.5	 362.1
2509	 3455.4	 412.8
2510	 1420.6	 2133.4
2511	 3255.5	 302.5
2512	 3255.25	 293.5
2513	 3338.5	 306.5
2514	 2898.0	 693.9
2515	 2538.8	 891.2
2516	 3560.6	 441.6
2517	 3466.5	 373.0
2518	 2943.2	 717.5
2519	 3601.8	 440.2
2520	 3654.25	 430.5
2521	 2992.2	 738.6
2522	 3578.0	 373.0
2523	 3569.75	 317.0
2524	 3622.0	 383.0
2525	 3672.5	 375.7
2526	 3522.2	 270.8
2527	 3523.8	 293.9
2528	 3647.4	 1279.0
2529	 2216.25	 1841.0
2530	 3607.8	 315.6
2531	 3663.8	 314.0
2532	 3688.2	 1303.3
2533	 1103.0	 1323.0
2534	 3678.0	 962.25
2535	 3751.6	 963.8
2536	 3730.65	 929.25
2537	 1149.7	 1321.8
2538	 3942.7	 955.4
2539	 3886.6	 921.4
2540	 3873.25	 910.25
2541	 3917.0	 913.0
2542	 3940.65	 928.45
2543	 3696.75	 890.45
2544	 3742.8	 885.7
2545	 3797.8	 889.2
2546	 2308.0	 1786.5
2547	 3691.8	 1263.0
2548	 3698.4	 846.8
2549	 3927.35	 896.65
2550	 2358.2	 847.1
2551	 4206.4	 540.4
2552	 3875.15	 818.8
2553	 4253.8	 554.2
2554	 4004.7	 944.9
2555	 4071.0	 949.6
2556	 4065.0	 933.8
2557	 3765.2	 1245.4
2558	 4211.8	 957.8
2559	 4166.7	 919.0
2560	 4024.5	 883.5
2561	 4054.8	 895.0
2562	 1368.85	 2031.1
2563	 3309.9	 1276.6
2564	 4101.35	 881.65
2565	 4126.0	 879.75
2566	 2344.75	 809.25
2567	 3699.5	 778.0
2568	 3791.4	 767.5
2569	 4352.25	 566.25
2570	 3435.6	 672.4
2571	 4361.5	 536.5
2572	 1409.9	 1234.85
2573	 2426.4	 796.1
2574	 3907.0	 748.25
2575	 3898.0	 710.1
2576	 3116.5	 902.0
2577	 3690.8	 654.2
2578	 3786.5	 655.25
2579	 3823.2	 649.7
2580	 4458.4	 556.4
2581	 2297.8	 739.4
2582	 3933.1	 665.9
2583	 3941.25	 617.25
2584	 3960.45	 626.3
2585	 4016.5	 810.5
2586	 4170.7	 487.6
2587	 4032.0	 731.25
2588	 4056.1	 732.0
2589	 4100.55	 721.35
2590	 4146.6	 822.8
2591	 4163.0	 810.0
2592	 4248.0	 804.9
2593	 4110.25	 726.7
2594	 2340.25	 719.0
2595	 4203.5	 721.0
2596	 4175.5	 722.5
2597	 1379.8	 1369.2
2598	 4102.75	 658.0
2599	 4004.0	 613.0
2600	 4088.0	 621.9
2601	 4091.8	 619.6
2602	 3538.25	 663.5
2603	 1178.8	 1533.4
2604	 4139.1	 628.6
2605	 4181.5	 628.0
2606	 4272.45	 942.95
2607	 4325.6	 961.5
2608	 3241.8	 322.9
2609	 4262.8	 927.0
2610	 4272.4	 884.9
2611	 4318.25	 919.1
2612	 4369.0	 925.75
2613	 4416.25	 932.75
2614	 4456.0	 969.0
2615	 1876.25	 1318.5
2616	 4516.0	 958.4
2617	 4444.3	 924.9
2618	 4481.5	 915.5
2619	 3073.5	 656.0
2620	 1579.0	 2198.5
2621	 1250.75	 1345.0
2622	 1398.7	 1198.9
2623	 2592.5	 642.75
2624	 4370.25	 808.0
2625	 4435.05	 855.9
2626	 1675.5	 936.75
2627	 1377.75	 1363.75
2628	 3990.1	 1299.4
2629	 1994.05	 974.95
2630	 2550.5	 1119.7
2631	 4554.5	 919.5
2632	 4630.75	 922.25
2633	 4723.0	 972.5
2634	 4772.8	 949.6
2635	 4907.0	 962.25
2636	 4885.5	 927.75
2637	 4896.5	 943.0
2638	 2542.8	 1759.9
2639	 1575.0	 2161.2
2640	 2404.8	 700.6
2641	 4774.2	 870.0
2642	 4672.25	 963.0
2643	 3800.8	 1282.8
2644	 1405.3	 1357.3
2645	 4611.75	 897.5
2646	 2095.3	 1147.5
2647	 4630.4	 795.7
2648	 4309.25	 533.1
2649	 4878.5	 902.25
2650	 4760.0	 867.0
2651	 4879.5	 873.5
2652	 1511.0	 1357.4
2653	 4878.75	 822.75
2654	 4718.5	 831.5
2655	 4313.75	 801.2
2656	 4300.5	 722.5
2657	 4275.85	 716.0
2658	 4369.5	 726.5
2659	 4413.55	 737.35
2660	 4435.0	 735.75
2661	 3152.6	 812.9
2662	 4529.5	 757.5
2663	 4482.0	 743.5
2664	 4452.5	 735.75
2665	 3913.0	 1229.25
2666	 4318.75	 641.2
2667	 4390.9	 660.9
2668	 4265.1	 622.9
2669	 4362.5	 532.0
2670	 4395.4	 624.4
2671	 4490.75	 665.0
2672	 4551.0	 663.7
2673	 4498.95	 600.15
2674	 4537.4	 649.2
2675	 4497.75	 639.45
2676	 4482.8	 577.4
2677	 1520.9	 1301.2
2678	 4681.15	 809.55
2679	 4743.3	 789.6
2680	 1611.75	 2050.0
2681	 3364.5	 298.25
2682	 4785.5	 777.3
2683	 4747.8	 758.95
2684	 4880.25	 802.75
2685	 696.9	 1676.35
2686	 2798.2	 590.8
2687	 2460.0	 767.25
2688	 4862.8	 753.4
2689	 2478.5	 799.25
2690	 4666.5	 702.75
2691	 3959.0	 1296.0
2692	 3373.7	 959.4
2693	 4640.6	 658.5
2694	 4682.75	 631.75
2695	 2629.0	 583.0
2696	 4600.6	 547.6
2697	 3704.9	 589.6
2698	 3720.1	 586.9
2699	 3528.4	 952.7
2700	 3735.5	 567.8
2701	 1208.0	 1286.0
2702	 4788.4	 600.2
2703	 300.75	 2024.25
2704	 3788.4	 584.8
2705	 4122.7	 1230.5
2706	 290.5	 2014.5
2707	 3855.5	 576.9
2708	 3785.35	 548.7
2709	 3811.7	 551.45
2710	 3815.6	 523.6
2711	 3852.1	 525.7
2712	 3861.5	 527.7
2713	 1250.2	 1274.05
2714	 3710.3	 463.6
2715	 758.5	 1625.95
2716	 2548.6	 802.0
2717	 3785.25	 451.25
2718	 3785.5	 459.9
2719	 3822.0	 488.8
2720	 3885.5	 500.0
2721	 3875.5	 472.5
2722	 3880.35	 427.0
2723	 3915.15	 593.55
2724	 3917.6	 545.4
2725	 3503.1	 912.7
2726	 3965.0	 532.0
2727	 1570.0	 1878.0
2728	 4036.55	 590.95
2729	 4069.75	 595.5
2730	 4132.8	 595.6
2731	 435.6	 2074.4
2732	 4069.75	 532.0
2733	 4078.9	 542.7
2734	 3926.3	 483.1
2735	 3986.35	 517.3
2736	 3947.0	 472.4
2737	 3952.5	 442.0
2738	 4515.4	 513.4
2739	 3971.6	 442.4
2740	 4050.6	 469.7
2741	 4036.15	 471.05
2742	 4080.25	 489.25
2743	 2864.0	 570.25
2744	 3696.5	 382.5
2745	 2476.8	 657.2
2746	 3787.1	 392.45
2747	 3799.5	 359.0
2748	 3675.1	 326.2
2749	 3712.75	 285.25
2750	 3818.8	 355.2
2751	 3797.1	 314.8
2752	 3872.6	 352.1
2753	 3902.75	 340.5
2754	 3835.55	 317.3
2755	 3843.5	 309.0
2756	 1362.9	 1262.5
2757	 3908.0	 305.1
2758	 3737.5	 259.5
2759	 3775.25	 256.25
2760	 3690.8	 247.45
2761	 3692.4	 208.2
2762	 3877.4	 290.0
2763	 3868.25	 255.5
2764	 2155.0	 1689.0
2765	 3872.2	 209.1
2766	 2897.4	 649.6
2767	 3955.5	 350.75
2768	 4120.4	 1355.0
2769	 3968.3	 303.3
2770	 4008.2	 328.4
2771	 4008.75	 333.25
2772	 4049.0	 402.5
2773	 4118.75	 371.8
2774	 4035.8	 343.9
2775	 3948.9	 262.65
2776	 3972.25	 274.0
2777	 4354.4	 1354.1
2778	 3967.0	 230.4
2779	 3219.5	 1163.2
2780	 2923.6	 613.6
2781	 4731.25	 735.25
2782	 924.1	 1619.45
2783	 4206.0	 569.5
2784	 4193.4	 553.5
2785	 4252.5	 546.0
2786	 1419.0	 1254.6
2787	 1861.75	 2234.25
2788	 2049.95	 904.45
2789	 4344.9	 571.5
2790	 4454.0	 579.0
2791	 4425.3	 571.1
2792	 4611.4	 464.4
2793	 4418.4	 545.8
2794	 4281.2	 522.75
2795	 4169.9	 475.7
2796	 4183.8	 466.2
2797	 4238.8	 456.05
2798	 4278.15	 457.35
2799	 4323.65	 501.7
2800	 4445.0	 512.0
2801	 4320.25	 483.25
2802	 4472.25	 588.25
2803	 3295.8	 1102.0
2804	 1937.4	 2196.8
2805	 504.1	 2078.4
2806	 2581.25	 1920.75
2807	 4663.3	 568.7
2808	 4709.65	 559.15
2809	 2567.0	 1824.5
2810	 1093.65	 1597.8
2811	 4760.5	 567.0
2812	 4472.5	 526.5
2813	 4527.75	 504.5
