0	 575.4	 680.8
1	 1477.5	 195.75
2	 1443.6	 1305.4
3	 1453.0	 1303.25
4	 524.5	 626.75
5	 525.2	 616.0
6	 532.25	 610.0
7	 1470.95	 1284.35
8	 607.8	 637.0
9	 595.5	 640.0
10	 634.6	 618.0
11	 723.75	 889.15
12	 738.25	 874.0
13	 736.25	 868.0
14	 753.2	 871.7
15	 667.55	 780.65
16	 682.75	 772.75
17	 1626.4	 750.0
18	 704.0	 770.5
19	 721.75	 767.25
20	 748.75	 765.5
21	 759.0	 724.0
22	 792.5	 880.75
23	 820.25	 880.5
24	 800.9	 845.9
25	 798.0	 864.5
26	 860.0	 894.75
27	 1449.75	 1261.0
28	 854.0	 863.75
29	 860.4	 844.0
30	 770.9	 824.5
31	 768.5	 766.0
32	 795.75	 726.75
33	 801.75	 765.0
34	 812.2	 769.2
35	 819.5	 709.25
36	 837.75	 768.5
37	 1639.0	 1172.0
38	 888.0	 833.4
39	 881.9	 765.1
40	 903.5	 756.0
41	 892.0	 708.0
42	 660.8	 684.5
43	 601.5	 1041.0
44	 744.25	 706.75
45	 772.8	 704.8
46	 712.15	 671.85
47	 761.0	 662.2
48	 703.4	 671.0
49	 699.4	 644.0
50	 659.1	 625.25
51	 670.9	 623.7
52	 678.4	 613.9
53	 748.0	 643.75
54	 1996.5	 938.5
55	 819.4	 684.4
56	 788.2	 682.1
57	 789.6	 670.4
58	 832.5	 673.25
59	 873.25	 679.65
60	 847.8	 693.7
61	 799.2	 647.8
62	 795.0	 638.0
63	 831.6	 654.5
64	 805.7	 619.1
65	 1594.1	 1307.0
66	 871.25	 612.5
67	 937.0	 1283.0
68	 951.7	 1288.6
69	 686.4	 1117.6
70	 706.5	 1113.0
71	 1007.6	 1311.1
72	 996.2	 1265.8
73	 965.6	 1260.6
74	 953.7	 1230.5
75	 941.0	 1168.25
76	 956.95	 1254.9
77	 1006.1	 1242.4
78	 974.75	 1198.0
79	 990.8	 1216.8
80	 1052.75	 1318.5
81	 1046.6	 1289.9
82	 1050.5	 1268.5
83	 1041.1	 1215.9
84	 1029.4	 1207.7
85	 1035.0	 1159.75
86	 1095.2	 1220.8
87	 1088.4	 1235.5
88	 1089.4	 1164.0
89	 1080.75	 1160.25
90	 940.75	 1145.0
91	 943.25	 1108.0
92	 907.25	 1110.75
93	 941.6	 1155.8
94	 691.75	 998.5
95	 990.45	 1138.55
96	 993.85	 1115.0
97	 908.5	 1050.5
98	 928.4	 1042.1
99	 952.05	 1052.35
100	 943.85	 1007.5
101	 963.25	 1072.5
102	 1008.6	 1030.0
103	 1015.75	 1137.45
104	 1049.25	 1138.25
105	 1021.9	 1104.7
106	 1022.0	 1083.9
107	 1082.0	 1093.3
108	 1091.6	 1084.4
109	 1015.25	 1042.8
110	 1030.5	 1045.9
111	 999.25	 1008.0
112	 996.0	 1002.5
113	 1480.75	 1117.0
114	 1033.5	 1007.0
115	 1042.5	 1062.0
116	 555.25	 932.0
117	 1124.0	 1304.5
118	 605.4	 931.0
119	 1141.25	 1270.0
120	 1167.25	 1300.5
121	 1102.7	 1207.85
122	 1142.75	 1223.75
123	 102.5	 910.75
124	 372.5	 909.75
125	 1138.95	 1175.45
126	 1164.15	 1201.15
127	 1213.0	 1341.5
128	 1210.0	 1358.5
129	 1222.4	 1349.6
130	 1189.5	 1297.75
131	 1258.35	 1362.5
132	 1254.75	 1330.75
133	 1234.25	 1298.75
134	 1256.2	 1324.2
135	 1247.25	 1297.75
136	 1262.0	 1294.5
137	 486.75	 896.0
138	 1206.75	 1269.5
139	 1192.75	 1196.5
140	 1205.0	 1225.5
141	 583.0	 911.25
142	 1211.15	 1227.35
143	 1252.5	 1257.75
144	 613.75	 969.5
145	 1255.5	 1235.6
146	 1226.2	 1172.65
147	 1241.4	 1201.8
148	 1241.0	 1227.5
149	 1115.9	 1147.75
150	 1842.1	 689.0
151	 1098.5	 1145.25
152	 1147.1	 1151.7
153	 721.75	 949.75
154	 1137.65	 1099.85
155	 1520.5	 1033.75
156	 1151.55	 1120.35
157	 1155.5	 1119.0
158	 640.75	 942.75
159	 464.75	 633.0
160	 1129.0	 1026.0
161	 1145.75	 1046.5
162	 1141.0	 1056.1
163	 1125.4	 1001.8
164	 1168.5	 990.75
165	 630.5	 912.0
166	 1199.3	 1113.2
167	 1255.25	 1083.0
168	 1186.4	 1070.2
169	 1191.5	 1062.5
170	 1173.5	 1004.5
171	 1189.0	 1010.9
172	 1225.2	 1058.45
173	 1243.8	 1040.2
174	 1228.4	 1019.15
175	 1231.5	 1008.0
176	 707.0	 889.5
177	 914.4	 971.15
178	 953.6	 966.0
179	 1724.25	 591.5
180	 771.5	 1207.0
181	 923.25	 935.5
182	 1010.3	 984.7
183	 985.05	 987.45
184	 941.5	 918.95
185	 1008.75	 951.25
186	 972.6	 952.8
187	 915.5	 876.5
188	 920.25	 882.25
189	 816.7	 1229.75
190	 905.4	 892.8
191	 1010.3	 847.5
192	 1001.75	 907.25
193	 1280.5	 1004.75
194	 809.0	 1194.0
195	 1042.5	 962.25
196	 1075.45	 962.05
197	 1269.5	 972.25
198	 1054.7	 898.5
199	 1018.3	 860.0
200	 1062.4	 836.4
201	 935.05	 747.5
202	 1142.75	 1265.75
203	 958.1	 817.4
204	 974.75	 805.25
205	 1002.6	 801.1
206	 962.75	 747.25
207	 1745.0	 556.15
208	 978.5	 737.05
209	 914.6	 671.8
210	 913.0	 643.5
211	 962.25	 651.5
212	 974.0	 634.0
213	 1013.5	 810.5
214	 1006.4	 741.2
215	 1031.3	 737.25
216	 1041.5	 731.25
217	 1051.5	 729.0
218	 1076.0	 734.0
219	 1066.0	 784.8
220	 1012.2	 648.0
221	 1012.75	 635.25
222	 1089.25	 685.75
223	 1052.3	 633.9
224	 843.75	 1179.25
225	 1067.6	 632.9
226	 1099.7	 988.2
227	 1137.85	 976.55
228	 1121.0	 973.9
229	 1090.4	 926.9
230	 1097.9	 925.0
231	 1125.5	 929.4
232	 874.0	 1229.0
233	 1167.6	 949.6
234	 1156.75	 947.0
235	 1164.1	 908.9
236	 1105.7	 900.7
237	 1122.5	 877.5
238	 1096.15	 846.9
239	 841.75	 1133.25
240	 1127.3	 851.5
241	 1155.8	 903.3
242	 1200.6	 969.0
243	 1201.25	 985.0
244	 1211.75	 950.25
245	 1175.8	 936.35
246	 1207.0	 934.8
247	 1178.75	 873.0
248	 1204.0	 863.0
249	 1200.75	 840.75
250	 861.8	 1080.0
251	 1249.05	 925.25
252	 1255.25	 895.75
253	 1246.8	 859.3
254	 1258.55	 865.4
255	 1094.8	 802.3
256	 1108.1	 791.5
257	 1123.55	 791.9
258	 1106.35	 732.7
259	 1126.0	 726.5
260	 1156.0	 818.75
261	 1136.05	 822.05
262	 1826.95	 573.25
263	 1189.4	 790.2
264	 1151.2	 779.6
265	 1147.0	 735.0
266	 1147.15	 821.55
267	 1102.0	 654.8
268	 1112.65	 658.55
269	 1100.9	 631.4
270	 1084.15	 624.5
271	 1154.7	 676.7
272	 1170.5	 676.75
273	 1146.6	 657.0
274	 1176.25	 642.75
275	 1893.65	 595.4
276	 1125.5	 651.8
277	 1153.5	 568.5
278	 1222.7	 817.9
279	 1190.6	 731.65
280	 1200.25	 735.25
281	 1223.5	 736.5
282	 1220.75	 775.75
283	 1206.6	 770.8
284	 1228.1	 799.4
285	 1237.8	 795.8
286	 1251.5	 812.5
287	 1251.25	 774.5
288	 1244.55	 734.95
289	 1246.4	 776.0
290	 1211.4	 684.1
291	 1192.9	 626.8
292	 1206.5	 640.5
293	 1253.7	 625.1
294	 1143.75	 613.75
295	 486.15	 596.2
296	 804.8	 966.2
297	 471.65	 585.55
298	 450.1	 536.1
299	 461.3	 541.2
300	 475.85	 528.45
301	 809.4	 911.6
302	 543.6	 577.0
303	 562.0	 571.0
304	 541.0	 564.75
305	 579.1	 593.5
306	 599.55	 608.0
307	 561.0	 537.5
308	 547.8	 542.0
309	 514.0	 513.75
310	 886.4	 1056.4
311	 899.8	 1042.1
312	 576.25	 506.75
313	 597.25	 520.25
314	 1286.25	 700.5
315	 1315.25	 682.5
316	 516.0	 469.25
317	 1524.0	 248.5
318	 529.0	 482.5
319	 851.5	 955.5
320	 551.7	 463.7
321	 830.9	 937.8
322	 594.9	 452.9
323	 554.25	 434.25
324	 546.0	 420.0
325	 606.65	 424.85
326	 596.25	 427.75
327	 610.9	 396.6
328	 623.1	 577.8
329	 624.3	 563.0
330	 709.9	 577.55
331	 111.5	 862.4
332	 636.05	 540.8
333	 1375.25	 825.0
334	 717.75	 511.75
335	 768.75	 603.25
336	 773.4	 595.6
337	 753.75	 584.25
338	 755.95	 601.25
339	 767.75	 578.75
340	 735.4	 567.8
341	 836.0	 587.0
342	 817.5	 579.4
343	 833.75	 524.5
344	 386.75	 752.65
345	 379.2	 739.6
346	 787.75	 507.0
347	 833.4	 534.9
348	 832.25	 515.0
349	 841.25	 488.0
350	 645.2	 459.4
351	 418.6	 733.6
352	 414.85	 708.45
353	 452.0	 725.75
354	 1387.4	 701.0
355	 652.0	 392.4
356	 634.3	 370.35
357	 784.0	 426.75
358	 796.0	 465.0
359	 807.5	 456.5
360	 839.3	 464.3
361	 755.5	 380.9
362	 749.25	 383.0
363	 784.4	 379.0
364	 732.3	 354.7
365	 819.6	 383.2
366	 827.55	 386.55
367	 616.5	 883.0
368	 1485.5	 1004.5
369	 837.25	 352.75
370	 406.25	 198.75
371	 1874.25	 1119.75
372	 1459.6	 968.4
373	 1481.0	 947.75
374	 1518.25	 996.0
375	 667.5	 290.0
376	 681.5	 299.1
377	 701.25	 264.5
378	 738.0	 328.0
379	 785.5	 345.5
380	 767.75	 300.75
381	 889.25	 623.5
382	 706.0	 289.8
383	 742.0	 239.8
384	 781.8	 281.2
385	 811.25	 235.75
386	 581.8	 720.6
387	 594.0	 719.0
388	 779.2	 211.7
389	 786.4	 200.1
390	 386.75	 694.75
391	 1522.25	 928.75
392	 838.6	 178.2
393	 885.3	 594.25
394	 851.5	 566.5
395	 901.65	 544.2
396	 883.5	 522.9
397	 845.9	 479.2
398	 927.2	 507.6
399	 920.9	 535.2
400	 920.75	 492.5
401	 922.5	 505.7
402	 1938.9	 1116.9
403	 946.0	 584.75
404	 1552.75	 944.0
405	 1029.5	 556.6
406	 963.75	 498.5
407	 962.5	 503.5
408	 1003.6	 527.0
409	 1603.5	 999.1
410	 990.25	 491.75
411	 1001.45	 497.35
412	 1015.5	 499.05
413	 845.7	 440.9
414	 896.8	 464.8
415	 863.1	 423.75
416	 882.4	 409.6
417	 864.8	 412.0
418	 904.75	 453.75
419	 1507.5	 717.75
420	 922.0	 471.0
421	 940.5	 442.6
422	 933.0	 434.5
423	 870.6	 365.5
424	 866.0	 357.25
425	 914.7	 394.9
426	 920.65	 383.75
427	 931.1	 374.5
428	 943.0	 435.5
429	 994.05	 427.85
430	 986.0	 400.0
431	 954.6	 356.8
432	 997.5	 392.0
433	 941.85	 404.7
434	 1059.1	 558.2
435	 1097.25	 601.0
436	 1800.6	 1033.35
437	 1149.5	 578.25
438	 1096.75	 542.75
439	 585.4	 702.0
440	 617.25	 708.5
441	 1142.9	 504.4
442	 1118.25	 494.0
443	 1139.25	 498.25
444	 1169.5	 598.75
445	 502.1	 655.6
446	 1170.5	 547.25
447	 1197.4	 569.8
448	 1224.8	 577.6
449	 1235.75	 542.5
450	 1043.75	 1011.0
451	 1178.25	 528.5
452	 556.8	 628.4
453	 1226.65	 484.95
454	 1255.0	 477.0
455	 1207.0	 465.25
456	 1150.25	 595.0
457	 1056.6	 456.0
458	 1066.6	 455.55
459	 1076.25	 410.5
460	 610.25	 632.5
461	 1095.5	 440.5
462	 1526.75	 756.75
463	 1133.5	 450.6
464	 1078.6	 379.3
465	 1549.25	 755.0
466	 1074.75	 331.25
467	 1131.5	 354.75
468	 1133.15	 375.3
469	 1171.0	 457.0
470	 1159.0	 460.5
471	 1147.5	 412.75
472	 1171.25	 404.75
473	 1168.25	 418.0
474	 1225.5	 443.5
475	 739.0	 879.8
476	 1202.75	 473.0
477	 1210.75	 403.25
478	 1249.7	 394.3
479	 1250.15	 422.7
480	 1150.4	 387.85
481	 1174.0	 396.25
482	 1154.4	 347.7
483	 1174.0	 359.25
484	 1233.8	 391.6
485	 1204.0	 334.2
486	 1589.6	 783.0
487	 688.75	 827.75
488	 877.5	 324.95
489	 653.0	 721.2
490	 929.5	 311.0
491	 693.8	 709.6
492	 2056.75	 629.25
493	 729.0	 830.2
494	 886.0	 269.7
495	 903.0	 221.0
496	 843.0	 208.1
497	 1571.75	 757.25
498	 960.1	 279.5
499	 1019.3	 309.4
500	 1033.25	 308.75
501	 996.05	 304.6
502	 1004.75	 232.75
503	 1013.85	 210.9
504	 886.2	 202.8
505	 1594.6	 742.4
506	 874.25	 155.5
507	 1627.5	 745.25
508	 918.55	 208.8
509	 912.5	 180.0
510	 1593.0	 707.0
511	 797.0	 840.0
512	 1658.5	 1305.75
513	 828.2	 891.8
514	 877.75	 888.75
515	 1849.5	 937.75
516	 958.65	 185.5
517	 980.0	 196.0
518	 776.25	 821.5
519	 1027.9	 196.8
520	 1018.8	 161.0
521	 991.75	 155.5
522	 960.0	 123.35
523	 796.5	 720.0
524	 1001.3	 113.0
525	 1680.8	 1301.0
526	 1060.0	 330.4
527	 1689.3	 1285.8
528	 1128.4	 288.4
529	 1135.9	 282.5
530	 1143.0	 285.8
531	 1141.0	 268.0
532	 1066.5	 255.0
533	 1064.1	 266.8
534	 1099.2	 216.9
535	 1095.5	 247.25
536	 1106.15	 218.2
537	 1157.25	 234.75
538	 890.9	 712.2
539	 641.8	 698.8
540	 1145.0	 198.5
541	 1174.0	 280.25
542	 1181.6	 300.4
543	 1182.55	 270.65
544	 1654.6	 1110.1
545	 1257.95	 298.15
546	 1241.6	 298.8
547	 1264.8	 275.2
548	 1165.4	 237.2
549	 1216.25	 248.0
550	 1242.5	 263.7
551	 1227.2	 234.5
552	 1239.9	 200.4
553	 1249.5	 201.6
554	 1079.0	 181.0
555	 1091.2	 173.6
556	 1068.0	 142.25
557	 1121.75	 157.5
558	 1111.25	 157.0
559	 1162.5	 145.8
560	 1088.0	 109.8
561	 1082.7	 105.2
562	 1145.0	 86.5
563	 1761.15	 1278.2
564	 1177.5	 174.5
565	 1202.7	 176.2
566	 1198.8	 121.7
567	 1186.1	 123.8
568	 1258.2	 145.4
569	 1245.0	 129.5
570	 1237.7	 119.1
571	 1764.35	 1251.4
572	 1186.5	 113.5
573	 1167.0	 87.45
574	 1181.5	 85.4
575	 1256.7	 75.0
576	 1250.25	 20.5
577	 1745.75	 1117.25
578	 1756.0	 1219.0
579	 1289.2	 1371.45
580	 1774.5	 1192.25
581	 1294.3	 1362.3
582	 1342.6	 1363.6
583	 1315.0	 1325.0
584	 1315.5	 1303.25
585	 1353.0	 1310.25
586	 1275.8	 1289.5
587	 1305.5	 1262.25
588	 1345.7	 1252.5
589	 1301.0	 1233.5
590	 1313.6	 1231.75
591	 1312.0	 1214.0
592	 1300.4	 1201.2
593	 1350.0	 1203.0
594	 1384.5	 1355.75
595	 1793.6	 1183.5
596	 1797.8	 1180.1
597	 1409.4	 1304.4
598	 1358.95	 1245.45
599	 1372.0	 1251.3
600	 1359.1	 1204.85
601	 1420.75	 1270.75
602	 1431.6	 1271.25
603	 1679.25	 1005.5
604	 1419.0	 1245.5
605	 1427.5	 1243.5
606	 1734.8	 1058.2
607	 1426.5	 1224.25
608	 1270.0	 1176.2
609	 1269.0	 1150.0
610	 1294.0	 1145.2
611	 1964.35	 551.75
612	 1302.0	 1123.8
613	 1320.75	 1131.75
614	 1319.0	 1122.25
615	 1342.4	 1128.4
616	 1265.25	 1081.0
617	 1286.5	 1108.2
618	 1323.75	 1114.5
619	 830.4	 617.0
620	 1309.5	 1029.75
621	 1377.9	 1173.4
622	 1405.75	 1165.0
623	 1430.0	 1163.5
624	 1404.25	 1120.75
625	 1411.8	 1120.5
626	 1358.05	 1081.65
627	 1347.4	 1078.75
628	 1371.75	 1084.25
629	 1376.7	 1066.2
630	 1389.2	 1017.4
631	 1400.25	 1031.25
632	 939.8	 1276.2
633	 1407.25	 1020.0
634	 1450.5	 1301.5
635	 1748.2	 1060.3
636	 1495.2	 1346.2
637	 1494.6	 1329.0
638	 1514.1	 1327.15
639	 1504.5	 1299.25
640	 1455.75	 1281.75
641	 1458.0	 1263.75
642	 1469.8	 1247.5
643	 1010.0	 1305.25
644	 998.6	 1276.2
645	 1506.5	 1238.5
646	 1519.0	 1337.5
647	 945.35	 1248.35
648	 1550.1	 1308.05
649	 1961.4	 436.7
650	 1612.55	 1310.6
651	 1577.5	 1277.75
652	 1628.0	 1303.75
653	 1538.5	 1248.0
654	 1554.3	 1248.0
655	 1557.75	 1237.0
656	 1596.9	 942.25
657	 1559.6	 1208.2
658	 924.75	 1177.5
659	 1618.0	 1227.5
660	 895.8	 1235.8
661	 1445.5	 1156.75
662	 1778.75	 956.75
663	 1754.25	 932.0
664	 1501.8	 1154.3
665	 1597.7	 763.1
666	 1507.0	 1176.25
667	 1532.25	 1140.5
668	 1745.8	 911.4
669	 1534.8	 1125.4
670	 1497.25	 1177.75
671	 1487.75	 1056.75
672	 1467.75	 1070.0
673	 1446.85	 1048.25
674	 1497.0	 1094.25
675	 1490.6	 1048.3
676	 1530.0	 1056.8
677	 1505.9	 1098.7
678	 1529.5	 1033.25
679	 1059.0	 1311.75
680	 1033.5	 1293.7
681	 1020.6	 1276.2
682	 1608.0	 1165.9
683	 1615.85	 1143.65
684	 1633.05	 1178.3
685	 1603.0	 736.5
686	 1638.6	 1133.6
687	 1611.0	 1140.85
688	 1095.5	 1340.0
689	 1546.2	 1101.65
690	 1564.5	 1089.6
691	 1561.5	 1065.25
692	 1539.25	 1048.5
693	 1093.5	 1304.25
694	 1608.6	 1105.2
695	 1632.6	 1082.9
696	 1053.25	 1255.25
697	 1593.9	 1041.1
698	 1593.2	 1055.0
699	 1615.7	 1029.8
700	 1613.55	 1041.1
701	 1272.1	 998.1
702	 1275.3	 977.8
703	 1302.0	 967.75
704	 1312.5	 987.25
705	 1328.6	 972.4
706	 1339.35	 962.95
707	 1264.05	 927.3
708	 1295.1	 932.3
709	 1304.1	 882.65
710	 1821.4	 841.6
711	 1337.3	 938.3
712	 1429.5	 990.25
713	 1912.6	 1181.8
714	 1860.25	 1155.5
715	 1414.75	 967.0
716	 1417.3	 945.6
717	 1365.8	 905.4
718	 1404.75	 936.75
719	 1370.6	 889.8
720	 1854.6	 1111.0
721	 1366.2	 928.4
722	 1440.7	 935.25
723	 1425.6	 878.9
724	 1441.5	 882.0
725	 1451.0	 871.5
726	 1432.0	 904.25
727	 1289.75	 859.75
728	 1285.2	 820.9
729	 1295.25	 806.0
730	 1360.0	 835.0
731	 1318.85	 806.5
732	 1339.25	 830.0
733	 1368.6	 856.2
734	 1278.5	 780.25
735	 1272.0	 732.0
736	 1275.5	 732.5
737	 1296.6	 731.8
738	 1156.2	 1215.4
739	 1305.8	 732.2
740	 953.7	 1077.45
741	 1322.75	 733.5
742	 1321.8	 694.0
743	 1355.6	 736.3
744	 1383.9	 849.05
745	 1414.0	 856.5
746	 2138.4	 473.0
747	 1388.5	 806.0
748	 1444.0	 867.7
749	 1374.25	 717.25
750	 1389.5	 715.0
751	 1416.25	 745.75
752	 1424.6	 770.9
753	 1410.0	 790.2
754	 1441.0	 780.5
755	 1420.75	 728.75
756	 965.5	 1013.0
757	 1465.95	 973.45
758	 1500.5	 997.0
759	 1481.5	 933.6
760	 1503.75	 1008.0
761	 1537.5	 951.6
762	 1473.9	 891.1
763	 1971.25	 1095.75
764	 1469.4	 864.2
765	 1480.0	 872.0
766	 1529.9	 912.1
767	 1525.6	 926.2
768	 1537.05	 870.5
769	 1521.5	 846.2
770	 1558.25	 1001.95
771	 1561.4	 991.4
772	 1548.8	 949.3
773	 1572.75	 968.0
774	 1985.1	 1051.25
775	 1584.2	 960.2
776	 1613.5	 1003.5
777	 1618.3	 1026.7
778	 1628.55	 986.45
779	 1583.75	 906.75
780	 1542.5	 870.0
781	 1565.65	 847.9
782	 1580.25	 842.25
783	 1601.0	 916.8
784	 1609.6	 920.4
785	 1593.0	 941.0
786	 1625.4	 886.1
787	 1492.15	 830.2
788	 1924.9	 1006.75
789	 1467.9	 804.95
790	 1487.0	 785.4
791	 1975.5	 1035.75
792	 1551.55	 800.15
793	 1533.4	 771.3
794	 1556.25	 768.95
795	 1494.2	 757.6
796	 1462.25	 704.75
797	 2010.8	 1019.6
798	 1516.5	 719.25
799	 1525.25	 730.25
800	 1521.75	 727.25
801	 1544.65	 767.6
802	 1515.5	 712.5
803	 1503.5	 687.5
804	 1547.2	 698.8
805	 1539.5	 671.0
806	 1459.25	 797.5
807	 1555.8	 797.0
808	 1586.1	 818.3
809	 1606.5	 787.0
810	 1609.0	 780.7
811	 1631.9	 759.25
812	 1606.7	 799.5
813	 1586.7	 708.9
814	 1574.65	 662.3
815	 1605.2	 738.8
816	 1952.0	 987.75
817	 1970.6	 972.8
818	 1650.5	 1296.75
819	 1641.7	 1208.6
820	 1219.5	 1168.5
821	 1655.4	 1186.6
822	 1702.0	 1279.2
823	 1642.25	 1155.0
824	 1653.5	 1116.9
825	 1130.65	 1258.55
826	 1672.0	 1163.9
827	 1776.5	 1234.35
828	 1811.4	 1253.7
829	 1794.8	 1235.1
830	 1826.5	 1231.25
831	 1760.5	 1226.75
832	 1739.3	 1098.8
833	 1167.75	 1297.5
834	 1811.25	 1198.25
835	 1796.8	 1183.4
836	 1133.25	 1234.5
837	 1656.5	 1042.75
838	 1653.2	 1015.5
839	 1664.0	 1000.0
840	 1717.6	 1051.8
841	 1646.75	 976.25
842	 1669.75	 992.25
843	 1641.15	 953.15
844	 1684.1	 957.4
845	 1652.7	 939.7
846	 1728.4	 979.45
847	 1698.4	 926.2
848	 1723.1	 939.8
849	 1683.4	 973.4
850	 1741.25	 1065.25
851	 1744.25	 1071.25
852	 1762.5	 1026.6
853	 1776.4	 973.0
854	 1748.9	 970.0
855	 1744.4	 917.4
856	 1733.5	 924.5
857	 1755.0	 930.0
858	 1770.9	 923.0
859	 1786.75	 971.75
860	 1791.5	 935.5
861	 1798.0	 942.2
862	 1827.9	 1236.5
863	 1879.7	 1214.7
864	 1852.0	 1171.1
865	 1908.2	 1192.4
866	 1907.5	 1184.25
867	 1889.5	 1175.0
868	 1859.25	 1162.0
869	 1853.0	 1119.0
870	 1669.0	 842.6
871	 1232.0	 1289.0
872	 1900.5	 1139.0
873	 1885.6	 1085.0
874	 1705.5	 862.5
875	 1189.0	 1259.75
876	 1976.1	 1142.2
877	 1982.4	 1102.8
878	 2016.75	 1101.75
879	 1969.6	 1126.4
880	 1944.5	 1080.2
881	 1974.8	 1093.3
882	 1981.8	 1075.8
883	 1975.0	 1070.5
884	 2016.8	 1074.8
885	 2013.2	 1085.8
886	 2055.0	 1057.8
887	 2046.4	 1048.0
888	 1803.3	 311.8
889	 1929.7	 1040.6
890	 1934.25	 1037.25
891	 1672.9	 804.4
892	 1925.0	 1011.3
893	 1951.7	 1000.2
894	 1976.9	 999.6
895	 1829.0	 972.7
896	 1233.0	 1127.25
897	 1861.0	 910.8
898	 1869.4	 904.6
899	 1975.8	 977.3
900	 1978.0	 991.75
901	 2026.0	 986.5
902	 2036.55	 969.95
903	 2044.75	 1016.25
904	 2047.1	 1001.9
905	 2088.7	 1006.6
906	 1104.5	 1086.5
907	 2032.5	 965.0
908	 2072.4	 931.6
909	 2030.5	 923.5
910	 2141.25	 939.0
911	 1157.8	 1123.0
912	 1640.75	 885.5
913	 1649.5	 882.0
914	 1654.0	 850.0
915	 1698.2	 886.8
916	 1721.4	 888.05
917	 1710.45	 888.2
918	 1751.7	 872.65
919	 1659.8	 842.3
920	 1669.9	 811.4
921	 1662.75	 811.5
922	 1703.2	 835.8
923	 1700.0	 797.0
924	 1720.7	 796.5
925	 1743.9	 795.6
926	 1776.3	 896.9
927	 1206.2	 1120.4
928	 1793.4	 862.2
929	 1805.6	 861.8
930	 1840.6	 894.4
931	 1844.25	 897.0
932	 1851.6	 899.3
933	 1782.8	 840.45
934	 1789.1	 823.8
935	 1819.25	 841.75
936	 1812.0	 826.4
937	 1855.25	 787.5
938	 1648.0	 775.7
939	 1686.25	 762.5
940	 1684.9	 770.5
941	 1683.95	 740.6
942	 1744.25	 783.25
943	 1732.2	 761.0
944	 1640.3	 714.9
945	 1634.2	 679.85
946	 1628.5	 678.2
947	 1178.2	 1078.2
948	 1697.8	 719.8
949	 1738.75	 717.25
950	 1727.75	 723.45
951	 1693.75	 678.25
952	 1745.05	 697.35
953	 1754.0	 687.75
954	 1734.0	 765.0
955	 1791.9	 728.5
956	 1823.4	 784.3
957	 1871.5	 782.25
958	 1230.2	 1101.2
959	 1847.35	 741.9
960	 1780.9	 702.4
961	 1784.75	 694.65
962	 1814.8	 693.6
963	 1817.7	 697.95
964	 1874.0	 722.5
965	 1845.6	 707.2
966	 1867.6	 710.0
967	 1590.8	 1146.8
968	 1183.6	 1060.4
969	 1872.75	 692.25
970	 1869.8	 674.7
971	 1774.5	 682.5
972	 719.25	 683.75
973	 1927.0	 840.8
974	 1189.75	 1019.0
975	 1218.4	 1020.6
976	 1897.5	 835.0
977	 1937.8	 804.8
978	 1953.2	 813.2
979	 2095.1	 905.5
980	 2119.95	 901.1
981	 2117.8	 836.4
982	 2119.5	 841.75
983	 2162.0	 898.8
984	 2134.9	 840.45
985	 2186.8	 836.9
986	 2076.2	 880.2
987	 2141.4	 827.0
988	 1926.5	 763.0
989	 1920.0	 775.4
990	 1915.75	 741.0
991	 1985.3	 762.5
992	 1970.2	 749.8
993	 1996.0	 729.5
994	 1972.0	 705.0
995	 1919.1	 706.8
996	 1870.0	 776.0
997	 2001.75	 722.0
998	 1981.4	 726.4
999	 938.0	 980.25
1000	 2036.2	 686.0
1001	 1877.0	 725.0
1002	 2222.0	 741.75
1003	 2208.8	 724.4
1004	 2218.75	 725.0
1005	 1772.8	 702.8
1006	 1269.8	 627.4
1007	 1282.25	 615.5
1008	 1302.0	 619.0
1009	 1326.75	 654.0
1010	 1336.0	 626.75
1011	 1797.4	 699.2
1012	 1307.0	 563.0
1013	 1313.5	 561.5
1014	 1312.5	 600.0
1015	 942.4	 932.8
1016	 1381.9	 672.3
1017	 1381.25	 626.75
1018	 1415.8	 662.7
1019	 1442.75	 679.5
1020	 1442.4	 663.4
1021	 1420.7	 613.1
1022	 1379.75	 599.0
1023	 1398.75	 567.25
1024	 1042.8	 967.4
1025	 2045.8	 871.6
1026	 1909.3	 856.0
1027	 1306.55	 486.35
1028	 2068.8	 884.8
1029	 1332.75	 463.0
1030	 1356.5	 489.75
1031	 1294.8	 447.65
1032	 1287.35	 460.9
1033	 1287.35	 432.1
1034	 1265.0	 372.25
1035	 1299.6	 409.55
1036	 1300.25	 390.25
1037	 2091.5	 841.1
1038	 1348.7	 466.1
1039	 1357.6	 444.0
1040	 1342.0	 419.5
1041	 1344.0	 426.75
1042	 1341.2	 389.2
1043	 1365.75	 529.0
1044	 1414.15	 517.25
1045	 1367.25	 493.25
1046	 1414.5	 480.0
1047	 1917.0	 808.2
1048	 1430.6	 523.5
1049	 1431.0	 516.5
1050	 1453.75	 529.75
1051	 1018.25	 862.5
1052	 1039.2	 856.0
1053	 1426.25	 449.0
1054	 1069.9	 898.7
1055	 1398.4	 434.2
1056	 1411.75	 403.0
1057	 1396.5	 409.25
1058	 1428.15	 463.8
1059	 2088.9	 821.6
1060	 1445.0	 396.15
1061	 1415.5	 391.75
1062	 1067.7	 836.9
1063	 1451.1	 377.6
1064	 1929.3	 319.2
1065	 1492.05	 645.4
1066	 1495.6	 652.4
1067	 1496.25	 688.8
1068	 1482.3	 640.1
1069	 1466.6	 641.8
1070	 1523.5	 676.0
1071	 1520.5	 626.75
1072	 1515.25	 679.5
1073	 2114.0	 882.75
1074	 1552.4	 594.0
1075	 1487.4	 586.6
1076	 1482.8	 562.45
1077	 1522.25	 591.0
1078	 2116.5	 850.75
1079	 946.0	 842.4
1080	 1555.8	 577.6
1081	 1559.5	 665.5
1082	 2142.5	 869.35
1083	 1593.75	 623.8
1084	 1594.9	 654.2
1085	 1565.0	 610.1
1086	 1608.6	 592.6
1087	 2146.5	 845.25
1088	 1668.5	 676.25
1089	 1637.2	 638.0
1090	 1626.4	 597.4
1091	 1562.25	 569.0
1092	 1578.7	 565.3
1093	 1575.4	 561.2
1094	 1602.5	 577.75
1095	 1577.75	 533.5
1096	 1634.8	 582.2
1097	 1610.6	 561.8
1098	 2137.75	 799.75
1099	 1610.8	 549.6
1100	 1665.0	 548.9
1101	 1660.4	 528.6
1102	 1481.7	 513.2
1103	 1505.5	 514.25
1104	 1517.7	 510.35
1105	 1467.4	 457.6
1106	 1540.9	 494.95
1107	 1551.6	 501.6
1108	 1559.1	 526.3
1109	 1545.85	 469.4
1110	 1541.1	 455.7
1111	 1475.25	 384.75
1112	 1481.7	 382.0
1113	 1508.95	 413.4
1114	 1905.25	 742.75
1115	 1556.25	 440.5
1116	 1564.0	 425.3
1117	 1536.6	 409.4
1118	 1544.2	 376.0
1119	 1551.1	 380.05
1120	 1548.8	 407.3
1121	 1506.7	 432.15
1122	 1579.0	 504.0
1123	 1592.55	 508.1
1124	 1570.9	 525.6
1125	 1592.6	 481.4
1126	 1625.75	 488.0
1127	 1643.6	 529.6
1128	 1649.6	 524.2
1129	 1654.3	 502.6
1130	 1670.4	 495.7
1131	 1638.5	 478.25
1132	 1003.25	 794.0
1133	 1045.2	 819.2
1134	 1603.15	 460.3
1135	 1604.8	 404.4
1136	 1026.5	 771.0
1137	 1650.7	 448.5
1138	 1641.6	 441.7
1139	 1626.1	 455.7
1140	 1039.75	 692.0
1141	 1618.75	 404.5
1142	 1651.7	 400.8
1143	 1270.6	 348.5
1144	 1311.0	 348.5
1145	 1286.25	 333.75
1146	 1292.8	 322.0
1147	 1300.0	 303.4
1148	 1307.75	 377.0
1149	 1343.0	 339.7
1150	 1327.5	 336.0
1151	 1308.75	 288.75
1152	 2009.4	 709.2
1153	 1313.5	 255.25
1154	 1282.2	 231.7
1155	 1288.0	 245.25
1156	 2037.4	 701.0
1157	 1354.1	 267.25
1158	 1015.4	 678.4
1159	 1355.15	 255.35
1160	 1332.0	 220.0
1161	 1373.5	 356.25
1162	 1382.0	 353.7
1163	 1387.5	 339.5
1164	 2227.8	 742.0
1165	 1409.0	 358.8
1166	 1439.3	 360.4
1167	 1423.75	 381.75
1168	 1447.3	 332.6
1169	 1048.0	 642.0
1170	 1388.75	 294.75
1171	 1365.2	 234.6
1172	 1409.0	 235.25
1173	 1414.25	 258.5
1174	 1447.75	 289.0
1175	 1413.5	 242.0
1176	 1274.8	 187.5
1177	 1319.0	 179.9
1178	 1319.0	 172.75
1179	 1118.9	 965.4
1180	 1318.25	 164.5
1181	 1344.0	 131.75
1182	 1335.75	 128.75
1183	 1304.0	 625.0
1184	 1271.7	 114.7
1185	 1272.2	 85.0
1186	 1266.8	 98.1
1187	 1311.5	 91.5
1188	 1331.4	 96.8
1189	 1363.3	 191.9
1190	 1389.2	 179.3
1191	 1172.5	 987.65
1192	 1408.0	 169.5
1193	 1405.85	 151.8
1194	 1369.5	 123.5
1195	 1363.4	 105.0
1196	 1364.8	 119.2
1197	 1412.8	 143.6
1198	 1405.5	 113.0
1199	 1417.0	 144.6
1200	 1433.7	 125.9
1201	 1438.0	 371.9
1202	 1108.25	 902.5
1203	 1448.75	 341.0
1204	 1450.0	 323.0
1205	 1519.2	 356.2
1206	 1324.0	 570.0
1207	 1157.0	 892.8
1208	 1495.25	 281.45
1209	 1133.0	 880.9
1210	 1509.05	 312.6
1211	 1363.7	 559.1
1212	 1156.4	 832.0
1213	 1529.2	 311.2
1214	 1548.55	 312.7
1215	 1164.1	 856.2
1216	 1498.7	 251.7
1217	 1546.35	 259.45
1218	 1563.0	 353.4
1219	 1597.6	 361.0
1220	 1573.0	 347.5
1221	 1589.1	 314.1
1222	 1623.5	 367.0
1223	 1658.0	 362.25
1224	 1654.9	 351.6
1225	 1187.0	 938.8
1226	 1590.2	 304.2
1227	 1568.5	 244.75
1228	 1606.75	 269.75
1229	 1622.4	 283.6
1230	 1439.25	 679.75
1231	 1259.25	 950.25
1232	 1478.5	 176.25
1233	 1381.5	 1353.5
1234	 1463.75	 160.5
1235	 1357.8	 1299.9
1236	 1514.0	 174.75
1237	 1544.25	 208.55
1238	 1380.5	 594.25
1239	 1400.25	 584.5
1240	 1480.6	 133.0
1241	 1517.0	 169.75
1242	 1212.75	 869.5
1243	 1383.4	 568.0
1244	 1592.2	 245.0
1245	 1593.9	 233.6
1246	 1665.5	 238.25
1247	 1642.25	 240.0
1248	 1671.0	 197.75
1249	 1415.9	 610.2
1250	 1640.6	 245.0
1251	 1563.1	 169.4
1252	 1738.0	 605.0
1253	 1306.0	 535.5
1254	 1739.1	 670.5
1255	 1738.35	 659.6
1256	 1710.0	 646.4
1257	 1681.0	 620.0
1258	 1760.2	 640.35
1259	 1769.2	 679.1
1260	 1689.0	 612.25
1261	 1330.3	 602.65
1262	 1774.2	 587.8
1263	 1786.0	 618.6
1264	 1351.5	 494.5
1265	 1735.6	 577.0
1266	 1853.5	 666.3
1267	 1829.0	 640.75
1268	 1822.6	 633.6
1269	 859.9	 215.4
1270	 1854.8	 647.0
1271	 1919.6	 669.0
1272	 1907.0	 645.6
1273	 1923.5	 664.5
1274	 1920.0	 641.7
1275	 1875.5	 610.6
1276	 1812.5	 628.0
1277	 1178.8	 794.1
1278	 1860.15	 608.3
1279	 1192.25	 798.0
1280	 1927.5	 604.5
1281	 1877.0	 575.35
1282	 1856.6	 567.5
1283	 1915.5	 558.75
1284	 1680.9	 527.3
1285	 1709.4	 528.4
1286	 1725.4	 534.9
1287	 1680.0	 503.75
1288	 1705.7	 503.9
1289	 1738.25	 522.25
1290	 1779.5	 508.75
1291	 1792.4	 484.1
1292	 1816.6	 702.6
1293	 1704.2	 470.5
1294	 1733.45	 462.8
1295	 1703.0	 434.5
1296	 1706.25	 456.5
1297	 1750.5	 494.5
1298	 1154.6	 684.6
1299	 1796.75	 452.75
1300	 1848.0	 539.75
1301	 1836.25	 506.0
1302	 1845.1	 501.0
1303	 1827.1	 479.6
1304	 1857.5	 479.9
1305	 1859.8	 522.0
1306	 1910.0	 514.0
1307	 1905.2	 485.6
1308	 1159.5	 620.0
1309	 1821.1	 473.2
1310	 1847.5	 462.75
1311	 1882.75	 472.25
1312	 1849.0	 471.0
1313	 1851.0	 442.1
1314	 1889.6	 446.0
1315	 1929.45	 434.9
1316	 1959.0	 659.75
1317	 1985.4	 656.1
1318	 1954.6	 631.2
1319	 1442.0	 488.0
1320	 1963.75	 652.5
1321	 1969.0	 623.5
1322	 1228.25	 823.25
1323	 2050.2	 664.7
1324	 2046.0	 657.5
1325	 2004.4	 640.0
1326	 1999.25	 627.5
1327	 1385.25	 448.25
1328	 1365.5	 439.5
1329	 1948.45	 546.5
1330	 1962.5	 576.5
1331	 1980.4	 585.5
1332	 1966.9	 586.05
1333	 2020.4	 603.2
1334	 2000.75	 598.75
1335	 2007.2	 598.4
1336	 2005.4	 568.55
1337	 1440.8	 442.2
1338	 2031.0	 559.7
1339	 2068.75	 620.25
1340	 2094.25	 602.0
1341	 1205.25	 676.5
1342	 2198.75	 585.75
1343	 2137.4	 583.7
1344	 2052.9	 637.0
1345	 2074.1	 559.5
1346	 1965.0	 511.0
1347	 1203.2	 641.8
1348	 1221.5	 681.5
1349	 1244.0	 677.0
1350	 2016.75	 484.5
1351	 1942.6	 466.2
1352	 1946.5	 471.0
1353	 1496.8	 641.8
1354	 1969.0	 443.75
1355	 1945.2	 432.2
1356	 2007.2	 478.5
1357	 1483.2	 631.8
1358	 2033.4	 478.4
1359	 2008.75	 447.5
1360	 2019.8	 437.05
1361	 2077.1	 490.3
1362	 2076.7	 479.0
1363	 2100.6	 534.2
1364	 2161.4	 490.3
1365	 2065.0	 476.0
1366	 2055.0	 437.85
1367	 2093.8	 452.55
1368	 1432.2	 606.7
1369	 1696.75	 400.25
1370	 1696.75	 410.5
1371	 1720.0	 398.0
1372	 489.0	 525.5
1373	 1446.0	 573.5
1374	 1771.9	 425.4
1375	 1772.6	 402.4
1376	 1775.5	 412.5
1377	 1734.1	 387.75
1378	 1750.0	 388.5
1379	 1738.6	 376.4
1380	 1711.7	 351.5
1381	 1482.0	 587.0
1382	 1726.5	 307.25
1383	 1731.0	 348.8
1384	 1747.0	 326.5
1385	 1730.6	 297.2
1386	 1732.25	 313.75
1387	 1777.7	 315.0
1388	 1672.75	 318.25
1389	 1817.7	 421.8
1390	 562.5	 571.0
1391	 1831.5	 381.0
1392	 1514.25	 587.5
1393	 1860.25	 406.0
1394	 605.3	 605.35
1395	 1824.5	 330.0
1396	 1840.75	 329.75
1397	 587.75	 562.0
1398	 1865.8	 301.2
1399	 1878.1	 312.6
1400	 1707.8	 283.3
1401	 1701.7	 286.2
1402	 1706.95	 249.65
1403	 1714.0	 249.5
1404	 1758.0	 238.0
1405	 1714.0	 212.5
1406	 1700.25	 225.5
1407	 1366.95	 971.35
1408	 1673.25	 221.0
1409	 570.5	 544.5
1410	 1626.0	 601.0
1411	 582.0	 528.75
1412	 1794.45	 285.95
1413	 1782.3	 256.7
1414	 1804.4	 265.5
1415	 1934.0	 411.5
1416	 1970.9	 374.0
1417	 552.75	 468.75
1418	 532.5	 485.25
1419	 1593.25	 578.25
1420	 1962.15	 352.0
1421	 612.0	 466.75
1422	 544.9	 462.1
1423	 1959.5	 325.5
1424	 1602.8	 534.0
1425	 1582.25	 535.0
1426	 2012.25	 364.5
1427	 2051.5	 406.0
1428	 2061.4	 425.0
1429	 2020.4	 383.2
1430	 2020.25	 367.75
1431	 1475.0	 506.0
1432	 605.9	 393.4
1433	 1519.75	 483.25
1434	 958.3	 179.6
1435	 631.75	 587.75
1436	 616.0	 579.5
1437	 1551.0	 471.3
1438	 1323.2	 453.7
1439	 1562.0	 454.0
1440	 706.0	 583.25
1441	 708.2	 546.0
1442	 633.25	 529.25
1443	 1479.6	 391.6
1444	 632.6	 491.8
1445	 707.4	 513.8
1446	 752.5	 603.5
1447	 1594.8	 510.3
1448	 777.25	 596.0
1449	 1669.5	 488.2
1450	 1594.4	 444.4
1451	 778.5	 498.75
1452	 744.5	 503.5
1453	 1446.35	 1220.55
1454	 826.0	 485.45
1455	 657.25	 470.0
1456	 723.75	 443.5
1457	 1280.4	 315.6
1458	 680.25	 394.25
1459	 1317.6	 304.8
1460	 1344.75	 346.25
1461	 1332.5	 326.2
1462	 1551.8	 1327.4
1463	 803.8	 473.1
1464	 1299.4	 282.4
1465	 839.8	 433.6
1466	 1342.25	 282.25
1467	 1331.25	 223.25
1468	 407.25	 185.0
1469	 1443.4	 312.6
1470	 1361.7	 267.4
1471	 436.4	 261.2
1472	 1522.9	 607.2
1473	 597.4	 273.0
1474	 746.75	 336.5
1475	 1428.4	 215.6
1476	 1443.5	 294.75
1477	 704.5	 301.75
1478	 1305.25	 172.3
1479	 1484.1	 1181.9
1480	 1332.5	 137.0
1481	 1266.5	 16.25
1482	 830.6	 248.2
1483	 424.0	 228.5
1484	 1618.5	 639.0
1485	 783.2	 196.0
1486	 1400.6	 148.7
1487	 1441.3	 144.4
1488	 921.25	 570.75
1489	 1511.25	 374.25
1490	 1516.0	 344.0
1491	 910.6	 510.2
1492	 924.9	 530.9
1493	 913.95	 491.25
1494	 1466.25	 263.75
1495	 1351.75	 1313.75
1496	 1528.0	 298.0
1497	 457.3	 570.9
1498	 1590.25	 1180.75
1499	 1668.0	 353.75
1500	 1028.8	 504.6
1501	 1596.5	 275.5
1502	 1671.0	 300.5
1503	 1649.75	 250.25
1504	 876.0	 431.3
1505	 1487.1	 203.4
1506	 1501.75	 215.0
1507	 894.4	 444.8
1508	 838.5	 1041.5
1509	 1624.2	 1082.6
1510	 884.25	 361.0
1511	 900.75	 392.25
1512	 915.5	 403.0
1513	 1565.75	 241.0
1514	 970.6	 462.0
1515	 1001.0	 445.25
1516	 1012.2	 415.2
1517	 1628.25	 251.25
1518	 1007.5	 398.75
1519	 1629.25	 144.75
1520	 1009.5	 345.5
1521	 1068.8	 562.8
1522	 865.5	 1018.75
1523	 1777.6	 674.2
1524	 1770.8	 639.2
1525	 716.25	 385.25
1526	 1780.25	 624.5
1527	 1128.75	 580.25
1528	 1103.75	 537.75
1529	 1113.2	 506.4
1530	 1089.5	 482.0
1531	 1802.0	 549.75
1532	 1120.0	 486.25
1533	 1823.25	 651.75
1534	 1875.5	 672.0
1535	 1897.5	 655.0
1536	 1247.0	 608.5
1537	 1235.5	 593.5
1538	 1816.2	 614.3
1539	 1860.5	 619.5
1540	 1162.2	 522.0
1541	 1157.0	 491.0
1542	 1635.0	 408.0
1543	 1062.25	 409.0
1544	 1767.2	 546.6
1545	 1129.1	 438.2
1546	 1131.0	 410.25
1547	 1044.3	 388.2
1548	 1074.6	 366.8
1549	 1073.9	 340.8
1550	 872.5	 982.75
1551	 1104.0	 388.0
1552	 1713.8	 431.3
1553	 1105.25	 363.0
1554	 1847.4	 1121.4
1555	 1187.4	 391.2
1556	 1958.5	 665.75
1557	 916.6	 314.8
1558	 895.75	 270.25
1559	 863.75	 253.75
1560	 868.6	 232.0
1561	 899.4	 1144.2
1562	 1948.0	 600.0
1563	 1445.75	 826.75
1564	 1954.6	 576.2
1565	 1009.8	 277.6
1566	 1036.7	 277.0
1567	 2065.6	 663.0
1568	 2060.8	 642.6
1569	 2079.4	 627.4
1570	 2102.0	 636.0
1571	 1031.4	 245.7
1572	 2060.0	 586.25
1573	 883.3	 198.2
1574	 876.75	 174.25
1575	 2093.6	 573.0
1576	 917.25	 196.25
1577	 2141.25	 578.75
1578	 2192.8	 594.0
1579	 977.25	 211.75
1580	 962.75	 154.7
1581	 1988.25	 488.1
1582	 1031.75	 201.25
1583	 1055.8	 202.0
1584	 1338.3	 194.9
1585	 2040.8	 484.2
1586	 1142.3	 1099.7
1587	 2046.6	 427.4
1588	 1149.4	 327.6
1589	 1123.0	 276.75
1590	 2130.2	 475.4
1591	 2158.0	 462.0
1592	 2162.8	 478.3
1593	 1633.4	 483.95
1594	 2144.0	 446.0
1595	 1096.0	 256.8
1596	 1072.5	 202.0
1597	 1122.0	 259.8
1598	 1152.0	 233.6
1599	 1681.8	 323.6
1600	 1458.5	 872.7
1601	 1782.0	 350.0
1602	 1742.8	 307.8
1603	 1199.7	 236.4
1604	 1186.2	 205.4
1605	 1218.6	 253.4
1606	 1803.2	 350.4
1607	 1828.6	 352.8
1608	 1858.75	 354.75
1609	 410.4	 190.4
1610	 1883.6	 326.4
1611	 1087.25	 167.5
1612	 1697.1	 279.75
1613	 1697.8	 290.8
1614	 1131.5	 191.0
1615	 1124.25	 127.0
1616	 1143.25	 101.0
1617	 1207.9	 167.4
1618	 1781.4	 263.4
1619	 1831.65	 217.1
1620	 1831.1	 219.0
1621	 1226.0	 127.5
1622	 1245.8	 10.2
1623	 1271.25	 1327.75
1624	 1302.5	 1337.5
1625	 2051.5	 405.5
1626	 2131.6	 406.6
1627	 2124.5	 403.25
1628	 2082.0	 106.0
1629	 592.4	 1097.4
1630	 564.7	 1064.4
1631	 614.1	 1083.9
1632	 616.7	 1070.5
1633	 621.0	 1068.2
1634	 609.2	 1060.8
1635	 1263.8	 1260.2
1636	 533.0	 1028.05
1637	 518.5	 1009.5
1638	 543.0	 1016.75
1639	 554.0	 999.0
1640	 550.8	 1012.45
1641	 616.0	 1041.75
1642	 612.0	 1049.25
1643	 616.25	 1033.5
1644	 593.5	 997.0
1645	 608.5	 1010.3
1646	 651.6	 1135.4
1647	 1474.0	 309.0
1648	 685.55	 1161.2
1649	 655.4	 1126.7
1650	 1309.6	 1274.0
1651	 692.6	 1153.8
1652	 708.85	 1181.0
1653	 717.7	 1163.7
1654	 714.75	 1103.25
1655	 689.55	 1096.65
1656	 663.25	 1053.5
1657	 679.5	 1012.3
1658	 727.3	 1041.2
1659	 702.9	 1091.1
1660	 698.8	 1041.3
1661	 1063.65	 413.0
1662	 495.3	 956.7
1663	 482.4	 948.0
1664	 483.0	 935.25
1665	 542.95	 962.9
1666	 568.0	 986.5
1667	 583.6	 963.8
1668	 527.25	 924.75
1669	 1382.25	 1318.0
1670	 566.3	 954.6
1671	 520.3	 947.1
1672	 358.25	 856.25
1673	 485.75	 908.75
1674	 489.1	 901.5
1675	 501.75	 902.5
1676	 616.9	 965.6
1677	 639.1	 966.6
1678	 1401.5	 1301.75
1679	 630.75	 938.25
1680	 591.0	 898.9
1681	 625.9	 916.7
1682	 713.8	 923.0
1683	 681.0	 918.5
1684	 655.6	 994.6
1685	 769.55	 1210.35
1686	 744.2	 1196.95
1687	 1394.2	 1210.6
1688	 812.75	 1235.0
1689	 802.4	 1188.0
1690	 797.0	 1194.8
1691	 808.4	 1187.9
1692	 822.75	 1190.5
1693	 734.25	 1151.25
1694	 739.65	 1130.2
1695	 756.7	 1092.8
1696	 762.75	 1123.0
1697	 785.75	 1134.75
1698	 796.75	 1139.0
1699	 788.2	 1084.5
1700	 801.75	 1097.75
1701	 806.0	 1088.0
1702	 1276.9	 1178.45
1703	 837.6	 1178.6
1704	 880.8	 1232.3
1705	 893.0	 1246.8
1706	 893.05	 1179.6
1707	 857.2	 1239.8
1708	 1317.5	 1156.0
1709	 1465.8	 859.0
1710	 875.85	 1119.0
1711	 895.8	 1103.9
1712	 1321.0	 1135.4
1713	 729.9	 994.7
1714	 733.25	 988.75
1715	 789.75	 1054.5
1716	 777.9	 1027.2
1717	 1845.7	 781.8
1718	 730.3	 941.1
1719	 730.75	 947.5
1720	 787.5	 983.1
1721	 803.25	 964.5
1722	 805.75	 940.25
1723	 768.8	 924.7
1724	 766.3	 898.5
1725	 839.1	 1037.3
1726	 865.7	 1026.9
1727	 824.0	 923.75
1728	 824.0	 931.25
1729	 872.8	 970.2
1730	 894.3	 970.3
1731	 878.4	 967.8
1732	 883.0	 962.25
1733	 865.3	 915.9
1734	 865.9	 901.6
1735	 850.4	 963.7
1736	 131.0	 875.0
1737	 437.25	 834.0
1738	 466.0	 823.25
1739	 410.25	 839.0
1740	 388.0	 747.3
1741	 399.0	 748.0
1742	 427.35	 746.55
1743	 436.35	 748.9
1744	 451.5	 714.75
1745	 501.25	 740.75
1746	 509.5	 884.5
1747	 540.45	 896.3
1748	 534.95	 871.85
1749	 523.6	 873.4
1750	 503.5	 812.75
1751	 523.5	 809.0
1752	 533.5	 807.0
1753	 583.8	 891.4
1754	 632.0	 878.5
1755	 562.85	 808.1
1756	 521.75	 726.75
1757	 521.6	 721.7
1758	 498.5	 721.5
1759	 581.6	 786.2
1760	 589.5	 727.7
1761	 595.1	 781.7
1762	 552.25	 741.5
1763	 400.25	 691.0
1764	 453.0	 708.75
1765	 447.75	 679.5
1766	 499.2	 695.85
1767	 500.2	 707.9
1768	 458.95	 662.55
1769	 478.15	 668.45
1770	 445.25	 669.5
1771	 487.6	 647.9
1772	 1415.5	 1029.5
1773	 467.0	 640.2
1774	 496.8	 646.05
1775	 479.3	 639.6
1776	 1356.0	 1016.25
1777	 519.0	 685.5
