0	 263.8	 1492.1
1	 1025.0	 678.75
2	 1046.5	 870.75
3	 816.0	 982.25
4	 1114.4	 929.8
5	 1101.6	 906.2
6	 1050.8	 826.4
7	 189.8	 918.4
8	 1168.15	 881.2
9	 205.75	 953.75
10	 713.0	 882.0
11	 243.0	 1420.25
12	 1135.25	 754.5
13	 925.25	 1652.75
14	 1132.0	 722.6
15	 288.6	 929.4
16	 1172.3	 752.7
17	 192.2	 784.0
18	 166.4	 766.2
19	 1150.25	 694.75
20	 901.25	 1525.0
21	 1176.2	 691.2
22	 917.0	 1540.5
23	 1036.0	 424.0
24	 926.5	 460.75
25	 932.0	 1617.0
26	 1052.2	 434.6
27	 955.5	 424.0
28	 310.5	 1525.25
29	 712.0	 898.5
30	 177.25	 741.5
31	 959.4	 360.8
32	 316.25	 1478.0
33	 989.8	 1631.6
34	 1017.25	 506.25
35	 1081.95	 539.45
36	 1050.4	 537.6
37	 1102.2	 494.2
38	 1131.75	 576.0
39	 1147.5	 574.7
40	 296.5	 729.5
41	 1102.5	 506.5
42	 1093.9	 554.1
43	 348.6	 955.2
44	 1037.2	 420.8
45	 351.75	 926.75
46	 304.75	 1533.0
47	 904.25	 1309.75
48	 248.8	 1466.0
49	 248.05	 1455.0
50	 227.5	 1421.75
51	 276.2	 1410.4
52	 1081.5	 439.5
53	 359.1	 915.5
54	 326.6	 1579.6
55	 1105.75	 499.75
56	 1115.6	 497.0
57	 346.5	 1407.35
58	 1127.75	 722.5
59	 320.5	 1472.15
60	 216.0	 1395.6
61	 235.5	 1390.3
62	 198.7	 1327.5
63	 278.0	 1412.75
64	 294.0	 1406.75
65	 494.5	 1579.25
66	 294.8	 1357.4
67	 321.6	 1350.5
68	 438.8	 933.2
69	 404.3	 1622.1
70	 362.0	 1625.0
71	 386.9	 1587.9
72	 1018.25	 1615.25
73	 398.0	 1673.0
74	 389.4	 1617.6
75	 383.25	 1592.5
76	 387.6	 1579.6
77	 409.8	 1680.8
78	 730.0	 749.25
79	 607.25	 816.25
80	 371.8	 1574.2
81	 446.8	 1721.0
82	 441.5	 1714.0
83	 447.0	 1674.25
84	 412.9	 1543.4
85	 427.8	 1593.6
86	 445.3	 1555.7
87	 377.7	 1446.9
88	 317.6	 752.0
89	 386.0	 1575.6
90	 390.5	 1365.5
91	 398.0	 1547.0
92	 422.4	 1480.5
93	 1075.5	 1541.5
94	 437.5	 1306.0
95	 443.4	 1283.3
96	 1015.2	 1399.4
97	 981.2	 858.8
98	 196.0	 1131.8
99	 1093.6	 1404.2
100	 248.9	 1246.6
101	 231.0	 1179.0
102	 244.6	 1195.9
103	 254.0	 1141.75
104	 296.9	 1175.6
105	 372.75	 736.25
106	 1116.2	 1397.6
107	 357.4	 690.8
108	 815.0	 1319.5
109	 252.0	 1060.0
110	 280.5	 1091.75
111	 754.4	 381.8
112	 462.5	 702.25
113	 255.25	 989.75
114	 364.5	 1241.5
115	 414.6	 1525.4
116	 400.75	 1494.75
117	 208.85	 595.0
118	 433.7	 1137.35
119	 442.9	 1141.9
120	 360.25	 1079.95
121	 324.5	 988.4
122	 232.4	 594.6
123	 388.0	 1088.0
124	 441.6	 1499.8
125	 410.75	 1116.25
126	 473.75	 1702.0
127	 469.5	 1698.0
128	 372.5	 1448.5
129	 351.25	 1425.75
130	 460.1	 1626.6
131	 917.25	 1040.0
132	 544.4	 1793.0
133	 529.6	 1732.8
134	 551.2	 1775.0
135	 694.9	 979.4
136	 1032.3	 1175.6
137	 574.5	 1747.05
138	 468.0	 1547.5
139	 490.0	 1569.75
140	 529.4	 1552.0
141	 264.5	 612.25
142	 1072.5	 1126.5
143	 553.5	 1440.5
144	 585.05	 1749.55
145	 636.0	 1755.0
146	 715.5	 1709.75
147	 244.25	 552.0
148	 1107.25	 1168.0
149	 1124.2	 1137.0
150	 584.2	 1640.8
151	 574.4	 1631.6
152	 1141.75	 1150.75
153	 596.95	 1459.9
154	 778.4	 854.8
155	 662.5	 1654.0
156	 666.35	 1648.65
157	 696.0	 1632.25
158	 277.9	 466.4
159	 681.5	 1499.5
160	 1097.6	 1089.05
161	 1071.0	 1008.8
162	 516.25	 1418.75
163	 520.9	 1221.3
164	 418.0	 1331.5
165	 552.75	 1222.8
166	 470.5	 1144.5
167	 516.25	 1083.0
168	 539.0	 1111.0
169	 322.5	 467.25
170	 1134.5	 1079.75
171	 1024.4	 410.2
172	 450.25	 1307.5
173	 368.5	 475.25
174	 375.05	 1470.95
175	 649.8	 1410.7
176	 692.8	 1421.8
177	 349.5	 382.0
178	 653.0	 1280.75
179	 685.0	 1268.0
180	 1151.05	 1006.15
181	 205.0	 1270.25
182	 611.5	 1105.5
183	 570.5	 1010.5
184	 167.25	 1206.75
185	 159.5	 1144.8
186	 686.4	 917.0
187	 646.8	 1077.8
188	 673.75	 1095.25
189	 736.5	 895.5
190	 391.5	 620.0
191	 252.4	 1144.2
192	 714.2	 797.5
193	 379.0	 446.75
194	 444.8	 649.4
195	 428.75	 651.5
196	 178.2	 930.55
197	 450.2	 579.4
198	 206.5	 948.8
199	 462.1	 634.9
200	 261.2	 953.0
201	 238.15	 1169.15
202	 772.5	 799.0
203	 292.25	 941.75
204	 308.0	 941.6
205	 164.0	 786.0
206	 367.4	 394.0
207	 254.8	 1137.4
208	 990.4	 1678.5
209	 176.25	 736.75
210	 200.0	 712.5
211	 691.5	 633.0
212	 417.8	 379.5
213	 301.2	 728.2
214	 343.65	 912.7
215	 361.0	 960.0
216	 352.5	 907.25
217	 388.7	 948.4
218	 416.0	 930.9
219	 407.4	 278.0
220	 404.2	 919.9
221	 442.0	 922.5
222	 445.2	 924.35
223	 1044.3	 541.2
224	 410.9	 849.9
225	 327.1	 709.2
226	 357.4	 749.3
227	 210.8	 1102.0
228	 490.0	 795.75
229	 218.25	 574.25
230	 319.65	 625.45
231	 237.0	 591.5
232	 295.95	 644.85
233	 228.5	 1027.5
234	 839.0	 847.0
235	 321.15	 584.4
236	 307.0	 612.75
237	 336.25	 660.25
238	 274.4	 476.0
239	 279.25	 1099.25
240	 296.5	 1120.5
241	 312.15	 473.35
242	 311.0	 480.2
243	 823.4	 793.2
244	 468.2	 674.2
245	 363.8	 466.6
246	 546.15	 1746.85
247	 359.05	 465.2
248	 344.75	 380.55
249	 368.2	 659.35
250	 243.5	 992.5
251	 372.9	 445.7
252	 376.5	 394.0
253	 349.8	 1266.4
254	 410.8	 380.8
255	 414.6	 378.45
256	 417.5	 361.1
257	 377.2	 323.8
258	 380.0	 338.5
259	 388.4	 348.3
260	 856.8	 725.0
261	 413.75	 342.9
262	 483.0	 637.0
263	 737.5	 462.0
264	 746.0	 150.75
265	 406.8	 279.1
266	 737.75	 487.85
267	 521.5	 702.25
268	 429.5	 359.5
269	 474.25	 627.75
270	 485.25	 569.1
271	 496.5	 605.75
272	 531.0	 1119.25
273	 539.8	 693.6
274	 535.2	 674.4
275	 743.2	 509.8
276	 739.8	 470.8
277	 604.0	 784.4
278	 609.5	 762.25
279	 597.7	 814.5
280	 600.25	 784.75
281	 758.15	 369.6
282	 577.0	 741.4
283	 600.1	 751.65
284	 490.45	 491.6
285	 493.3	 511.8
286	 483.5	 489.5
287	 430.05	 1146.3
288	 522.05	 460.5
289	 514.25	 442.0
290	 409.25	 1124.5
291	 1131.8	 515.4
292	 1055.8	 430.9
293	 526.25	 369.25
294	 563.6	 416.6
295	 355.5	 1083.75
296	 488.25	 329.0
297	 642.25	 933.75
298	 548.0	 1523.4
299	 636.65	 873.3
300	 780.75	 431.75
301	 662.5	 928.0
302	 567.0	 207.75
303	 759.6	 373.7
304	 620.0	 355.5
305	 363.8	 962.2
306	 637.5	 325.8
307	 337.8	 983.55
308	 630.4	 280.5
309	 612.3	 237.8
310	 390.5	 1085.5
311	 596.3	 147.4
312	 1117.0	 1266.75
313	 582.75	 663.0
314	 630.2	 117.0
315	 630.4	 141.0
316	 639.0	 269.0
317	 405.4	 992.0
318	 621.0	 730.0
319	 644.8	 729.2
320	 1049.75	 370.75
321	 480.6	 1754.2
322	 981.2	 671.4
323	 730.8	 1789.2
324	 466.25	 1718.0
325	 720.5	 1756.0
326	 730.0	 1776.8
327	 712.75	 1694.25
328	 706.5	 1663.0
329	 718.25	 1744.25
330	 746.9	 1904.65
331	 755.1	 1698.05
332	 502.25	 512.25
333	 698.75	 1641.75
334	 734.25	 1829.5
335	 495.0	 416.75
336	 798.4	 1924.8
337	 768.8	 1701.6
338	 773.65	 1722.2
339	 469.4	 1615.0
340	 507.55	 371.05
341	 801.8	 1657.4
342	 832.0	 243.25
343	 688.75	 1350.5
344	 813.9	 1668.85
345	 543.6	 1723.8
346	 865.25	 1719.5
347	 811.3	 158.1
348	 824.25	 170.0
349	 836.5	 149.5
350	 494.25	 322.75
351	 562.4	 1776.6
352	 838.7	 150.5
353	 858.8	 286.4
354	 1122.8	 1362.2
355	 893.4	 1663.2
356	 517.75	 305.25
357	 877.5	 1603.0
358	 891.9	 1598.25
359	 570.8	 1639.0
360	 870.95	 232.55
361	 581.75	 290.5
362	 545.25	 216.25
363	 773.4	 1333.8
364	 955.25	 909.25
365	 967.0	 786.0
366	 566.2	 142.2
367	 1019.0	 909.75
368	 697.5	 991.0
369	 220.2	 570.8
370	 494.8	 1566.4
371	 607.4	 359.2
372	 495.5	 1452.5
373	 893.45	 1278.45
374	 823.5	 1031.2
375	 811.3	 994.2
376	 828.6	 1006.4
377	 887.9	 1013.1
378	 893.75	 1006.25
379	 903.0	 1655.25
380	 926.0	 770.75
381	 644.0	 376.5
382	 916.1	 1572.6
383	 908.6	 1540.7
384	 654.75	 329.25
385	 576.15	 1455.0
386	 948.75	 670.0
387	 949.9	 678.75
388	 951.8	 1565.6
389	 546.0	 1450.4
390	 570.0	 760.5
391	 1018.4	 779.0
392	 1027.0	 1626.9
393	 628.25	 1755.75
394	 634.0	 1745.0
395	 642.75	 1736.5
396	 575.25	 1734.5
397	 1065.8	 1547.1
398	 1037.5	 1417.9
399	 1085.75	 1398.5
400	 626.2	 134.4
401	 632.2	 114.8
402	 662.0	 1724.5
403	 1017.0	 1154.5
404	 1022.8	 1163.0
405	 666.2	 292.0
406	 1105.4	 902.4
407	 1093.0	 1191.0
408	 1084.8	 1186.8
409	 674.0	 1782.5
410	 1075.5	 850.5
411	 1074.75	 849.25
412	 1049.9	 1152.0
413	 877.0	 232.25
414	 1064.4	 1124.1
415	 349.0	 1536.8
416	 602.0	 1619.75
417	 724.6	 1927.4
418	 1162.75	 883.0
419	 1130.5	 1264.25
420	 399.55	 1589.85
421	 1131.4	 919.0
422	 594.5	 1473.25
423	 509.5	 697.0
424	 1084.25	 1053.1
425	 1083.25	 1012.5
426	 1085.9	 1005.9
427	 743.25	 1604.25
428	 744.0	 1648.0
429	 1160.0	 1052.0
430	 1166.7	 998.0
431	 708.0	 922.5
432	 1111.5	 747.75
433	 686.0	 883.5
434	 719.75	 838.75
435	 632.7	 1553.4
436	 781.0	 1732.0
437	 773.8	 1698.2
438	 388.5	 617.9
439	 704.75	 769.25
440	 726.25	 804.5
441	 1111.5	 641.75
442	 743.0	 1554.0
443	 707.0	 741.8
444	 1147.3	 1150.7
445	 728.9	 772.9
446	 409.7	 1603.7
447	 776.0	 1383.0
448	 746.75	 741.0
449	 778.4	 839.5
450	 806.6	 1368.8
451	 1155.75	 1121.0
452	 456.3	 1258.8
453	 734.25	 717.25
454	 735.75	 627.5
455	 706.0	 532.0
456	 622.2	 1259.8
457	 725.0	 530.0
458	 523.0	 1240.5
459	 723.5	 518.75
460	 728.5	 737.0
461	 740.75	 708.75
462	 549.2	 1239.2
463	 742.0	 675.0
464	 764.9	 673.0
465	 463.0	 1142.75
466	 833.5	 843.75
467	 816.6	 820.4
468	 830.7	 810.2
469	 1035.25	 1161.35
470	 830.0	 794.75
471	 850.0	 705.0
472	 703.0	 436.5
473	 721.7	 465.9
474	 874.2	 1589.0
475	 920.75	 466.5
476	 934.4	 466.6
477	 876.6	 1653.8
478	 852.0	 1450.5
479	 869.1	 1449.25
480	 771.8	 371.6
481	 1001.0	 547.25
482	 728.4	 209.1
483	 554.0	 1221.75
484	 636.2	 1374.4
485	 647.8	 1376.8
486	 626.75	 1312.5
487	 955.0	 905.0
488	 843.5	 242.75
489	 977.75	 353.25
490	 803.5	 175.0
491	 813.9	 165.2
492	 858.3	 280.3
493	 1034.5	 586.25
494	 873.2	 234.4
495	 1093.8	 1006.0
496	 760.8	 1057.9
497	 1078.25	 628.25
498	 575.0	 1069.0
499	 1028.6	 844.4
500	 1047.6	 823.8
501	 918.9	 764.5
502	 402.8	 1566.4
503	 776.5	 1032.5
504	 943.0	 703.0
505	 960.65	 693.3
506	 1045.3	 1542.0
507	 1079.0	 533.0
508	 1042.55	 774.75
509	 1032.1	 767.3
510	 991.3	 683.25
