0	 1317.5	 2057.5
1	 1369.0	 2432.0
2	 524.8	 1364.6
3	 538.6	 1477.0
4	 1365.75	 2059.0
5	 1292.25	 1942.5
6	 353.25	 2587.75
7	 1296.5	 1861.75
8	 1298.05	 1832.15
9	 1368.0	 2367.0
10	 567.5	 1469.0
11	 1330.5	 1901.0
12	 1293.6	 2268.3
13	 1323.6	 2271.6
14	 1329.0	 2297.0
15	 435.25	 2679.5
16	 1378.0	 2109.75
17	 1400.4	 2176.0
18	 1622.0	 2112.2
19	 1412.0	 2176.75
20	 1373.0	 2059.3
21	 1296.75	 2206.25
22	 1393.5	 2045.8
23	 1592.4	 1637.4
24	 1430.75	 2162.75
25	 1426.25	 2116.75
26	 1456.6	 2157.4
27	 422.6	 2645.8
28	 1637.2	 1640.0
29	 1452.0	 2066.25
30	 642.5	 1600.5
31	 420.0	 2622.0
32	 1450.2	 2012.6
33	 571.1	 1911.25
34	 1454.5	 1554.75
35	 1354.0	 2312.5
36	 1390.8	 1877.2
37	 1364.4	 1824.1
38	 1419.1	 1934.1
39	 1452.5	 1504.0
40	 669.0	 1576.25
41	 1484.4	 1502.2
42	 335.0	 2516.2
43	 850.2	 1022.0
44	 1463.75	 2859.5
45	 680.5	 1495.25
46	 1360.5	 2201.75
47	 1487.4	 2884.8
48	 1509.5	 2961.25
49	 1506.5	 2954.75
50	 408.8	 2537.4
51	 1003.45	 2949.9
52	 1519.8	 2977.6
53	 419.2	 2536.6
54	 1401.6	 2486.2
55	 1475.7	 2840.5
56	 1492.2	 2835.3
57	 1499.0	 2824.5
58	 1420.6	 2477.4
59	 1507.8	 2691.0
60	 633.5	 1479.25
61	 1544.0	 2948.3
62	 464.4	 2773.2
63	 462.75	 2732.75
64	 1477.8	 1303.0
65	 653.75	 1460.0
66	 1561.0	 1473.0
67	 1561.0	 2871.9
68	 1588.2	 2908.7
69	 1425.0	 2435.25
70	 1599.9	 2819.8
71	 1546.0	 2786.5
72	 1572.8	 2767.6
73	 1418.6	 2392.4
74	 1565.8	 2705.6
75	 1564.0	 2723.7
76	 1588.35	 2777.0
77	 1596.4	 2810.8
78	 486.25	 2796.75
79	 1594.75	 2663.5
80	 1606.5	 2652.0
81	 1614.75	 2636.5
82	 680.5	 1388.0
83	 1130.75	 1655.25
84	 696.5	 1413.5
85	 1391.4	 2284.0
86	 1515.4	 2528.6
87	 1536.0	 2560.75
88	 1603.0	 1129.5
89	 1405.25	 2291.0
90	 1597.0	 1117.1
91	 1495.5	 2372.75
92	 1511.0	 2474.4
93	 1527.25	 2468.25
94	 1390.75	 2259.75
95	 283.1	 1341.9
96	 1527.3	 2338.4
97	 1549.2	 1401.8
98	 1433.2	 2342.0
99	 1336.7	 1748.0
100	 252.75	 1301.5
101	 718.2	 780.6
102	 1601.0	 2570.5
103	 1436.6	 2292.3
104	 1604.0	 2579.75
105	 1593.8	 2559.0
106	 453.45	 2487.4
107	 1583.0	 2404.75
108	 1572.25	 2382.75
109	 1564.45	 1576.8
110	 1308.25	 2129.5
111	 1563.8	 2372.35
112	 1578.8	 2341.1
113	 505.1	 2639.3
114	 459.5	 1422.5
115	 1595.3	 2322.1
116	 1662.8	 2803.5
117	 1649.5	 2834.5
118	 1665.8	 2794.5
119	 473.25	 2552.25
120	 326.8	 1283.4
121	 1639.7	 2724.95
122	 479.6	 2526.2
123	 268.65	 1267.85
124	 1671.5	 2788.5
125	 493.5	 2500.0
126	 1584.5	 1475.0
127	 1603.75	 1506.25
128	 595.6	 1861.9
129	 505.0	 2539.25
130	 1630.75	 2587.75
131	 1629.0	 1571.25
132	 247.0	 2433.0
133	 1658.4	 2550.0
134	 1654.8	 2498.4
135	 1673.2	 2610.8
136	 1703.8	 2641.8
137	 1671.35	 2552.3
138	 1695.0	 2574.0
139	 346.8	 1215.0
140	 1701.5	 2727.8
141	 1710.25	 2719.75
142	 1702.5	 2694.0
143	 1623.25	 1492.75
144	 1729.0	 2697.0
145	 1721.75	 2705.75
146	 1702.8	 2632.8
147	 484.0	 973.5
148	 1448.2	 2064.2
149	 1723.35	 2630.6
150	 1730.75	 2601.35
151	 1677.25	 1491.5
152	 1349.5	 2922.25
153	 781.9	 810.2
154	 1301.0	 1860.0
155	 323.4	 2475.6
156	 1437.0	 2016.5
157	 335.5	 1250.0
158	 363.5	 2458.4
159	 1317.0	 1523.8
160	 1601.5	 1405.5
161	 1737.1	 2499.4
162	 1590.25	 1359.5
163	 1328.8	 1883.0
164	 470.75	 1325.5
165	 1820.75	 2536.75
166	 1787.35	 2511.2
167	 1490.4	 968.7
168	 1799.4	 2518.55
169	 1823.0	 2525.5
170	 1648.3	 2467.0
171	 466.9	 1263.8
172	 492.2	 1344.0
173	 1705.0	 2444.0
174	 1729.15	 2449.0
175	 1668.1	 1455.1
176	 507.0	 1331.5
177	 1665.75	 1437.5
178	 1712.0	 2396.8
179	 1411.0	 2184.0
180	 1631.25	 1382.75
181	 1488.2	 816.6
182	 1655.25	 1375.0
183	 1411.2	 1944.6
184	 1629.25	 2287.0
185	 1661.8	 1341.4
186	 1370.25	 2045.75
187	 1390.6	 2037.6
188	 1722.05	 2334.4
189	 1420.6	 2070.85
190	 1741.0	 2305.25
191	 586.2	 1761.5
192	 1422.0	 2154.5
193	 1798.5	 2438.75
194	 1359.4	 1783.1
195	 735.2	 1062.4
196	 456.5	 1168.75
197	 1824.6	 2371.5
198	 657.6	 1050.2
199	 1813.25	 2434.5
200	 1714.6	 1725.2
201	 514.75	 1237.75
202	 1864.6	 2443.5
203	 1859.4	 2463.3
204	 1459.0	 725.25
205	 1888.5	 2407.0
206	 1758.5	 1778.0
207	 1058.75	 1104.5
208	 409.5	 2439.75
209	 1259.2	 1480.2
210	 1385.25	 1708.25
211	 1862.85	 2315.75
212	 1833.25	 2297.25
213	 517.7	 1189.1
214	 381.9	 2408.6
215	 381.25	 2383.5
216	 1873.5	 2320.5
217	 317.0	 1150.0
218	 1911.75	 2325.5
219	 406.7	 2409.9
220	 381.5	 1134.25
221	 349.5	 1144.1
222	 1507.1	 2253.8
223	 1547.8	 2236.1
224	 1537.25	 2277.75
225	 1475.8	 2162.4
226	 1727.25	 1633.75
227	 1420.75	 1919.25
228	 516.6	 2408.2
229	 1799.2	 1690.0
230	 506.75	 2375.25
231	 1808.0	 1678.5
232	 1575.25	 2152.5
233	 1576.2	 2148.2
234	 1815.0	 1627.6
235	 424.6	 1142.4
236	 1457.5	 1987.1
237	 1833.6	 1782.8
238	 1604.0	 2172.9
239	 1604.8	 2179.6
240	 1644.8	 2261.6
241	 1472.0	 3042.0
242	 1665.45	 2244.8
243	 1672.2	 2233.4
244	 1642.1	 2209.7
245	 1873.9	 1772.8
246	 1312.35	 2114.05
247	 396.0	 2306.0
248	 1639.85	 2282.8
249	 1701.5	 2215.75
250	 430.75	 2290.25
251	 1607.8	 2149.1
252	 1656.6	 2129.8
253	 1651.7	 2120.5
254	 1638.3	 2105.9
255	 1639.75	 2088.0
256	 449.75	 1111.25
257	 1675.6	 2109.7
258	 1706.25	 2132.5
259	 1695.5	 2104.5
260	 1686.4	 2101.3
261	 1463.1	 2004.8
262	 1521.1	 2033.8
263	 385.5	 1062.0
264	 1521.2	 2007.4
265	 1529.6	 2030.8
266	 1511.4	 2004.6
267	 1401.5	 1558.0
268	 1494.9	 2927.1
269	 899.2	 781.9
270	 1585.0	 2034.0
271	 1418.75	 1614.25
272	 1597.25	 1981.75
273	 1555.5	 1934.25
274	 1933.3	 1799.0
275	 1575.45	 1980.25
276	 1569.75	 1954.75
277	 1509.5	 3004.8
278	 1937.6	 1778.1
279	 426.4	 917.8
280	 1512.5	 1859.7
281	 1516.25	 2948.75
282	 1553.75	 1894.75
283	 1556.5	 1889.1
284	 1586.3	 1861.1
285	 1584.25	 1822.0
286	 1941.2	 1728.8
287	 1602.2	 2030.2
288	 1616.25	 1969.5
289	 1664.5	 1952.25
290	 1488.4	 2934.3
291	 562.0	 2756.0
292	 475.9	 1089.5
293	 1625.0	 1839.0
294	 1493.8	 2813.6
295	 1641.55	 1850.15
296	 1643.1	 1834.2
297	 581.4	 2841.4
298	 1671.7	 1828.8
299	 1716.3	 2264.3
300	 1732.75	 2267.25
301	 1737.0	 2230.5
302	 480.75	 974.5
303	 1835.6	 2261.6
304	 1855.8	 2256.0
305	 569.5	 2772.5
306	 1506.0	 2710.0
307	 487.9	 982.35
308	 1822.4	 2171.2
309	 1845.25	 2214.5
310	 1717.7	 2132.8
311	 1936.5	 1707.5
312	 515.8	 1128.6
313	 1746.4	 2159.4
314	 1762.5	 2132.5
315	 536.0	 2686.95
316	 1754.75	 2095.75
317	 525.25	 1152.25
318	 1812.5	 2164.5
319	 1691.25	 1583.25
320	 533.2	 1100.0
321	 1813.75	 2129.5
322	 1688.2	 1578.4
323	 1499.0	 2994.25
324	 558.4	 2650.2
325	 504.5	 993.0
326	 838.85	 2986.4
327	 1849.8	 2061.2
328	 1545.0	 2839.0
329	 1540.6	 2939.8
330	 1230.5	 3135.25
331	 1693.8	 1533.4
332	 1884.2	 2177.8
333	 1890.5	 2192.75
334	 1910.1	 2198.9
335	 1924.8	 2266.5
336	 1933.25	 2239.0
337	 1942.75	 2178.0
338	 1714.7	 1493.7
339	 1860.0	 2112.75
340	 488.6	 960.2
341	 1866.6	 2094.4
342	 560.0	 2710.25
343	 1949.25	 2098.5
344	 1956.7	 2063.0
345	 1791.5	 1596.8
346	 1549.4	 2801.0
347	 1753.75	 2005.5
348	 1756.1	 1527.3
349	 1577.75	 2811.75
350	 576.0	 2607.6
351	 1753.0	 1998.0
352	 558.4	 2581.4
353	 1737.9	 1933.6
354	 1815.5	 2032.75
355	 567.0	 2569.7
356	 1815.4	 2019.6
357	 1758.4	 1488.8
358	 1554.2	 2725.0
359	 1825.5	 1993.25
360	 1743.8	 1917.4
361	 1685.0	 1469.5
362	 509.0	 1597.9
363	 1742.75	 1898.5
364	 1742.5	 1865.0
365	 640.0	 2897.25
366	 1804.8	 1917.25
367	 1804.8	 1900.8
368	 1821.0	 1818.0
369	 1825.65	 1821.0
370	 519.4	 877.2
371	 1909.4	 1995.8
372	 1897.2	 1988.2
373	 1681.0	 1350.0
374	 1693.5	 1347.0
375	 570.25	 1306.75
376	 1948.4	 2019.0
377	 1922.8	 1980.8
378	 1608.8	 2815.65
379	 1938.75	 1978.25
380	 1842.75	 1922.5
381	 1878.1	 1921.8
382	 1883.5	 1931.5
383	 1580.0	 768.0
384	 1680.75	 2306.5
385	 665.5	 2807.5
386	 1936.5	 1883.25
387	 1586.75	 2655.25
388	 1915.7	 1829.7
389	 1620.4	 2660.2
390	 1945.0	 1836.75
391	 1848.25	 1819.5
392	 1468.6	 2601.6
393	 1100.0	 1764.2
394	 1796.25	 1462.25
395	 1781.8	 1422.2
396	 1166.25	 1749.0
397	 1087.1	 1661.95
398	 1129.0	 1668.75
399	 1097.25	 1631.75
400	 607.3	 1350.3
401	 1172.85	 1811.2
402	 1769.2	 1373.2
403	 869.75	 2792.0
404	 1807.75	 1384.0
405	 1166.5	 1657.0
406	 594.2	 1254.4
407	 669.6	 2566.8
408	 665.0	 2632.5
409	 675.0	 2667.0
410	 668.2	 2607.9
411	 621.0	 1269.0
412	 1518.6	 2532.4
413	 1098.1	 1481.6
414	 1122.6	 1473.0
415	 1526.75	 2521.75
416	 533.4	 2514.0
417	 1191.6	 1625.4
418	 1168.6	 1496.2
419	 1174.0	 1491.5
420	 1187.0	 1542.35
421	 1181.7	 1534.1
422	 547.0	 2538.4
423	 1179.0	 1558.5
424	 1489.6	 2418.6
425	 553.25	 1040.75
426	 561.25	 2558.75
427	 1210.0	 1725.5
428	 1504.0	 2351.2
429	 1507.8	 2283.2
430	 580.0	 1080.2
431	 1865.5	 1530.0
432	 1271.4	 1743.4
433	 1272.3	 1759.1
434	 1242.2	 1689.4
435	 1527.5	 2401.0
436	 1264.25	 1716.5
437	 584.0	 2510.0
438	 1330.5	 1303.75
439	 1521.0	 2336.15
440	 1225.35	 1598.65
441	 610.0	 2529.0
442	 1213.0	 1541.75
443	 1535.6	 2328.8
444	 1862.25	 1490.75
445	 1244.2	 1600.8
446	 601.3	 2415.9
447	 1251.6	 1568.7
448	 765.3	 2682.5
449	 1264.0	 1525.9
450	 1274.0	 1554.5
451	 1262.1	 1505.4
452	 622.0	 1066.1
453	 527.4	 2391.2
454	 1704.5	 1287.0
455	 1578.75	 2609.5
456	 1085.8	 1310.3
457	 1163.4	 1426.1
458	 1713.25	 1311.5
459	 1177.0	 1452.4
460	 1162.25	 1462.5
461	 1552.25	 2486.75
462	 1160.5	 1316.75
463	 1183.0	 1322.75
464	 1182.75	 1340.75
465	 548.85	 2389.2
466	 1077.5	 1266.25
467	 1122.5	 1230.5
468	 1136.1	 1255.65
469	 1124.25	 1168.75
470	 1603.25	 2584.25
471	 529.4	 2329.8
472	 646.8	 1276.2
473	 634.5	 1229.25
474	 523.4	 2306.4
475	 1168.8	 1272.2
476	 1614.75	 2537.5
477	 1154.3	 1214.55
478	 1146.75	 1162.25
479	 664.5	 1284.7
480	 1187.5	 1205.1
481	 971.5	 939.4
482	 724.5	 2583.5
483	 1205.75	 1442.25
484	 1193.5	 1321.9
485	 699.0	 1300.2
486	 1556.4	 2328.9
487	 1240.0	 1439.0
488	 1248.25	 1438.0
489	 1575.25	 1942.5
490	 1245.8	 1476.6
491	 708.8	 1336.2
492	 560.0	 2319.0
493	 1198.7	 1191.5
494	 1228.75	 1156.5
495	 604.25	 2342.0
496	 1237.7	 1258.1
497	 1249.2	 1309.0
498	 1272.4	 1237.3
499	 1239.6	 1228.45
500	 1241.8	 1229.8
501	 1450.8	 1281.2
502	 702.2	 1271.7
503	 1268.4	 1191.4
504	 1256.0	 1179.5
505	 1358.6	 1338.8
506	 611.7	 2504.5
507	 1590.0	 2373.4
508	 619.75	 2462.0
509	 1317.45	 1748.4
510	 1588.5	 2315.5
511	 1360.5	 1805.0
512	 1346.5	 1773.6
513	 1345.4	 1732.6
514	 649.55	 1160.3
515	 1334.4	 1671.0
516	 1280.45	 1540.7
517	 1622.8	 1148.6
518	 1292.1	 1541.5
519	 1282.9	 1498.2
520	 692.0	 2484.0
521	 1001.9	 1121.9
522	 1335.8	 1589.0
523	 1646.25	 2786.5
524	 1508.0	 1267.4
525	 1651.4	 2803.6
526	 1328.85	 1554.95
527	 1513.8	 1241.4
528	 1643.25	 2764.25
529	 1633.2	 2725.1
530	 648.9	 1096.7
531	 666.4	 1068.0
532	 1408.9	 1701.8
533	 1425.8	 1656.2
534	 1427.0	 1688.0
535	 1440.2	 1684.5
536	 1370.2	 1594.75
537	 647.5	 2338.5
538	 686.5	 1138.5
539	 1644.6	 2685.4
540	 672.1	 1567.2
541	 1395.75	 1520.75
542	 628.75	 2308.75
543	 997.8	 1051.2
544	 1404.75	 1591.0
545	 658.5	 2311.75
546	 670.0	 2350.75
547	 1443.5	 1615.1
548	 1406.95	 1537.7
549	 1473.25	 1076.0
550	 1942.4	 1779.4
551	 1701.3	 2790.2
552	 1282.25	 1424.25
553	 1288.6	 1414.8
554	 1319.0	 1411.5
555	 1276.75	 1361.5
556	 1341.5	 1439.5
557	 1334.0	 1411.75
558	 1324.75	 1388.75
559	 1348.0	 1444.7
560	 1683.85	 1143.15
561	 1356.4	 1371.0
562	 1351.0	 1323.25
563	 1530.7	 2369.5
564	 1484.75	 1121.5
565	 221.5	 2229.25
566	 1292.55	 1161.65
567	 228.4	 2242.3
568	 246.2	 2211.2
569	 1493.0	 2510.8
570	 1633.35	 2640.95
571	 212.25	 2204.75
572	 1336.4	 1240.2
573	 1467.6	 1355.4
574	 1061.0	 1144.75
575	 1343.5	 1275.75
576	 1346.55	 1249.2
577	 1085.05	 1166.0
578	 1344.9	 1146.15
579	 1331.0	 1151.75
580	 1323.0	 1147.3
581	 1372.9	 1387.3
582	 1494.8	 1045.8
583	 1399.0	 1389.0
584	 233.75	 2212.25
585	 1683.8	 2653.0
586	 1396.25	 1301.75
587	 1058.25	 1093.25
588	 1369.75	 1373.0
589	 1404.2	 1417.5
590	 1434.15	 1394.65
591	 1417.5	 1340.5
592	 592.4	 1021.9
593	 1705.8	 2646.6
594	 1054.25	 1047.25
595	 1400.6	 1208.9
596	 1377.25	 1171.5
597	 983.5	 2668.25
598	 261.6	 2162.8
599	 1542.5	 1286.5
600	 1420.25	 1282.75
601	 1408.6	 1146.7
602	 1669.25	 2491.75
603	 1424.25	 1170.5
604	 1418.0	 1192.6
605	 1104.4	 1072.95
606	 1104.6	 1057.4
607	 279.75	 2269.85
608	 1701.8	 2489.1
609	 1131.5	 1110.75
610	 1525.6	 1208.7
611	 1703.75	 2691.0
612	 1117.75	 1035.9
613	 1112.6	 1011.2
614	 1123.9	 993.3
615	 1093.7	 1092.3
616	 1570.7	 1329.7
617	 1725.9	 2733.1
618	 187.4	 2086.4
619	 1581.3	 1313.9
620	 1415.4	 1152.8
621	 589.0	 843.0
622	 1585.9	 1271.6
623	 1091.9	 920.6
624	 1113.4	 916.5
625	 1097.2	 850.6
626	 1120.4	 878.6
627	 576.25	 796.75
628	 1170.65	 974.95
629	 1167.5	 915.5
630	 1612.7	 1220.7
631	 1592.25	 1198.25
632	 1192.8	 1063.2
633	 1609.6	 1173.6
634	 1742.9	 2702.7
635	 1189.3	 1044.6
636	 1208.0	 1034.1
637	 1207.7	 1010.2
638	 1538.0	 1153.4
639	 1230.2	 1066.1
640	 281.8	 2075.2
641	 310.7	 2097.1
642	 1223.6	 1042.4
643	 1105.75	 2047.5
644	 1252.3	 1090.5
645	 1255.8	 1103.2
646	 1254.0	 1042.6
647	 1262.5	 1012.0
648	 1536.25	 997.5
649	 1556.4	 1031.55
650	 1203.0	 937.5
651	 1209.4	 934.3
652	 625.2	 725.0
653	 1123.5	 1128.5
654	 1210.0	 837.2
655	 1572.25	 1145.1
656	 1225.5	 943.0
657	 1230.5	 947.3
658	 1250.0	 870.5
659	 1736.5	 2567.5
660	 1118.8	 779.2
661	 1705.6	 2528.0
662	 1151.0	 780.2
663	 1165.2	 785.8
664	 1087.75	 583.25
665	 1754.5	 2528.0
666	 1777.25	 2525.75
667	 414.25	 2227.75
668	 1607.2	 1067.2
669	 1117.2	 502.9
670	 1777.8	 2499.3
671	 1148.2	 639.4
672	 1517.0	 2061.2
673	 430.0	 2238.0
674	 1135.7	 597.7
675	 1571.65	 1111.55
676	 1146.3	 585.5
677	 1145.75	 588.4
678	 1149.7	 646.9
679	 386.75	 2176.5
680	 1555.5	 2562.25
681	 1169.6	 490.6
682	 1078.0	 647.75
683	 339.25	 2162.75
684	 871.95	 766.4
685	 700.15	 876.1
686	 1221.25	 726.75
687	 1476.3	 957.7
688	 1200.5	 650.25
689	 1235.0	 811.75
690	 1233.8	 768.4
691	 652.2	 800.2
692	 1244.3	 813.9
693	 1252.9	 816.2
694	 1242.0	 754.8
695	 1363.8	 1317.4
696	 1173.0	 506.8
697	 1841.0	 2534.0
698	 1216.0	 617.2
699	 359.1	 2088.3
700	 648.75	 720.75
701	 635.0	 709.0
702	 1246.5	 495.25
703	 1241.3	 472.8
704	 1284.7	 1121.05
705	 1301.5	 1067.5
706	 664.4	 698.2
707	 1277.4	 1037.8
708	 1483.0	 946.6
709	 899.0	 3131.5
710	 1279.8	 1016.8
711	 1261.7	 1032.15
712	 1688.2	 2466.2
713	 1298.9	 1021.6
714	 1302.8	 1018.4
715	 1315.5	 1128.5
716	 1317.0	 1117.0
717	 1166.4	 1037.4
718	 1266.25	 942.25
719	 1669.75	 2386.25
720	 1097.9	 939.4
721	 1495.25	 794.0
722	 1312.75	 929.5
723	 424.0	 2114.25
724	 1342.1	 913.4
725	 391.4	 2072.0
726	 1300.25	 845.75
727	 312.25	 1280.25
728	 1328.8	 869.8
729	 1541.25	 2371.75
730	 1360.25	 1132.75
731	 1356.75	 1059.0
732	 278.5	 2448.5
733	 1454.2	 744.3
734	 1373.0	 1041.25
735	 1400.25	 1120.25
736	 1461.0	 761.2
737	 1471.6	 771.9
738	 1420.4	 1107.8
739	 1432.5	 1107.25
740	 1415.75	 1051.0
741	 1384.75	 990.0
742	 1354.75	 895.5
743	 725.8	 1710.0
744	 1238.8	 1178.4
745	 1431.4	 2283.0
746	 1395.1	 863.7
747	 1400.2	 970.1
748	 1399.4	 955.7
749	 1429.25	 976.5
750	 1393.4	 923.0
751	 1282.8	 832.85
752	 1281.5	 800.0
753	 1281.5	 796.0
754	 1292.5	 699.75
755	 1293.8	 724.5
756	 263.1	 2013.2
757	 286.25	 2028.0
758	 1343.75	 746.5
759	 1261.8	 566.0
760	 1262.5	 506.25
761	 803.75	 1772.5
762	 1029.2	 2892.5
763	 1651.75	 1053.75
764	 1304.75	 496.5
765	 1336.8	 589.2
766	 1326.6	 593.4
767	 1501.5	 644.5
768	 1340.25	 544.0
769	 342.6	 1211.9
770	 788.25	 1650.5
771	 262.5	 1309.0
772	 294.2	 1979.2
773	 282.75	 1952.0
774	 1369.55	 773.0
775	 1506.75	 625.5
776	 1358.5	 763.8
777	 1378.0	 742.25
778	 1383.85	 742.55
779	 223.25	 1937.5
780	 1405.0	 824.0
781	 1401.5	 838.0
782	 1418.0	 795.25
783	 727.5	 1623.75
784	 1417.25	 806.25
785	 1406.25	 695.0
786	 1765.5	 2291.2
787	 1732.5	 2380.25
788	 1787.0	 2470.8
789	 1553.4	 901.2
790	 1350.0	 627.75
791	 1387.0	 671.6
792	 224.5	 1872.5
793	 244.6	 1852.8
794	 1093.3	 1774.85
795	 1382.25	 560.5
796	 1351.7	 636.8
797	 269.2	 1943.6
798	 1417.0	 590.0
799	 1416.5	 576.25
800	 1450.7	 1680.85
801	 1570.25	 955.1
802	 1566.5	 938.0
803	 1489.05	 1674.55
804	 785.8	 1561.6
805	 1458.4	 1602.8
806	 1466.8	 1591.0
807	 810.75	 1639.5
808	 281.8	 1882.6
809	 1524.2	 1672.35
810	 317.25	 2028.0
811	 1547.25	 1668.1
812	 923.1	 2866.2
813	 1545.2	 1606.0
814	 1620.2	 1793.2
815	 770.0	 1554.2
816	 1568.8	 1749.5
817	 269.9	 1301.2
818	 1584.4	 1721.4
819	 770.0	 1501.25
820	 1613.0	 1712.8
821	 337.6	 1990.8
822	 310.75	 1986.5
823	 1620.8	 1767.0
824	 1651.75	 1767.75
825	 1874.95	 2471.2
826	 1571.5	 1673.5
827	 1241.25	 1070.75
828	 1864.9	 2410.3
829	 1616.2	 1656.9
830	 837.1	 1788.5
831	 1629.5	 1669.0
832	 1623.0	 1637.5
833	 1532.6	 758.8
834	 1672.5	 1703.5
835	 1630.0	 1614.5
836	 1632.0	 1590.75
837	 1655.25	 1615.25
838	 819.0	 1736.5
839	 1816.5	 2324.85
840	 1437.75	 1496.0
841	 1544.25	 715.0
842	 1289.25	 1760.3
843	 1517.0	 1566.75
844	 857.8	 1811.0
845	 1515.0	 1485.8
846	 1543.8	 1499.55
847	 1680.75	 1993.5
848	 1452.5	 1443.5
849	 1817.8	 2297.8
850	 1447.0	 1386.1
851	 1484.5	 1416.35
852	 1489.0	 1425.0
853	 1564.6	 685.1
854	 1488.0	 1385.5
855	 1487.5	 1392.25
856	 1507.55	 1406.3
857	 873.0	 1706.25
858	 1544.0	 1391.9
859	 1586.3	 1549.6
860	 1737.5	 2596.75
861	 1884.25	 2362.0
862	 1617.75	 1502.0
863	 1637.2	 1577.8
864	 1619.1	 1515.9
865	 1666.75	 1534.25
866	 850.0	 1658.8
867	 854.6	 1589.6
868	 322.0	 1899.0
869	 1919.25	 2307.75
870	 1617.4	 1443.8
871	 1621.7	 1443.1
872	 1922.8	 2282.4
873	 1217.5	 3043.5
874	 1648.0	 1395.25
875	 1670.0	 2615.25
876	 1494.2	 2268.6
877	 1724.25	 1802.0
878	 1749.5	 1801.75
879	 1723.25	 1779.0
880	 1691.75	 1067.75
881	 1706.7	 1731.5
882	 862.4	 1512.0
883	 1757.2	 1718.2
884	 879.0	 1604.0
885	 1502.4	 2249.6
886	 1733.7	 1100.2
887	 1795.25	 1764.5
888	 860.5	 1546.6
889	 1766.8	 1729.0
890	 1755.4	 1728.1
891	 1724.0	 1107.75
892	 1532.0	 2217.0
893	 989.15	 3053.3
894	 762.75	 1472.5
895	 1874.0	 1730.7
896	 1942.5	 1794.75
897	 1548.8	 2228.0
898	 406.0	 1894.75
899	 764.75	 1386.5
900	 770.2	 1396.0
901	 1934.8	 1737.2
902	 1676.3	 1193.6
903	 1832.6	 1706.4
904	 1665.0	 1172.0
905	 1862.0	 1716.1
906	 797.0	 1434.75
907	 1898.25	 1709.0
908	 405.4	 1861.2
909	 406.6	 1839.4
910	 424.5	 1858.35
911	 1691.7	 1580.3
912	 1707.0	 1571.75
913	 442.0	 2245.1
914	 1743.1	 1588.4
915	 1684.6	 1515.9
916	 297.2	 2443.8
917	 1701.25	 1217.5
918	 1528.6	 2132.8
919	 1691.15	 1169.65
920	 1699.8	 1169.8
921	 1788.5	 1592.5
922	 1747.6	 1601.5
923	 1748.4	 1523.2
924	 1764.25	 1495.75
925	 1475.2	 2086.1
926	 1697.1	 1470.4
927	 1698.5	 1482.9
928	 1729.3	 1440.6
929	 739.25	 1261.0
930	 1722.4	 1404.0
931	 1717.1	 1391.8
932	 1723.9	 1376.7
933	 1531.75	 2062.75
934	 1757.5	 1443.5
935	 1784.65	 1472.65
936	 1796.4	 1471.8
937	 1772.8	 1351.9
938	 1726.25	 1134.25
939	 1057.6	 3187.0
940	 1832.3	 1550.6
941	 1857.2	 1593.6
942	 1862.1	 1581.3
943	 1832.8	 1542.2
944	 1758.8	 1317.6
945	 1863.3	 1606.05
946	 789.5	 1253.0
947	 797.75	 1283.75
948	 1916.4	 1596.4
949	 1902.0	 1550.5
950	 779.5	 1221.5
951	 497.0	 2159.0
952	 1849.0	 1463.5
953	 1606.1	 2269.25
954	 536.0	 2158.2
955	 1835.8	 1387.95
956	 1785.8	 1270.9
957	 1623.1	 2275.2
958	 1774.25	 1256.25
959	 1879.25	 1441.75
960	 1689.1	 855.85
961	 1826.3	 1316.0
962	 1606.25	 2194.25
963	 1881.7	 1394.6
964	 1888.25	 1390.25
965	 1702.4	 899.4
966	 1451.8	 1290.2
967	 540.0	 1053.5
968	 1634.0	 2222.0
969	 1443.75	 1216.0
970	 861.5	 1440.0
971	 1481.1	 1224.6
972	 1486.5	 1322.0
973	 1720.7	 2586.8
974	 1508.25	 1255.75
975	 1678.8	 2256.8
976	 1747.5	 2660.2
977	 1136.5	 1575.45
978	 992.4	 2968.9
979	 499.0	 2107.0
980	 1473.2	 1086.5
981	 1445.0	 1003.1
982	 1451.5	 998.75
983	 1476.05	 1039.5
984	 1497.5	 1133.9
985	 868.5	 1337.0
986	 1499.8	 1146.0
987	 900.25	 1385.75
988	 1691.8	 2195.2
989	 375.5	 1054.6
990	 834.2	 1217.2
991	 1533.4	 1339.85
992	 629.5	 1073.5
993	 1552.0	 1284.6
994	 1558.5	 1324.25
995	 1595.2	 2120.3
996	 514.0	 2072.5
997	 853.0	 1254.25
998	 1537.75	 1200.25
999	 1528.5	 1201.75
1000	 1570.5	 1307.9
1001	 1577.75	 1304.0
1002	 1596.7	 1284.1
1003	 1588.25	 1177.85
1004	 1656.5	 2148.0
1005	 1602.9	 1168.0
1006	 1530.75	 1154.0
1007	 1555.8	 1075.7
1008	 1566.9	 1037.0
1009	 1618.8	 2047.6
1010	 1574.0	 1146.6
1011	 1575.25	 1097.75
1012	 566.25	 2182.5
1013	 1632.6	 2081.8
1014	 1730.0	 2569.0
1015	 1568.8	 1030.0
1016	 1608.7	 1053.1
1017	 1443.0	 938.9
1018	 1459.5	 903.5
1019	 1470.5	 888.25
1020	 1677.5	 2122.25
1021	 1811.0	 1152.0
1022	 882.6	 1170.2
1023	 1465.8	 806.9
1024	 1484.0	 958.5
1025	 1699.05	 2141.6
1026	 1612.75	 1050.5
1027	 647.4	 2162.8
1028	 1110.8	 545.7
1029	 1497.6	 875.8
1030	 1439.7	 720.7
1031	 1684.75	 2096.5
1032	 682.0	 2203.75
1033	 1471.4	 723.9
1034	 566.25	 2134.25
1035	 1445.75	 623.5
1036	 1485.0	 691.5
1037	 1478.25	 630.5
1038	 922.25	 1685.5
1039	 1661.7	 1091.35
1040	 591.0	 2100.0
1041	 1491.9	 651.4
1042	 1025.2	 2856.6
1043	 1403.5	 2045.5
1044	 1678.0	 1110.0
1045	 1560.45	 929.95
1046	 1546.75	 903.75
1047	 1538.0	 866.0
1048	 1748.0	 2523.8
1049	 1513.0	 1995.5
1050	 1552.5	 832.0
1051	 1559.6	 839.4
1052	 679.0	 2129.75
1053	 1606.75	 918.7
1054	 1611.75	 920.25
1055	 1582.25	 873.75
1056	 1484.8	 1927.0
1057	 983.0	 1747.25
1058	 1522.85	 769.8
1059	 1544.8	 790.35
1060	 977.8	 1684.6
1061	 1655.0	 1794.0
1062	 1570.35	 753.2
1063	 901.0	 1643.25
1064	 1593.05	 761.45
1065	 1591.0	 2029.0
1066	 1560.25	 691.25
1067	 1585.6	 708.8
1068	 1590.25	 705.25
1069	 1540.25	 1952.75
1070	 1507.75	 967.25
1071	 1649.2	 1233.3
1072	 452.0	 2047.0
1073	 465.4	 1984.6
1074	 1142.25	 1838.5
1075	 1648.5	 855.0
1076	 466.6	 1962.6
1077	 1738.25	 1295.25
1078	 1715.5	 1324.25
1079	 497.75	 1952.75
1080	 1703.1	 1267.2
1081	 585.5	 2033.5
1082	 459.8	 1924.2
1083	 1580.0	 1954.0
1084	 1648.25	 1217.25
1085	 1486.4	 1886.4
1086	 1640.9	 1163.9
1087	 1662.0	 1157.25
1088	 1523.5	 1865.0
1089	 478.5	 1936.0
1090	 1518.9	 1836.7
1091	 1697.25	 1167.5
1092	 1203.8	 770.2
1093	 1655.75	 793.25
1094	 1544.2	 1890.3
1095	 1728.4	 1131.4
1096	 1712.85	 1118.3
1097	 1749.65	 1296.95
1098	 1569.4	 1890.0
1099	 1716.25	 1092.25
1100	 994.8	 1557.8
1101	 978.75	 1527.5
1102	 491.2	 1091.4
1103	 1768.6	 1243.1
1104	 1819.5	 1326.5
1105	 504.9	 1875.1
1106	 1817.5	 1332.9
1107	 485.6	 1834.8
1108	 1685.25	 2456.25
1109	 541.0	 1914.6
1110	 1589.0	 1856.75
1111	 569.25	 1931.75
1112	 1786.0	 1213.5
1113	 1784.0	 1221.25
1114	 1742.0	 1172.5
1115	 1785.9	 1169.9
1116	 1833.0	 1225.25
1117	 562.25	 1835.75
1118	 1811.3	 1163.6
1119	 1809.2	 1185.2
1120	 1819.25	 1184.5
1121	 1023.0	 1740.25
1122	 1177.4	 1737.3
1123	 1618.5	 1946.5
1124	 668.8	 2046.8
1125	 1018.5	 1673.25
1126	 1762.25	 1060.5
1127	 1670.9	 1094.3
1128	 1672.8	 1107.8
1129	 1655.2	 928.2
1130	 1703.0	 961.8
1131	 652.4	 1972.2
1132	 1673.1	 905.0
1133	 1150.5	 2639.8
1134	 674.0	 2010.3
1135	 1666.25	 846.25
1136	 1673.7	 851.35
1137	 1650.0	 806.5
1138	 1654.0	 803.75
1139	 1670.0	 808.5
1140	 1708.75	 884.75
1141	 587.2	 1941.8
1142	 1683.25	 981.05
1143	 1736.1	 1072.9
1144	 1709.75	 1007.75
1145	 1731.0	 1040.2
1146	 1730.75	 1031.5
1147	 1064.5	 1673.55
1148	 635.75	 1914.75
1149	 1698.85	 967.55
1150	 619.0	 1901.0
1151	 951.25	 3098.5
1152	 608.6	 1898.8
1153	 1709.3	 996.8
1154	 1642.0	 1883.75
1155	 365.5	 2632.6
1156	 1618.2	 1812.2
1157	 343.9	 2592.4
1158	 1169.3	 544.5
1159	 1632.25	 2372.5
1160	 604.0	 1870.5
1161	 1015.1	 1647.6
1162	 1015.0	 1628.0
1163	 425.1	 2734.05
1164	 659.8	 1922.6
1165	 402.7	 2605.1
1166	 1187.5	 2991.75
1167	 423.8	 2614.4
1168	 1658.2	 1887.4
1169	 315.8	 2544.6
1170	 1684.2	 1903.8
1171	 960.0	 3114.5
1172	 297.1	 2495.8
1173	 1042.75	 1639.25
1174	 1187.25	 2465.25
1175	 386.5	 2558.0
1176	 1053.9	 1644.0
1177	 377.75	 2539.75
1178	 347.2	 2546.2
1179	 527.0	 974.75
1180	 396.0	 2478.0
1181	 432.75	 2726.0
1182	 455.8	 2686.4
1183	 441.25	 2676.5
1184	 439.35	 2662.55
1185	 443.0	 2657.25
1186	 462.1	 2694.95
1187	 1070.5	 1586.0
1188	 455.0	 2718.5
1189	 490.4	 2792.95
1190	 279.4	 1464.0
1191	 1714.0	 2258.0
1192	 1680.3	 2299.2
1193	 506.3	 2722.2
1194	 522.5	 2646.75
1195	 1287.25	 1478.0
1196	 469.5	 2612.2
1197	 1453.0	 829.2
1198	 433.75	 2510.25
1199	 440.6	 2490.0
1200	 494.3	 2590.8
1201	 914.6	 1322.6
1202	 481.0	 2532.0
1203	 930.2	 1405.0
1204	 501.3	 2542.6
1205	 504.5	 2477.5
1206	 473.0	 2619.5
1207	 756.75	 2904.5
1208	 1185.8	 1639.2
1209	 248.0	 2430.0
1210	 943.0	 1367.5
1211	 1764.25	 2192.5
1212	 786.2	 2896.4
1213	 265.0	 2425.25
1214	 1747.75	 2221.5
1215	 232.2	 2379.7
1216	 242.75	 2377.75
1217	 1770.5	 2353.5
1218	 287.15	 2393.05
1219	 944.85	 1427.2
1220	 786.05	 2879.2
1221	 804.0	 3068.0
1222	 954.8	 1434.2
1223	 810.0	 3076.0
1224	 337.6	 2382.8
1225	 824.5	 3091.5
1226	 1801.6	 2170.15
1227	 1311.25	 850.75
1228	 314.25	 2328.0
1229	 809.2	 2969.5
1230	 327.0	 2328.5
1231	 309.75	 2307.85
1232	 1173.0	 1645.8
1233	 370.1	 2305.6
1234	 419.75	 2451.75
1235	 721.75	 2839.75
1236	 432.5	 2408.75
1237	 1743.2	 2293.5
1238	 743.6	 2832.65
1239	 945.25	 1462.25
1240	 438.5	 2439.9
1241	 485.0	 2458.45
1242	 719.4	 2802.8
1243	 751.25	 2809.5
1244	 746.5	 2770.5
1245	 445.3	 2389.9
1246	 1277.7	 1009.9
1247	 917.8	 1239.8
1248	 1780.8	 2092.2
1249	 388.0	 2317.0
1250	 927.25	 1258.0
1251	 525.4	 2346.7
1252	 782.25	 2805.0
1253	 482.3	 2316.7
1254	 456.5	 2316.0
1255	 518.0	 2291.25
1256	 521.0	 2368.5
1257	 548.0	 2837.0
1258	 531.1	 2798.8
1259	 1824.6	 2133.6
1260	 540.4	 2806.2
1261	 531.85	 2810.35
1262	 558.25	 2841.25
1263	 566.8	 2830.2
1264	 1829.0	 2166.25
1265	 518.9	 2762.8
1266	 957.5	 1265.75
1267	 528.25	 2710.25
1268	 565.0	 2758.3
1269	 565.5	 2772.25
1270	 990.25	 1309.5
1271	 565.5	 2848.25
1272	 618.1	 2890.4
1273	 622.75	 2910.75
1274	 610.25	 2817.75
1275	 616.4	 2744.2
1276	 537.35	 2704.35
1277	 556.5	 2701.25
1278	 554.4	 2631.6
1279	 1820.25	 2409.0
1280	 536.0	 2581.8
1281	 536.3	 2621.3
1282	 555.7	 2578.7
1283	 598.7	 2675.5
1284	 1879.6	 2236.6
1285	 1002.4	 1469.8
1286	 592.1	 2687.0
1287	 561.9	 2569.6
1288	 1023.75	 2805.25
1289	 868.8	 2962.0
1290	 622.25	 2904.5
1291	 891.25	 3050.5
1292	 620.0	 2816.45
1293	 776.7	 2881.0
1294	 875.5	 2972.0
1295	 1032.0	 2601.75
1296	 639.0	 2805.3
1297	 1000.0	 1366.6
1298	 655.25	 2817.0
1299	 638.3	 2770.4
1300	 660.2	 2763.8
1301	 1882.5	 2176.5
1302	 1901.0	 2209.8
1303	 701.6	 2889.8
1304	 1154.0	 1623.0
1305	 1892.75	 2170.75
1306	 643.0	 2659.5
1307	 858.4	 2823.4
1308	 628.8	 2581.1
1309	 624.25	 2571.25
1310	 615.0	 2633.8
1311	 662.0	 2590.0
1312	 1289.0	 949.5
1313	 675.65	 2580.7
1314	 695.0	 2580.0
1315	 886.9	 2869.2
1316	 561.05	 2517.8
1317	 538.5	 2500.0
1318	 861.2	 2773.2
1319	 1375.8	 1923.6
1320	 578.7	 2520.6
1321	 599.7	 2540.3
1322	 1861.4	 2118.8
1323	 535.15	 2381.95
1324	 537.75	 2387.2
1325	 1028.7	 2371.8
1326	 531.5	 2285.0
1327	 540.5	 2296.25
1328	 539.7	 2284.3
1329	 559.3	 2361.0
1330	 572.9	 2371.3
1331	 570.5	 2369.5
1332	 577.75	 2351.75
1333	 614.5	 2336.75
1334	 717.75	 2659.5
1335	 725.0	 2620.0
1336	 604.7	 2314.6
1337	 1895.75	 2367.25
1338	 1350.25	 1565.5
1339	 640.5	 2556.7
1340	 616.5	 2465.75
1341	 616.25	 2436.25
1342	 1966.5	 2116.1
1343	 1003.5	 1263.75
1344	 654.55	 2429.75
1345	 770.25	 2721.0
1346	 665.05	 2342.15
1347	 1963.9	 2065.7
1348	 668.4	 2313.05
1349	 685.4	 2300.3
1350	 696.7	 2300.8
1351	 998.75	 1180.05
1352	 1829.75	 2226.2
1353	 216.8	 2231.0
1354	 207.75	 2205.35
1355	 239.2	 2207.5
1356	 1317.8	 860.65
1357	 276.7	 2217.65
1358	 270.3	 2175.8
1359	 260.0	 2192.0
1360	 1028.75	 1312.75
1361	 1029.7	 1279.1
1362	 1346.4	 901.6
1363	 717.6	 2600.6
1364	 1789.8	 2044.8
1365	 199.4	 2089.8
1366	 202.5	 2079.25
1367	 232.6	 2057.6
1368	 304.5	 2141.05
1369	 320.5	 2142.75
1370	 277.5	 2065.25
1371	 322.0	 2101.0
1372	 323.75	 2069.5
1373	 1021.5	 2588.0
1374	 338.25	 2201.5
1375	 332.1	 2193.6
1376	 330.5	 2165.25
1377	 1864.0	 2286.0
1378	 1827.8	 1989.5
1379	 1840.6	 1936.6
1380	 432.75	 2228.5
1381	 326.2	 2132.4
1382	 323.25	 2113.0
1383	 740.1	 1151.0
1384	 363.9	 2141.2
1385	 388.25	 2136.5
1386	 358.9	 2098.0
1387	 325.8	 2055.05
1388	 319.5	 2150.9
1389	 394.85	 2143.1
1390	 427.8	 2139.2
1391	 424.5	 2146.5
1392	 440.25	 2095.75
1393	 435.0	 2046.0
1394	 439.95	 2109.25
1395	 198.5	 2019.75
1396	 200.5	 2012.0
1397	 1767.8	 1860.7
1398	 806.2	 2488.6
1399	 196.25	 1996.5
1400	 763.4	 1012.6
1401	 779.6	 1140.2
1402	 234.2	 1980.0
1403	 793.4	 1132.4
1404	 838.6	 2750.6
1405	 272.05	 2016.9
1406	 822.25	 2696.75
1407	 427.4	 2449.8
1408	 274.4	 1994.9
1409	 1812.4	 1832.8
1410	 1670.75	 2845.5
1411	 1827.0	 1830.4
1412	 828.0	 2643.0
1413	 724.8	 932.0
1414	 1087.5	 2616.25
1415	 1908.2	 2041.0
1416	 1184.0	 2967.5
1417	 277.2	 1904.75
1418	 296.5	 1912.6
1419	 242.75	 1829.5
1420	 281.8	 1945.3
1421	 300.0	 1987.0
1422	 343.75	 2042.25
1423	 429.75	 2398.0
1424	 752.4	 947.2
1425	 368.6	 2009.7
1426	 857.8	 2704.0
1427	 376.9	 1964.9
1428	 342.0	 1975.3
1429	 1591.5	 908.5
1430	 425.85	 2033.55
1431	 771.8	 998.6
1432	 376.75	 1972.75
1433	 787.25	 957.75
1434	 383.3	 1933.5
1435	 311.0	 1912.0
1436	 336.25	 1923.6
1437	 1254.5	 2107.5
1438	 1961.25	 2010.75
1439	 1360.0	 880.0
1440	 1509.8	 850.1
1441	 412.95	 1925.85
1442	 422.2	 1909.5
1443	 404.9	 1854.0
1444	 403.25	 1844.5
1445	 643.2	 1175.6
1446	 813.6	 2551.2
1447	 456.8	 2254.5
1448	 468.7	 2236.0
1449	 485.3	 2247.7
1450	 746.4	 2400.65
1451	 481.85	 2169.5
1452	 559.25	 2245.0
1453	 532.4	 2163.2
1454	 497.8	 2163.1
1455	 544.4	 2179.9
1456	 448.25	 2133.5
1457	 464.9	 2143.4
1458	 451.1	 2115.5
1459	 486.0	 2122.4
1460	 441.25	 2092.75
1461	 637.0	 1033.5
1462	 826.25	 2473.75
1463	 494.5	 2071.9
1464	 467.4	 2075.95
1465	 558.0	 2108.5
1466	 568.9	 2252.3
1467	 908.4	 1118.0
1468	 564.75	 2265.25
1469	 588.0	 2197.5
1470	 1873.0	 1866.2
1471	 600.9	 2212.2
1472	 618.6	 2201.6
1473	 1901.75	 1840.25
1474	 668.4	 2232.8
1475	 693.3	 2255.5
1476	 563.35	 2110.8
1477	 628.75	 2113.5
1478	 575.5	 2059.5
1479	 588.25	 2103.0
1480	 628.6	 2156.3
1481	 678.2	 2108.2
1482	 410.0	 2341.5
1483	 634.75	 2093.0
1484	 1659.5	 2698.0
1485	 644.9	 2065.95
1486	 700.75	 2542.25
1487	 894.5	 3095.25
1488	 693.8	 2088.6
1489	 447.85	 2051.95
1490	 457.5	 1980.0
1491	 445.75	 1905.75
1492	 489.25	 1934.75
1493	 480.3	 1897.4
1494	 1261.5	 2937.7
1495	 454.1	 1830.7
1496	 474.5	 1886.0
1497	 504.4	 1886.8
1498	 532.85	 1895.35
1499	 552.3	 1904.9
1500	 1130.0	 1789.4
1501	 859.0	 950.75
1502	 538.8	 1870.5
1503	 966.6	 3191.6
1504	 865.0	 1019.25
1505	 584.0	 2042.6
1506	 649.6	 2030.2
1507	 665.8	 2042.4
1508	 643.6	 2047.8
1509	 1139.25	 1667.5
1510	 660.25	 2008.25
1511	 670.4	 1974.6
1512	 694.55	 1991.55
1513	 697.0	 1960.4
1514	 599.7	 1019.3
1515	 676.6	 1958.7
1516	 671.25	 2012.25
1517	 598.1	 1916.65
1518	 605.75	 1921.0
1519	 584.9	 1911.3
1520	 1553.6	 2137.4
1521	 930.95	 2933.1
1522	 608.8	 1902.0
1523	 625.5	 1927.5
1524	 602.8	 1865.8
1525	 907.5	 2890.5
1526	 637.4	 1855.0
1527	 907.75	 2835.5
1528	 656.0	 1940.0
1529	 667.6	 1942.1
1530	 681.0	 1907.0
1531	 643.2	 1872.7
1532	 1265.5	 2850.0
1533	 921.5	 2809.25
1534	 702.0	 1858.5
1535	 1727.6	 1348.5
1536	 714.3	 2889.8
1537	 1025.1	 2684.55
1538	 802.3	 2928.8
1539	 756.0	 2917.0
1540	 963.6	 2980.6
1541	 782.7	 2883.65
1542	 1160.8	 1651.9
1543	 1165.75	 1660.75
1544	 743.75	 735.5
1545	 821.0	 2966.25
1546	 1191.0	 1649.25
1547	 1284.5	 735.75
1548	 786.8	 2771.2
1549	 774.5	 2794.85
1550	 775.4	 2773.8
1551	 791.8	 2769.7
1552	 831.25	 3082.5
1553	 850.95	 3090.6
1554	 984.15	 3167.1
1555	 819.5	 2957.5
1556	 1251.0	 1097.25
1557	 977.4	 3140.6
1558	 840.8	 2940.4
1559	 873.9	 3086.2
1560	 867.75	 3097.0
1561	 894.0	 3108.75
1562	 868.3	 2968.4
1563	 1156.8	 1573.8
1564	 882.2	 3022.2
1565	 842.6	 2868.6
1566	 725.5	 661.5
1567	 833.8	 2896.2
1568	 835.0	 2843.0
1569	 846.9	 2878.95
1570	 1067.3	 3434.95
1571	 872.2	 2854.6
1572	 886.3	 2858.4
1573	 870.25	 2780.0
1574	 997.75	 3217.75
1575	 870.0	 2800.2
1576	 887.7	 2795.15
1577	 869.4	 2816.4
1578	 763.95	 667.7
1579	 730.9	 2656.0
1580	 743.15	 2638.3
1581	 750.4	 2630.15
1582	 1148.0	 1492.6
1583	 733.25	 611.25
1584	 759.4	 652.6
1585	 755.25	 2587.5
1586	 801.0	 671.4
1587	 1169.75	 1571.0
1588	 738.8	 2580.4
1589	 810.4	 608.0
1590	 1531.55	 2254.35
1591	 765.4	 2585.4
1592	 779.6	 2510.5
1593	 824.8	 607.8
1594	 805.75	 2481.95
1595	 788.75	 2475.25
1596	 1293.6	 511.2
1597	 793.85	 2475.75
1598	 786.1	 2499.9
1599	 704.0	 2581.0
1600	 815.7	 2712.5
1601	 845.25	 2728.25
1602	 987.5	 2947.25
1603	 820.45	 2603.0
1604	 850.45	 2611.65
1605	 967.8	 2905.6
1606	 862.8	 2693.0
1607	 986.4	 2850.8
1608	 872.2	 2742.3
1609	 884.35	 2730.55
1610	 868.0	 2695.5
1611	 874.8	 835.0
1612	 995.0	 2830.25
1613	 861.75	 2597.5
1614	 880.5	 2657.5
1615	 1884.6	 1728.6
1616	 879.5	 2628.0
1617	 831.5	 2541.75
1618	 821.6	 2508.1
1619	 827.4	 2952.4
1620	 1233.2	 1767.2
1621	 860.5	 2496.75
1622	 1008.4	 2908.7
1623	 844.0	 2454.25
1624	 894.0	 824.75
1625	 1001.8	 3011.4
1626	 1211.65	 1697.9
1627	 907.0	 3122.0
1628	 897.25	 3034.75
1629	 926.9	 3060.0
1630	 1602.3	 2156.2
1631	 930.0	 3045.75
1632	 962.25	 3261.0
1633	 992.75	 2880.25
1634	 847.25	 647.75
1635	 856.2	 665.8
1636	 981.7	 3070.9
1637	 958.0	 3054.0
1638	 657.3	 911.5
1639	 913.2	 2963.4
1640	 1256.5	 1743.75
1641	 900.5	 2855.2
1642	 859.05	 612.05
1643	 925.4	 2881.8
1644	 904.2	 2764.8
1645	 1401.0	 2781.0
1646	 950.5	 2935.5
1647	 1279.4	 3070.3
1648	 949.45	 2919.95
1649	 859.25	 543.75
1650	 1356.4	 777.8
1651	 968.4	 3344.35
1652	 1033.75	 3374.0
1653	 1211.6	 1553.2
1654	 973.35	 3126.2
1655	 975.4	 3081.8
1656	 815.4	 1707.2
1657	 1223.25	 1602.25
1658	 1068.75	 3287.75
1659	 1083.5	 3413.75
1660	 1503.0	 2271.8
1661	 1050.0	 3417.25
1662	 1046.3	 3225.9
1663	 1201.9	 1490.0
1664	 1076.75	 3134.0
1665	 1002.8	 3056.3
1666	 1004.25	 3032.75
1667	 1058.2	 3156.4
1668	 1216.5	 1513.75
1669	 1009.5	 3023.9
1670	 1076.25	 3018.0
1671	 1079.25	 3068.75
1672	 973.75	 3010.0
1673	 979.5	 3008.25
1674	 979.9	 3011.7
1675	 906.05	 529.65
1676	 982.5	 2955.5
1677	 977.0	 2979.0
1678	 988.1	 2962.0
1679	 1246.6	 1564.6
1680	 911.0	 1132.4
1681	 983.75	 2864.25
1682	 995.3	 2874.9
1683	 933.0	 2674.0
1684	 1270.25	 1584.5
1685	 1017.3	 2978.8
1686	 920.5	 1168.75
1687	 1007.15	 2917.8
1688	 1076.0	 2910.25
1689	 1026.5	 2913.5
1690	 1073.0	 2967.5
1691	 951.75	 2707.75
1692	 959.4	 2679.6
1693	 1077.75	 2845.25
1694	 1017.2	 2835.2
1695	 1078.75	 2800.0
1696	 1240.0	 1485.2
1697	 940.5	 1135.5
1698	 918.75	 2745.25
1699	 931.4	 1014.8
1700	 1555.0	 1525.75
1701	 1262.4	 1478.8
1702	 933.75	 2664.75
1703	 945.6	 2781.6
1704	 919.75	 2589.75
1705	 1772.3	 1414.55
1706	 953.25	 2745.75
1707	 966.75	 2769.75
1708	 892.5	 2527.75
1709	 934.0	 2671.25
1710	 907.25	 2629.0
1711	 969.75	 1136.75
1712	 940.0	 2559.0
1713	 923.0	 2538.0
1714	 965.2	 1095.6
1715	 939.5	 2637.3
1716	 942.25	 2557.5
1717	 956.25	 2630.0
1718	 1185.0	 956.0
1719	 964.0	 2582.5
1720	 935.8	 2524.6
1721	 1125.0	 1299.4
1722	 1140.75	 1335.5
1723	 1152.5	 1429.0
1724	 982.1	 2775.0
1725	 1351.1	 3028.5
1726	 981.4	 1003.1
1727	 1007.7	 2768.3
1728	 916.3	 992.3
1729	 963.8	 2469.0
1730	 985.1	 2642.4
1731	 976.5	 2784.0
1732	 946.25	 931.75
1733	 1082.0	 2751.25
1734	 1035.9	 2780.6
1735	 1016.2	 2745.3
1736	 1082.25	 2696.25
1737	 1084.5	 2652.75
1738	 1423.3	 703.0
1739	 942.75	 871.25
1740	 933.25	 842.5
1741	 979.0	 2546.0
1742	 976.2	 2550.8
1743	 1000.0	 2506.5
1744	 980.0	 2686.2
1745	 1008.5	 2638.5
1746	 1188.25	 1349.5
1747	 1082.25	 2551.5
1748	 977.9	 936.9
1749	 1372.2	 670.2
1750	 1003.6	 2666.8
1751	 1077.0	 2465.5
1752	 1082.25	 2521.75
1753	 1106.3	 1269.8
1754	 959.25	 904.5
1755	 1122.2	 1263.6
1756	 1568.7	 1948.2
1757	 765.5	 2436.25
1758	 753.2	 2402.3
1759	 761.7	 2334.5
1760	 770.2	 2361.05
1761	 778.55	 2304.85
1762	 723.0	 2258.15
1763	 1123.2	 1194.0
1764	 731.5	 2270.0
1765	 1148.5	 1287.1
1766	 1503.25	 1863.25
1767	 760.4	 2154.2
1768	 967.5	 2580.5
1769	 796.6	 2394.4
1770	 833.9	 2455.15
1771	 829.6	 2366.6
1772	 996.0	 1058.75
1773	 858.6	 2431.8
1774	 857.8	 2444.2
1775	 864.75	 2447.5
1776	 1013.8	 1092.0
1777	 1311.25	 2809.0
1778	 847.8	 2305.6
1779	 840.4	 2358.0
1780	 875.75	 2321.75
1781	 846.4	 2905.05
1782	 415.2	 2349.8
1783	 822.6	 2204.15
1784	 838.0	 2195.25
1785	 856.25	 2244.0
1786	 856.3	 2265.45
1787	 848.1	 2158.4
1788	 875.25	 2157.0
1789	 864.5	 2205.25
1790	 732.25	 2067.25
1791	 724.4	 2063.2
1792	 736.8	 2110.8
1793	 761.6	 2119.2
1794	 733.75	 2063.0
1795	 680.3	 2837.5
1796	 762.75	 2132.75
1797	 1203.0	 1427.0
1798	 716.0	 1963.5
1799	 1195.0	 1317.5
1800	 750.0	 1977.9
1801	 729.9	 1893.2
1802	 712.55	 1844.25
1803	 779.5	 1981.0
1804	 1242.75	 1426.5
1805	 789.75	 1985.25
1806	 776.9	 1925.7
1807	 711.0	 2329.0
1808	 787.25	 1869.5
1809	 743.4	 2351.0
1810	 803.9	 2091.5
1811	 752.5	 2436.0
1812	 817.0	 2120.0
1813	 1265.75	 1361.25
1814	 821.9	 2031.0
1815	 789.0	 2391.8
1816	 1196.25	 1227.75
1817	 1202.25	 1260.75
1818	 874.5	 2129.0
1819	 1230.0	 1257.5
1820	 997.8	 937.1
1821	 837.25	 1999.0
1822	 859.5	 2008.5
1823	 1009.25	 928.0
1824	 887.5	 2039.25
1825	 799.0	 1908.0
1826	 838.55	 1868.25
1827	 838.5	 1893.0
1828	 876.75	 1918.0
1829	 876.25	 1837.75
1830	 876.8	 1846.1
1831	 896.9	 2436.9
1832	 905.25	 2439.0
1833	 918.2	 2431.2
1834	 1472.75	 1680.5
1835	 898.5	 2335.7
1836	 919.8	 2279.0
1837	 904.8	 2329.0
1838	 935.55	 2339.75
1839	 806.5	 1645.4
1840	 1027.2	 840.05
1841	 880.5	 2141.0
1842	 906.75	 2147.5
1843	 1263.0	 1253.4
1844	 929.0	 2151.25
1845	 932.25	 2125.0
1846	 963.75	 2190.0
1847	 727.5	 2196.75
1848	 1552.6	 929.2
1849	 962.1	 2183.3
1850	 991.8	 2452.95
1851	 984.75	 2396.75
1852	 1005.0	 2403.0
1853	 980.5	 2349.5
1854	 1231.25	 1154.75
1855	 994.1	 2347.7
1856	 764.3	 1592.7
1857	 1009.0	 2415.45
1858	 1428.75	 2975.25
1859	 763.65	 2161.45
1860	 1034.25	 2361.0
1861	 1035.8	 875.8
1862	 1087.0	 2317.5
1863	 1508.7	 1677.65
1864	 983.5	 2142.0
1865	 797.2	 2387.8
1866	 1003.4	 2146.7
1867	 1015.2	 2169.3
1868	 1028.5	 2256.5
1869	 839.5	 2425.5
1870	 1092.0	 2212.0
1871	 1055.15	 2207.95
1872	 1091.75	 2266.25
1873	 869.25	 2099.0
1874	 816.0	 2362.35
1875	 1100.8	 2161.0
1876	 1092.75	 2114.5
1877	 1100.4	 2173.6
1878	 796.8	 2341.5
1879	 1286.9	 1696.1
1880	 926.9	 2069.4
1881	 884.85	 2024.7
1882	 1335.5	 1779.75
1883	 1616.0	 1893.75
1884	 934.2	 2025.0
1885	 913.0	 745.25
1886	 916.5	 2018.5
1887	 1351.0	 1808.0
1888	 963.0	 2120.3
1889	 969.05	 2104.75
1890	 973.75	 2026.75
1891	 977.3	 1970.65
1892	 1654.6	 1883.6
1893	 1600.5	 1575.4
1894	 962.75	 784.5
1895	 859.75	 2412.75
1896	 910.0	 1896.5
1897	 916.6	 1842.5
1898	 853.5	 2370.7
1899	 940.4	 1917.9
1900	 982.1	 774.85
1901	 937.8	 1956.2
1902	 963.75	 1961.5
1903	 968.5	 1966.5
1904	 1015.1	 2079.85
1905	 1008.5	 2072.5
1906	 1002.6	 2037.6
1907	 1298.2	 1620.2
1908	 1020.95	 2033.85
1909	 1281.5	 1567.8
1910	 1093.5	 2081.75
1911	 1098.25	 2062.0
1912	 1054.25	 2043.5
1913	 1106.75	 2015.5
1914	 1033.25	 2033.25
1915	 1578.05	 1721.45
1916	 1104.75	 1980.5
1917	 995.8	 1924.6
1918	 988.4	 1871.0
1919	 992.2	 1901.75
1920	 999.5	 1837.4
1921	 1000.25	 1843.5
1922	 1285.4	 1500.4
1923	 1036.4	 1954.7
1924	 1034.75	 1968.5
1925	 1280.4	 1468.4
1926	 1064.25	 1960.75
1927	 1069.2	 1955.2
1928	 1104.75	 1889.5
1929	 812.75	 2158.5
1930	 1040.0	 1834.5
1931	 1099.0	 1834.75
1932	 838.25	 2189.75
1933	 231.5	 1826.35
1934	 1316.75	 1493.0
1935	 825.6	 1664.8
1936	 249.65	 1785.4
1937	 835.0	 2230.6
1938	 266.1	 1742.1
1939	 853.75	 2241.75
1940	 294.4	 1807.2
1941	 874.3	 2266.75
1942	 991.25	 588.25
1943	 318.0	 1821.55
1944	 961.6	 505.85
1945	 272.5	 1730.5
1946	 1338.8	 1591.6
1947	 305.8	 1702.2
1948	 328.2	 1747.55
1949	 311.0	 1725.0
1950	 341.75	 1749.2
1951	 982.75	 483.0
1952	 185.75	 1629.25
1953	 233.0	 1632.0
1954	 260.0	 1666.6
1955	 901.2	 1206.7
1956	 1453.75	 2674.0
1957	 869.0	 2200.0
1958	 333.2	 1635.7
1959	 1369.4	 1778.2
1960	 341.0	 1658.25
1961	 365.0	 1815.5
1962	 379.9	 1798.7
1963	 1008.8	 644.2
1964	 413.25	 1760.5
1965	 373.25	 1768.25
1966	 350.4	 1699.4
1967	 406.4	 1728.3
1968	 1599.75	 1661.0
1969	 425.25	 1776.75
1970	 446.8	 1816.4
1971	 1376.5	 1671.1
1972	 1419.8	 1714.8
1973	 1850.5	 2057.0
1974	 1408.25	 1662.75
1975	 443.75	 1703.75
1976	 733.6	 2006.2
1977	 364.25	 1687.75
1978	 399.05	 1661.5
1979	 464.55	 1691.4
1980	 1365.0	 1525.5
1981	 790.2	 2100.1
1982	 433.55	 1603.7
1983	 460.25	 1625.75
1984	 1089.0	 2300.75
1985	 227.0	 1568.8
1986	 776.0	 2015.6
1987	 197.2	 1546.7
1988	 207.75	 1493.5
1989	 227.3	 1531.9
1990	 263.5	 1581.55
1991	 1845.3	 2202.4
1992	 1017.4	 610.2
1993	 318.8	 1483.75
1994	 1505.7	 2699.7
1995	 1012.0	 537.75
1996	 1028.6	 564.8
1997	 725.5	 1892.0
1998	 735.25	 1889.75
1999	 1047.2	 632.2
2000	 1370.0	 1465.75
2001	 1052.5	 593.15
2002	 278.9	 1478.2
2003	 257.0	 1384.75
2004	 1066.0	 612.75
2005	 339.0	 1579.1
2006	 349.5	 1523.5
2007	 647.2	 1404.0
2008	 1054.5	 556.5
2009	 340.2	 1483.9
2010	 421.8	 1563.2
2011	 460.6	 1552.7
2012	 1290.0	 1361.75
2013	 383.0	 1436.5
2014	 401.3	 1415.85
2015	 725.85	 1472.65
2016	 461.0	 1465.25
2017	 1146.45	 3361.4
2018	 1333.2	 1442.45
2019	 422.75	 1392.25
2020	 418.1	 1372.4
2021	 451.0	 1417.0
2022	 772.0	 1844.5
2023	 793.8	 1897.2
2024	 425.0	 1364.25
2025	 471.9	 1757.0
2026	 505.75	 1749.5
2027	 597.0	 1778.5
2028	 1128.0	 2090.5
2029	 799.2	 2089.0
2030	 582.6	 1746.0
2031	 586.3	 1728.6
2032	 798.6	 2098.2
2033	 1756.5	 2081.75
2034	 521.5	 1692.5
2035	 488.3	 1668.2
2036	 477.5	 1638.5
2037	 523.75	 1645.75
2038	 531.0	 1705.2
2039	 568.75	 1698.25
2040	 1181.0	 3225.5
2041	 547.2	 1647.6
2042	 1174.4	 3180.6
2043	 550.5	 1603.7
2044	 565.85	 1655.95
2045	 472.6	 1691.75
2046	 816.0	 2058.0
2047	 1806.25	 2138.2
2048	 602.5	 1784.0
2049	 1285.8	 1270.2
2050	 721.25	 1785.75
2051	 520.6	 1687.2
2052	 1818.3	 2119.5
2053	 619.3	 1657.4
2054	 777.0	 1382.0
2055	 655.0	 1633.0
2056	 695.25	 1607.25
2057	 605.8	 1835.1
2058	 470.2	 1560.0
2059	 472.75	 1566.5
2060	 859.0	 2097.6
2061	 509.25	 1520.75
2062	 535.8	 1595.7
2063	 535.9	 1591.1
2064	 569.0	 1570.5
2065	 542.5	 1497.5
2066	 581.3	 1540.8
2067	 1827.25	 2061.75
2068	 1150.4	 2939.2
2069	 573.8	 1515.9
2070	 980.8	 2286.6
2071	 499.6	 1464.2
2072	 484.25	 1446.75
2073	 474.7	 1423.7
2074	 509.4	 1465.5
2075	 470.7	 1365.6
2076	 524.5	 1402.8
2077	 533.0	 1481.1
2078	 1146.75	 2914.0
2079	 1357.0	 1248.5
2080	 629.4	 1589.2
2081	 633.0	 1593.75
2082	 639.0	 1536.9
2083	 629.7	 1548.95
2084	 641.3	 1558.9
2085	 1156.25	 3019.25
2086	 715.2	 1574.6
2087	 692.0	 1557.5
2088	 710.85	 1546.55
2089	 1736.0	 2007.0
2090	 1356.2	 1171.8
2091	 1178.0	 3028.25
2092	 613.1	 1462.5
2093	 634.5	 1470.8
2094	 627.6	 1397.8
2095	 220.8	 2244.0
2096	 644.9	 1412.2
2097	 863.5	 1915.5
2098	 1181.0	 2916.5
2099	 1171.2	 2891.6
2100	 714.1	 1470.75
2101	 1395.8	 1424.5
2102	 700.9	 1443.3
2103	 712.0	 1421.0
2104	 1006.75	 1245.5
2105	 648.5	 1365.75
2106	 685.5	 1361.25
2107	 1205.5	 3162.5
2108	 1373.0	 1343.5
2109	 1426.75	 808.0
2110	 1204.0	 3103.0
2111	 1080.75	 2364.75
2112	 311.0	 1316.25
2113	 360.5	 1353.5
2114	 308.25	 1303.0
2115	 1228.3	 3112.2
2116	 859.75	 1882.25
2117	 1389.4	 1295.3
2118	 275.8	 1273.85
2119	 315.25	 1272.25
2120	 329.4	 1249.0
2121	 1407.75	 1415.75
2122	 331.4	 1238.0
2123	 313.25	 1198.0
2124	 1241.4	 3144.8
2125	 325.75	 1172.25
2126	 792.5	 1835.5
2127	 888.75	 2440.5
2128	 353.6	 1194.6
2129	 393.75	 1189.0
2130	 385.75	 1173.75
2131	 1408.5	 1358.4
2132	 460.7	 1311.2
2133	 467.65	 1286.6
2134	 457.7	 1275.1
2135	 1248.75	 3066.5
2136	 511.25	 1269.75
2137	 1379.4	 1220.8
2138	 523.5	 1261.5
2139	 1184.75	 2077.75
2140	 520.0	 1202.8
2141	 1224.6	 2977.8
2142	 331.25	 1152.5
2143	 1370.75	 1183.0
2144	 333.2	 1143.4
2145	 390.75	 1139.25
2146	 961.75	 2385.35
2147	 347.0	 1083.5
2148	 352.5	 1089.4
2149	 362.8	 1082.2
2150	 935.6	 2369.2
2151	 398.6	 1114.0
2152	 429.1	 1119.3
2153	 447.2	 1120.45
2154	 422.1	 1105.7
2155	 441.6	 1055.2
2156	 1410.8	 1225.6
2157	 924.0	 2271.4
2158	 900.2	 2270.6
2159	 1440.5	 1230.0
2160	 398.5	 995.25
2161	 1410.95	 1156.95
2162	 432.85	 934.65
2163	 961.75	 2264.25
2164	 1252.75	 2921.25
2165	 1259.5	 2884.0
2166	 1436.25	 1176.5
2167	 466.5	 1143.75
2168	 473.85	 1144.4
2169	 944.2	 2197.6
2170	 486.5	 1046.0
2171	 513.0	 1132.0
2172	 517.0	 1033.4
2173	 517.2	 997.6
2174	 532.0	 1081.4
2175	 983.8	 2460.4
2176	 488.6	 971.2
2177	 1747.5	 1579.5
2178	 1152.0	 2779.0
2179	 1134.25	 2770.25
2180	 1137.2	 2745.6
2181	 870.6	 3023.6
2182	 1122.5	 1065.75
2183	 547.5	 919.75
2184	 985.2	 2388.0
2185	 1107.85	 1010.95
2186	 503.25	 876.25
2187	 561.7	 1248.4
2188	 568.7	 1228.9
2189	 984.0	 2283.75
2190	 576.1	 1264.2
2191	 584.75	 1288.75
2192	 605.15	 1313.7
2193	 622.5	 1317.6
2194	 587.25	 1214.25
2195	 1168.0	 2781.5
2196	 564.75	 1188.75
2197	 1181.0	 2788.75
2198	 547.75	 1075.5
2199	 1150.25	 1086.5
2200	 561.5	 1084.9
2201	 1027.7	 2317.8
2202	 597.9	 1199.7
2203	 581.75	 1122.5
2204	 621.5	 1183.75
2205	 1054.5	 2296.0
2206	 651.1	 1282.0
2207	 654.0	 1262.5
2208	 654.25	 1277.0
2209	 679.25	 1284.75
2210	 696.8	 1292.4
2211	 719.75	 1278.75
2212	 714.75	 1352.7
2213	 701.75	 1222.75
2214	 1019.4	 2215.4
2215	 1136.6	 2612.4
2216	 1158.5	 2598.25
2217	 699.5	 1173.8
2218	 674.0	 1174.0
2219	 683.1	 1143.05
2220	 713.25	 1168.25
2221	 695.0	 1057.0
2222	 647.5	 1034.4
2223	 548.1	 938.3
2224	 1094.5	 858.0
2225	 609.95	 1029.3
2226	 1106.75	 849.0
2227	 612.0	 873.2
2228	 1656.0	 1449.0
2229	 1011.0	 2187.5
2230	 905.5	 1795.4
2231	 904.9	 1787.3
2232	 1173.15	 2666.8
2233	 1657.5	 1393.0
2234	 586.25	 795.75
2235	 436.0	 1702.0
2236	 1185.5	 2667.0
2237	 598.25	 841.5
2238	 602.75	 850.75
2239	 611.5	 752.5
2240	 610.9	 853.5
2241	 939.4	 1799.8
2242	 1057.0	 2148.6
2243	 676.0	 918.75
2244	 1089.0	 2409.7
2245	 900.25	 2098.5
2246	 671.3	 881.0
2247	 656.7	 845.4
2248	 893.5	 2055.0
2249	 683.55	 1025.9
2250	 698.6	 979.7
2251	 701.6	 990.8
2252	 1154.3	 2188.8
2253	 679.0	 906.0
2254	 918.0	 2076.5
2255	 1085.5	 1186.5
2256	 649.05	 724.65
2257	 1272.3	 1308.2
2258	 952.25	 1717.5
2259	 670.0	 693.0
2260	 673.2	 690.2
2261	 692.9	 800.3
2262	 1173.75	 1100.5
2263	 688.3	 719.3
2264	 699.75	 698.0
2265	 1184.0	 2732.0
2266	 1199.6	 2702.5
2267	 758.05	 1811.55
2268	 751.0	 1704.5
2269	 758.1	 1692.7
2270	 757.8	 1732.6
2271	 1224.35	 854.1
2272	 956.3	 2070.6
2273	 786.9	 1832.5
2274	 787.5	 1751.0
2275	 812.0	 1702.2
2276	 790.0	 1643.5
2277	 816.25	 1761.0
2278	 771.4	 1816.9
2279	 962.0	 2097.0
2280	 1267.4	 2838.4
2281	 979.5	 2083.5
2282	 1273.25	 2818.25
2283	 753.2	 2507.4
2284	 1249.25	 2789.75
2285	 979.6	 2008.6
2286	 757.25	 1503.25
2287	 757.4	 1509.6
2288	 763.3	 1495.4
2289	 767.0	 1637.8
2290	 784.4	 1576.4
2291	 780.0	 1566.5
2292	 1728.6	 1819.4
2293	 809.6	 1754.25
2294	 1240.5	 1096.0
2295	 1734.0	 1285.5
2296	 846.7	 1770.4
2297	 838.2	 1765.6
2298	 913.5	 1933.5
2299	 901.4	 1867.1
2300	 853.2	 1695.2
2301	 1247.25	 1108.25
2302	 869.25	 1806.0
2303	 870.3	 1788.15
2304	 862.8	 1708.7
2305	 1194.8	 2533.8
2306	 829.3	 1565.4
2307	 853.5	 1571.25
2308	 1204.2	 2502.9
2309	 863.5	 1578.75
2310	 909.0	 1865.75
2311	 895.4	 1586.4
2312	 879.3	 1588.0
2313	 727.75	 1468.5
2314	 1234.0	 1007.25
2315	 729.25	 1421.0
2316	 917.6	 1847.6
2317	 743.5	 1348.75
2318	 757.5	 1358.7
2319	 771.0	 1390.5
2320	 1243.0	 2607.4
2321	 773.3	 1330.5
2322	 1252.75	 981.5
2323	 1177.8	 953.0
2324	 739.1	 1300.8
2325	 958.8	 1976.2
2326	 715.75	 1254.95
2327	 722.45	 1168.75
2328	 977.25	 1876.25
2329	 977.0	 1843.25
2330	 778.1	 1230.3
2331	 1014.5	 2121.25
2332	 811.1	 1430.85
2333	 825.1	 1450.5
2334	 812.1	 1397.0
2335	 855.0	 1457.0
2336	 937.8	 1556.4
2337	 876.6	 1356.2
2338	 895.2	 1280.1
2339	 868.6	 1249.2
2340	 869.0	 1191.0
2341	 871.0	 1235.75
2342	 881.0	 1190.0
2343	 1215.4	 907.6
2344	 1026.25	 1994.75
2345	 917.75	 1778.75
2346	 1035.25	 2116.5
2347	 950.3	 1798.6
2348	 1323.8	 3051.8
2349	 1230.8	 920.5
2350	 1314.2	 3018.6
2351	 1235.0	 884.5
2352	 1316.6	 2993.8
2353	 1330.0	 3129.75
2354	 1891.7	 1796.8
2355	 1046.2	 2056.0
2356	 975.75	 1703.75
2357	 909.0	 1599.2
2358	 1040.0	 2020.75
2359	 1052.4	 2010.8
2360	 1253.5	 855.0
2361	 900.75	 1573.5
2362	 1265.0	 2555.0
2363	 1355.4	 3128.4
2364	 937.9	 1544.3
2365	 938.5	 1533.5
2366	 1094.4	 756.6
2367	 957.0	 1627.75
2368	 976.0	 1608.0
2369	 1117.25	 768.5
2370	 971.45	 1527.1
2371	 1010.2	 1808.2
2372	 1030.6	 1796.8
2373	 1708.6	 2210.6
2374	 1022.55	 1786.65
2375	 1022.05	 1828.2
2376	 1012.0	 1706.75
2377	 1029.0	 1731.5
2378	 751.0	 1056.5
2379	 1340.75	 2999.5
2380	 1099.25	 1820.25
2381	 1017.7	 1959.1
2382	 1096.8	 1789.7
2383	 1102.75	 1736.5
2384	 1251.6	 2237.2
2385	 1092.4	 1677.0
2386	 1098.75	 1691.75
2387	 1008.5	 1648.75
2388	 1010.6	 1625.0
2389	 1015.6	 1614.0
2390	 1009.95	 1544.05
2391	 1314.0	 2969.4
2392	 1012.45	 1517.25
2393	 1050.55	 1640.75
2394	 1165.0	 690.75
2395	 798.75	 2464.5
2396	 1098.5	 1613.75
2397	 1040.0	 1511.7
2398	 1088.0	 1509.0
2399	 1094.75	 1545.25
2400	 1100.75	 1585.25
2401	 1025.0	 1847.35
2402	 905.5	 1380.6
2403	 933.75	 1383.25
2404	 900.3	 1320.1
2405	 937.95	 1396.65
2406	 896.0	 1330.0
2407	 950.0	 1452.75
2408	 946.5	 1440.0
2409	 972.75	 1491.5
2410	 972.25	 1456.0
2411	 1298.55	 2856.85
2412	 1064.2	 1964.0
2413	 980.0	 1402.25
2414	 1065.0	 1940.8
2415	 902.5	 1279.25
2416	 1034.8	 1878.4
2417	 907.0	 1195.5
2418	 930.0	 1242.25
2419	 927.3	 1192.8
2420	 939.75	 1233.25
2421	 962.25	 1320.25
2422	 970.5	 1299.8
2423	 942.5	 1198.0
2424	 1094.75	 2130.75
2425	 1131.5	 607.5
2426	 1151.4	 596.6
2427	 654.25	 1694.75
2428	 999.4	 1461.5
2429	 1385.0	 1126.0
2430	 1011.5	 1368.6
2431	 1021.8	 1357.6
2432	 1263.2	 2518.6
2433	 1091.0	 1466.5
2434	 1087.5	 1446.25
2435	 252.0	 1739.25
2436	 1072.25	 1414.55
2437	 1077.2	 1399.8
2438	 1087.5	 1363.25
2439	 992.0	 1306.0
2440	 990.0	 1205.0
2441	 1004.35	 1206.5
2442	 1105.75	 1993.5
2443	 1008.1	 1256.3
2444	 1004.2	 1247.9
2445	 1023.9	 1315.7
2446	 1025.0	 1331.75
2447	 1181.8	 738.0
2448	 1081.5	 1328.5
2449	 1076.75	 1281.5
2450	 1078.7	 1249.6
2451	 1213.0	 805.5
2452	 1199.25	 762.25
2453	 1064.75	 1223.5
2454	 1069.6	 1188.7
2455	 1063.5	 1171.75
2456	 1064.25	 1233.5
2457	 323.4	 1813.8
2458	 742.0	 1164.5
2459	 779.9	 1163.8
2460	 327.4	 1763.8
2461	 739.75	 1066.0
2462	 1212.1	 734.8
2463	 1105.0	 1950.5
2464	 1406.0	 3034.2
2465	 756.1	 985.0
2466	 749.75	 954.25
2467	 1446.6	 3050.8
2468	 1921.75	 1709.75
2469	 751.05	 872.7
2470	 765.4	 999.1
2471	 1101.5	 1714.75
2472	 1905.8	 1699.2
2473	 228.4	 1623.8
2474	 1424.25	 2984.5
2475	 801.1	 876.5
2476	 815.45	 1166.45
2477	 854.25	 1160.5
2478	 1434.25	 2961.0
2479	 826.25	 1086.25
2480	 848.5	 1047.2
2481	 249.5	 1620.25
2482	 1220.5	 721.5
2483	 278.8	 1679.6
2484	 823.3	 939.5
2485	 263.25	 1658.5
2486	 817.5	 889.5
2487	 832.6	 916.1
2488	 859.0	 921.75
2489	 328.8	 1665.2
2490	 877.5	 988.25
2491	 893.0	 999.6
2492	 282.4	 1619.6
2493	 891.7	 992.3
2494	 907.15	 990.35
2495	 873.4	 920.35
2496	 315.0	 1627.0
2497	 1412.25	 2860.0
2498	 1391.6	 2807.6
2499	 843.75	 1176.5
2500	 1265.8	 648.0
2501	 775.8	 820.2
2502	 729.3	 777.3
2503	 1211.8	 609.6
2504	 753.0	 758.1
2505	 1691.75	 1724.5
2506	 755.4	 742.7
2507	 235.9	 1896.5
2508	 789.25	 848.75
2509	 261.8	 1816.6
2510	 787.1	 714.4
2511	 1188.0	 508.0
2512	 759.25	 670.5
2513	 732.75	 665.0
2514	 752.9	 658.2
2515	 403.5	 1809.0
2516	 1104.25	 1856.75
2517	 745.1	 654.7
2518	 1685.7	 1495.5
2519	 819.6	 695.8
2520	 821.9	 604.4
2521	 850.0	 835.25
2522	 859.65	 844.65
2523	 1219.0	 520.75
2524	 860.25	 693.25
2525	 908.0	 820.0
2526	 743.4	 955.4
2527	 1773.6	 1406.95
2528	 882.8	 759.8
2529	 1055.15	 1619.15
2530	 1274.5	 2741.25
2531	 273.5	 1762.25
2532	 1866.25	 1967.25
2533	 1255.25	 521.0
2534	 860.5	 546.3
2535	 1255.1	 467.3
2536	 851.1	 569.65
2537	 889.8	 621.0
2538	 891.5	 657.3
2539	 900.1	 656.9
2540	 889.55	 677.15
2541	 442.4	 1769.0
2542	 879.4	 564.15
2543	 879.25	 539.25
2544	 874.1	 547.5
2545	 838.65	 862.55
2546	 911.35	 1120.7
2547	 919.8	 1116.8
2548	 927.15	 1078.9
2549	 1259.3	 1591.1
2550	 953.75	 1027.75
2551	 929.55	 1077.1
2552	 958.2	 1099.0
2553	 974.8	 1131.5
2554	 951.0	 1035.75
2555	 1094.4	 1569.0
2556	 462.5	 1743.0
2557	 923.05	 955.7
2558	 449.0	 1718.0
2559	 914.0	 822.2
2560	 816.7	 2151.4
2561	 938.5	 828.5
2562	 942.0	 822.5
2563	 956.25	 976.75
2564	 1294.3	 2619.2
2565	 986.45	 972.0
2566	 946.0	 879.0
2567	 1283.75	 2568.75
2568	 984.2	 859.8
2569	 367.0	 1642.0
2570	 1005.4	 1108.05
2571	 1326.0	 2649.0
2572	 1356.8	 2646.5
2573	 1011.3	 1088.65
2574	 1055.0	 1129.5
2575	 282.5	 1713.0
2576	 1326.25	 1109.0
2577	 1356.25	 2530.0
2578	 427.8	 1686.2
2579	 429.3	 1651.25
2580	 1307.4	 1031.2
2581	 1053.25	 1057.75
2582	 1389.4	 2779.4
2583	 1055.5	 1071.0
2584	 1093.5	 1524.0
2585	 1053.25	 1008.5
2586	 1056.9	 990.0
2587	 1009.75	 939.0
2588	 994.4	 863.8
2589	 1024.05	 849.3
2590	 1052.4	 942.2
2591	 1056.5	 959.5
2592	 1054.25	 977.0
2593	 1057.75	 910.25
2594	 1061.2	 920.4
2595	 457.2	 1636.0
2596	 1057.25	 877.0
2597	 1415.0	 2701.2
2598	 1058.5	 840.75
2599	 1053.1	 853.6
2600	 1058.75	 889.5
2601	 973.9	 1447.9
2602	 1444.25	 1291.75
2603	 941.4	 703.2
2604	 1452.0	 2725.6
2605	 966.8	 791.95
2606	 978.65	 791.25
2607	 1282.0	 857.25
2608	 966.5	 717.0
2609	 904.2	 568.8
2610	 921.8	 501.7
2611	 928.7	 514.2
2612	 948.4	 541.5
2613	 987.75	 542.75
2614	 983.6	 1382.7
2615	 1462.0	 2647.2
2616	 980.6	 487.0
2617	 215.2	 1490.35
2618	 1372.25	 2504.75
2619	 1012.75	 653.0
2620	 1059.25	 794.0
2621	 1058.75	 781.25
2622	 1057.25	 760.75
2623	 1088.45	 782.7
2624	 1066.75	 673.0
2625	 1077.75	 636.0
2626	 998.25	 612.25
2627	 1258.0	 1088.0
2628	 1011.4	 532.8
2629	 1356.0	 1118.1
2630	 1423.8	 2557.9
2631	 1005.8	 506.0
2632	 1045.5	 482.5
2633	 1048.2	 499.8
2634	 1017.8	 473.0
2635	 283.25	 1513.25
2636	 1080.0	 617.75
2637	 1088.7	 570.5
2638	 1056.8	 553.3
2639	 318.4	 1500.4
2640	 1079.2	 563.2
2641	 871.2	 2650.8
2642	 1049.25	 3326.0
2643	 257.0	 1661.4
2644	 1079.5	 3105.0
2645	 1152.9	 3229.55
2646	 1045.8	 3210.5
2647	 1077.0	 3084.0
2648	 1156.25	 3080.0
2649	 247.75	 1453.25
2650	 1220.75	 1701.25
2651	 1197.8	 3112.4
2652	 1073.75	 2992.75
2653	 1138.75	 2988.75
2654	 1141.5	 2326.25
2655	 1149.75	 2970.75
2656	 1081.25	 3040.75
2657	 1141.75	 2943.25
2658	 1139.75	 2919.5
2659	 1078.0	 2896.75
2660	 1145.6	 2938.2
2661	 1242.0	 1779.75
2662	 250.25	 1399.5
2663	 1073.5	 2930.5
2664	 1156.4	 3005.9
2665	 1407.75	 1073.5
2666	 1417.7	 1095.8
2667	 1440.8	 1124.6
2668	 1181.5	 2893.3
2669	 1185.15	 2911.6
2670	 1174.6	 2436.5
2671	 1226.5	 3106.4
2672	 1224.5	 3102.0
2673	 1239.6	 3138.0
2674	 1247.65	 3127.9
2675	 1189.5	 2431.25
2676	 1235.3	 3101.9
2677	 1241.75	 3091.0
2678	 1260.7	 3076.0
2679	 1256.5	 3066.0
2680	 1169.2	 2323.5
2681	 1431.6	 1039.4
2682	 1209.9	 2952.6
2683	 1224.6	 2957.9
2684	 1232.6	 2970.2
2685	 1204.5	 2324.0
2686	 1377.7	 990.4
2687	 1870.2	 1610.0
2688	 1259.2	 2989.9
2689	 300.75	 1408.5
2690	 1175.7	 2308.0
2691	 981.7	 1409.2
2692	 1263.1	 2880.6
2693	 1393.4	 928.0
2694	 1079.0	 2823.0
2695	 1127.8	 2787.4
2696	 1154.0	 2795.0
2697	 1083.25	 2721.0
2698	 1131.4	 2742.1
2699	 1089.7	 2676.2
2700	 1330.0	 2389.6
2701	 1347.5	 917.5
2702	 1160.2	 2787.75
2703	 1166.2	 2783.6
2704	 1157.85	 2829.75
2705	 1663.25	 1112.0
2706	 1089.75	 2632.0
2707	 1087.75	 2591.25
2708	 1087.25	 2602.5
2709	 1142.4	 2678.2
2710	 1398.25	 921.75
2711	 1154.95	 2579.7
2712	 1083.0	 2565.25
2713	 1083.25	 2497.0
2714	 1146.25	 2550.75
2715	 1142.5	 2507.75
2716	 1174.5	 2653.25
2717	 1180.35	 2665.45
2718	 1437.6	 936.4
2719	 1183.2	 2652.8
2720	 1151.5	 2220.5
2721	 1187.5	 2620.0
2722	 1165.8	 2592.4
2723	 1186.8	 2532.2
2724	 1081.0	 2776.0
2725	 1192.9	 2829.7
2726	 1926.6	 1589.8
2727	 1435.2	 850.2
2728	 1216.1	 2784.45
2729	 1816.9	 1482.7
2730	 1250.4	 2837.8
2731	 1753.25	 1290.5
2732	 1232.1	 2771.5
2733	 1243.3	 2773.3
2734	 399.2	 1442.4
2735	 1202.4	 2639.2
2736	 356.25	 1367.5
2737	 1231.8	 2686.9
2738	 1241.3	 2696.7
2739	 1245.75	 2650.0
2740	 1252.75	 2610.75
2741	 1251.5	 2645.0
2742	 1177.75	 2214.25
2743	 1827.8	 1373.6
2744	 428.0	 1443.1
2745	 1259.75	 2575.25
2746	 1294.25	 758.0
2747	 1290.65	 3078.85
2748	 456.2	 1464.3
2749	 1299.25	 3114.75
2750	 1225.05	 2439.6
2751	 1293.75	 697.25
2752	 1231.25	 2500.75
2753	 1835.1	 1358.1
2754	 1329.2	 3106.9
2755	 1299.0	 2242.5
2756	 1339.7	 3095.5
2757	 1337.3	 3123.7
2758	 1333.5	 3059.0
2759	 1330.1	 3012.95
2760	 1321.05	 3010.9
2761	 596.0	 1044.25
2762	 1334.5	 3066.25
2763	 1286.5	 2941.8
2764	 1293.0	 2961.75
2765	 1280.4	 2889.8
2766	 1272.5	 2850.25
2767	 1293.6	 2846.4
2768	 1328.5	 751.0
2769	 1318.75	 2831.5
2770	 464.0	 1376.6
2771	 1343.75	 740.25
2772	 1352.25	 2956.75
2773	 345.7	 1662.6
2774	 1353.4	 2890.7
2775	 1316.5	 2823.1
2776	 498.8	 1789.4
2777	 1336.45	 2820.95
2778	 1387.2	 3068.4
2779	 1407.25	 3038.25
2780	 1267.0	 462.0
2781	 1411.1	 3050.3
2782	 1465.0	 3022.5
2783	 1334.0	 650.25
2784	 1435.25	 3041.75
2785	 1220.75	 2249.25
2786	 1334.05	 635.6
2787	 1362.9	 2920.15
2788	 1386.3	 2924.0
2789	 1865.5	 1363.4
2790	 1236.25	 2222.25
2791	 1399.5	 2813.75
2792	 1733.5	 973.5
2793	 1415.0	 2858.7
2794	 1339.5	 588.5
2795	 1432.0	 2883.0
2796	 540.6	 1755.8
2797	 1458.75	 2865.5
2798	 1276.0	 2295.25
2799	 570.0	 1764.25
2800	 1278.55	 2746.0
2801	 1293.75	 2742.5
2802	 1348.0	 784.25
2803	 1276.3	 2647.3
2804	 1313.0	 2669.5
2805	 1325.25	 2661.1
2806	 1951.1	 2124.5
2807	 482.0	 1713.25
2808	 1238.0	 2321.0
2809	 1263.25	 2563.5
2810	 1296.5	 2515.0
2811	 1357.5	 2656.0
2812	 568.25	 1454.25
2813	 509.8	 1703.4
2814	 1372.75	 736.35
2815	 1371.25	 2725.75
2816	 1163.75	 2083.25
2817	 1412.6	 2791.6
2818	 1407.4	 2750.8
2819	 480.5	 1638.25
2820	 1424.2	 2710.1
2821	 1425.7	 2716.7
2822	 1436.95	 2666.3
2823	 510.75	 1630.05
2824	 1396.0	 2543.0
2825	 1392.25	 2521.05
2826	 1450.5	 2645.25
2827	 1455.0	 2586.25
2828	 1395.5	 703.85
2829	 1447.5	 2543.75
2830	 1452.5	 2528.0
2831	 1200.5	 2124.5
2832	 1281.95	 2508.65
2833	 1169.0	 2037.0
2834	 1094.1	 2335.8
2835	 1140.5	 2330.25
2836	 1165.0	 2397.5
2837	 1162.7	 2340.8
2838	 1177.0	 2479.5
2839	 1190.75	 2479.5
2840	 1176.0	 2433.0
2841	 1406.5	 2380.25
2842	 1175.25	 2420.25
2843	 1199.0	 2405.25
2844	 1169.7	 2351.6
2845	 1367.2	 622.65
2846	 1148.4	 1924.6
2847	 1093.25	 2249.0
2848	 1132.25	 2251.75
2849	 1093.25	 2227.5
2850	 214.9	 1547.1
2851	 1140.5	 2247.0
2852	 1135.75	 2156.0
2853	 1148.5	 2213.9
2854	 1103.3	 2150.8
2855	 1379.75	 563.75
2856	 1091.25	 2288.75
2857	 1175.0	 2301.85
2858	 1162.2	 2269.2
2859	 1192.6	 2295.0
2860	 1199.6	 2301.8
2861	 1198.75	 2268.75
2862	 1397.0	 605.4
2863	 1189.75	 2211.0
2864	 1198.25	 2196.75
2865	 1189.6	 2198.8
2866	 1164.5	 2285.5
2867	 1099.5	 2189.3
2868	 1163.7	 1897.0
2869	 1231.25	 2505.75
2870	 614.55	 1770.65
2871	 1206.0	 2419.75
2872	 1508.1	 1246.95
2873	 1908.0	 1935.25
2874	 1252.2	 2394.3
2875	 1258.0	 2420.5
2876	 1282.7	 2390.05
2877	 1215.2	 2251.3
2878	 699.6	 1781.1
2879	 1238.25	 2294.0
2880	 614.25	 1695.75
2881	 1187.75	 1873.5
2882	 1204.0	 1857.45
2883	 1253.1	 2186.3
2884	 1244.5	 2188.0
2885	 1423.7	 570.8
2886	 1256.25	 2142.0
2887	 1267.4	 2232.1
2888	 1144.25	 1166.0
2889	 1445.7	 1701.8
2890	 1225.75	 2085.0
2891	 1240.0	 2130.8
2892	 1521.75	 1811.25
2893	 1909.75	 1883.25
2894	 1156.0	 2011.75
2895	 1155.0	 1290.5
2896	 1190.05	 2110.8
2897	 1178.3	 2074.1
2898	 1240.5	 2052.0
2899	 1170.2	 2044.8
2900	 1192.0	 2005.6
2901	 1186.6	 2014.4
2902	 1200.45	 2002.15
2903	 1105.25	 1933.25
2904	 1104.75	 1904.75
2905	 1474.8	 1694.2
2906	 1454.9	 1654.7
2907	 1449.0	 1621.4
2908	 1722.65	 1746.4
2909	 1165.9	 1980.6
2910	 1189.75	 1966.0
2911	 687.25	 1605.0
2912	 1485.6	 1638.6
2913	 1187.45	 1866.15
2914	 1647.5	 1207.5
2915	 1269.0	 2110.0
2916	 1093.75	 2095.75
2917	 656.5	 1727.5
2918	 1461.8	 1608.2
2919	 1252.4	 2132.5
2920	 1227.3	 2095.3
2921	 1281.7	 2094.25
2922	 496.2	 1601.4
2923	 1271.25	 2084.25
2924	 1253.2	 2096.2
2925	 1513.0	 1641.25
2926	 1264.75	 2138.5
2927	 1256.0	 2037.75
2928	 1262.8	 2035.65
2929	 938.75	 3101.0
2930	 1285.1	 1985.9
2931	 1492.25	 1087.75
2932	 1268.0	 1927.25
2933	 1267.05	 1972.5
2934	 1267.0	 1933.25
2935	 1267.8	 1897.1
2936	 1290.5	 1841.25
2937	 503.5	 1519.75
2938	 1238.0	 1930.75
2939	 1298.4	 2461.4
2940	 1232.0	 1884.5
2941	 1545.75	 1600.75
2942	 1511.5	 1695.75
2943	 522.25	 1534.75
2944	 1930.5	 1881.7
2945	 1367.75	 2388.0
2946	 1382.5	 2385.0
2947	 1505.4	 1087.85
2948	 1375.25	 2418.0
2949	 1573.5	 1752.5
2950	 1303.6	 2236.2
2951	 1328.4	 2234.8
2952	 1346.25	 2294.25
2953	 1604.5	 1761.25
2954	 1332.95	 2240.3
2955	 1357.8	 2250.4
2956	 1009.75	 2400.0
2957	 1369.5	 2248.0
2958	 1385.75	 2480.0
2959	 1279.8	 1825.2
2960	 1491.25	 1047.25
2961	 1657.75	 1793.0
2962	 1419.8	 2379.5
2963	 1419.35	 2508.55
2964	 497.8	 1483.4
2965	 1449.75	 2374.75
2966	 1457.75	 2374.0
2967	 1404.75	 2288.5
2968	 1658.0	 1710.0
2969	 1279.2	 2364.0
2970	 235.5	 1367.5
2971	 1435.75	 2336.0
2972	 767.2	 2086.2
2973	 1289.0	 2074.0
2974	 256.1	 1482.45
