0 9 19.3706122104 64.1659498842
0 5 10.5013515933 89.3888229845
0 205 19.7556234227 43.5907439411
1 147 7.03208870021 6.39068680883
2 78 3.56155276299 14.3340503697
3 55 6.38636529164 18.6353696051
4 63 5.9555287375 17.6612682249
5 8 6.16592899439 19.0372058509
5 6 3.88204060332 41.0143877194
6 34 6.24535458447 16.5436234541
6 85 6.18726083033 32.7278092424
7 101 7.8081825649 10.5582919779
8 44 5.22307214999 19.604215172
8 46 3.38912944752 45.5195751013
9 34 8.2567426854 67.0019692839
9 211 18.5416067957 21.0025313293
10 11 7.44294317989 26.7553889108
10 91 3.84788838884 73.8345358877
10 175 8.41750387141 29.9034392292
11 16 9.32406011482 43.4896200793
11 12 7.18578060539 27.2170993451
12 176 4.0615530014 35.8745034809
12 13 6.74980322186 34.4281032795
13 177 6.67778950165 55.3859111089
13 15 9.60977172852 7.78973683766
14 16 3.69135044463 38.6156834646
14 115 3.5 5.34158216262
14 15 3.42619018646 45.9384914859
15 47 6.5695990352 50.1692933544
16 19 8.15483548514 18.1371022957
17 137 8.1070696285 28.0166561131
17 19 6.2659681331 67.0814578363
17 93 7.30763323861 31.9030964871
18 65 6.57622301489 30.9119510294
19 25 8.00028737873 48.1922850568
20 103 7.81507301331 9.41076511236
21 49 6.02450973955 9.54782632034
22 47 3.36327802308 37.6872657538
23 139 7.38430057665 60.423986569
24 48 8.29415023983 50.1129786688
24 128 16.7657165527 9.96117462953
24 43 16.6877796664 49.9220731033
25 27 16.0743911747 13.2355230906
25 26 16.2227732189 12.3818442874
26 128 14.8147613325 50.5975739178
26 29 3.30024715355 30.2108767473
27 28 7.42858873009 30.3705900242
27 33 13.9059417925 81.2970476575
28 29 3.22591165778 19.0582157637
28 39 3.46108415039 30.9878609877
29 140 1.90553173891 21.9821962748
30 33 15.6002602393 13.356178198
30 99 7.37355016296 41.4029615981
30 135 13.2619104595 37.1008966215
31 160 3.44223142976 10.9632715178
31 32 3.38806687677 5.10083167992
31 187 5.75644298984 60.0419105582
33 36 8.15927706435 49.0066792858
34 52 7.58591334276 38.6677013674
35 159 2.89754006392 43.612641516
36 187 7.59507014195 13.8098516682
36 38 6.28569258365 62.0666774255
37 40 3.38391447067 11.4402797169
37 145 10.5006516928 18.473310072
37 186 5.88423227737 39.7365303767
38 201 6.62320237546 6.63666455155
38 39 6.98770559069 27.902334974
39 41 3.60116744536 36.6102786113
41 49 6.58941255031 31.056304114
41 198 7.48298502938 11.1854823773
42 93 6.91941423534 10.1451739436
43 210 3.93732994597 21.72907035
43 45 16.1505330895 36.8981211802
45 188 8.65007479955 56.7775908559
45 213 15.7392442823 41.8513077182
47 60 6.35593428142 5.75885263338
48 49 6.27092588255 30.5402810008
48 55 6.56747800757 103.041431437
50 151 6.40512466431 3.85032466164
52 58 6.64924742075 27.7131113311
52 85 5.63804107633 34.7113646533
53 58 6.66404714449 15.9110928312
54 72 9.89745352298 59.1949642216
54 81 9.68709743565 16.6747259014
54 70 3.88054691242 40.3243500124
55 58 6.73670022416 37.0164835852
56 85 2.75535814284 38.4328635415
57 69 5.21888592037 6.95801663117
59 146 3.16851300163 15.450889942
61 121 2.92120368753 37.7151687967
62 143 3.55535836578 48.444728395
63 65 6.60778295481 63.0140842401
63 103 7.40164229359 38.2383240368
64 66 9.54579268835 45.035245508
64 83 9.93993551406 51.6583372739
64 70 7.05925566985 110.012181272
65 66 6.87679839712 32.3551123632
66 68 9.78449722091 36.1837814529
67 148 7.07106781006 5.66325877918
68 122 10.0456571151 27.8599311674
68 69 3.60991615778 32.3109888428
69 84 3.68147617195 50.9901951359
70 73 3.99895656436 97.0724729262
71 190 6.82373396832 10.9547455513
72 73 9.37370814144 22.4647763626
72 74 6.4336380763 34.3801004692
73 76 8.04666464919 56.4692863116
74 96 6.18501014746 7.03620897281
74 90 3.40966241525 44.7353327919
75 76 6.53112888336 12.1400164745
75 77 9.85612665221 17.3284882824
75 86 6.2896724247 9.77830238337
76 78 7.54322310069 38.8650759277
77 82 7.41951586051 19.3876322437
77 173 10.9758827693 55.2268779464
78 175 11.7097206116 6.97603038984
79 150 7.29515712724 11.4697231573
80 150 7.77204990387 5.11981444976
81 90 3.79475922164 76.4738895355
81 83 11.2185241917 14.4261885643
83 87 7.42422098765 69.1265691021
84 88 6.6876612153 15.5105688236
84 118 6.79839738043 49.3385459185
87 88 7.39572873845 14.3302617205
87 89 7.16752218463 20.1300716731
88 129 3.05367562819 33.417700363
89 133 7.47465424565 59.6620471185
89 94 5.9268395411 33.5186258168
90 91 8.86327288018 11.1898477813
91 92 6.69230853623 21.626519099
92 93 8.5535969765 20.5795785328
92 95 3.61549958743 37.4799036908
94 189 6.53112888336 6.91610439482
94 95 7.81233043578 8.36733271119
95 97 5.00493940635 21.6496982516
97 137 6.79654917215 33.3936873415
97 199 3.30277562141 3.97020150622
98 155 7.0016507426 6.22357942494
99 184 3.68113010257 23.2771347034
99 137 8.87269275573 11.0629474583
100 193 4.09713536181 21.8932067089
101 113 7.98168304809 35.689926494
101 107 9.40421321849 14.0192612483
102 106 6.68304778088 39.7411561487
102 147 5.33197229679 37.3598726188
102 103 7.82072807292 15.1579303486
104 169 8.5853815215 14.4920132243
104 106 7.99928396214 43.6676432852
104 147 5.76018835898 37.8935865344
105 156 6.61228407742 11.6773992728
106 122 9.14807922706 52.1579177532
107 169 9.12532185848 50.4541625728
107 110 3.8289259861 50.5911059377
108 155 6.55369250167 27.2646025608
108 116 9.05715997173 15.3523965856
108 111 3.97129898356 15.8441721057
109 169 8.23299597747 54.3161690917
109 130 5.62820153442 27.8321652473
109 131 5.83028368416 19.6124027415
110 114 3.72340741221 33.4450192103
110 117 7.79055941812 19.9267497702
112 113 6.4539873519 14.7167775165
113 120 2.96859213317 92.9909269768
116 173 8.74666154962 61.9538089972
116 159 9.98776011987 16.7618082863
117 130 7.25877509597 69.6312714389
117 142 6.55854362022 47.98339182
118 124 7.09770702667 55.6207183207
118 132 3.25572825056 40.9591259672
119 128 8.19051174005 35.182201081
120 125 10.3133759672 104.030932639
120 121 12.0281777564 9.98307609268
121 146 9.92319851358 29.5760126045
122 124 9.16412571667 30.9961014408
123 208 9.31021457986 80.8948736267
123 124 9.5825576664 20.2076058721
123 141 3.52276795095 47.5616057153
126 192 3.99192272658 108.133482326
126 162 8.09135895753 20.2673516096
126 165 3.8643283844 35.075490018
127 152 3.24394777675 41.1286092641
130 141 6.15643553067 29.4346445898
131 144 5.51243282966 21.1832212959
131 141 2.83601342878 26.8448163072
132 136 7.24424934044 36.8814753507
132 133 2.76560082975 52.5344109783
133 134 8.20521876857 40.7151258887
134 139 14.1466530282 22.4081756223
134 135 13.8440008288 21.6978622351
135 153 1.82514071465 15.2703961966
136 208 12.8837463406 37.457550736
136 139 13.906260923 27.5600407706
138 203 12.1969136658 17.1170437351
142 146 11.2382154912 24.9297888634
142 143 11.2371010676 22.8825657754
143 145 11.2084756131 42.0491487797
145 154 14.7277507782 10.9138673256
148 152 2.64747529731 50.4277949151
148 149 3.52598158419 28.3277166178
149 212 7.35262362793 27.4449926976
149 151 6.76022905785 25.951546064
150 151 8.8861304274 9.02857627027
152 154 10.082044113 20.0180082828
154 212 10.8871352543 67.3427015218
155 156 4.03460305239 51.9278345399
156 166 3.67946003376 27.303891664
157 168 3.05906368266 11.8250275426
158 159 8.46150651438 33.0715425314
158 166 8.95092705366 40.3149313729
158 167 5.98108887578 42.6715924551
161 206 12.595994043 13.9650124873
163 167 2.82041167677 25.5413882066
164 206 11.6898708983 15.2919391264
165 193 9.77438225761 28.7189375816
165 171 10.4331847613 14.83403326
166 168 9.22735594839 25.7350993893
167 179 6.73281576165 14.3085668056
168 171 8.93480679973 26.0075629316
170 171 3.7611944323 33.9199425117
170 195 2.3985335722 53.5101672181
170 197 8.40969734397 13.7755533692
172 195 2.76481692757 44.8365921988
172 180 6.3105667925 40.1206977588
172 197 5.98990116706 47.9082868037
173 174 7.55020220782 33.6877516652
174 177 7.44490957461 31.9853191617
174 209 9.17570673324 11.0412396092
175 176 4.0 39.33573439
176 214 2.77402122844 30.6272612736
177 185 8.62800207234 59.1959244081
178 187 6.70516585266 5.75734889684
179 185 3.85054954626 62.7557567081
179 197 6.66435910187 64.7730080321
180 211 10.840451099 27.4723722487
180 191 1.92319819882 17.0754145501
181 182 9.60327720642 10.69824752
182 188 7.50103742909 49.7709961801
182 183 9.93528221398 15.1270760706
183 200 6.98334472371 24.3329454603
183 207 3.97151738607 7.70146090037
185 188 8.17460875732 53.7843476707
190 192 3.61285010868 40.9997987051
190 203 3.17119438122 97.5422472573
192 202 8.79195161212 82.1271199299
193 194 10.620272142 26.5500128002
194 195 6.77926566578 27.1106725492
194 204 10.5591722406 117.016462872
196 213 11.2419910431 16.9742451968
202 203 17.2295797038 14.0984431814
202 204 13.2285151435 35.533380103
204 205 10.4718513087 36.3512073839
205 206 16.4896132005 12.6041708252
208 212 12.9537810016 14.2884752697
211 213 16.589468041 69.0595686097
