1 8 16.4587421245 27.1996668816
1 224 8.29283953991 72.1108136041
1 5 17.2013001843 16.719223078
2 203 5.96000728691 55.6591745954
2 12 7.17423965228 52.0751265678
2 6 6.59143412984 33.0793521323
3 34 6.731092453 7.31710325197
4 217 3.30991649071 29.9825289243
4 5 15.3167714733 65.8224491441
4 221 17.1957839602 9.75567888639
5 75 3.70923074099 79.854946622
7 181 4.15138663409 17.8675683852
8 11 18.1565470824 51.8159119952
8 110 10.0817266902 24.3367097327
9 78 3.29437842886 13.0323635615
10 178 4.08113861084 3.5654592972
11 12 15.6627041796 28.4048420001
11 13 22.5209574965 22.3797085718
12 102 4.47213602066 35.3738957425
13 43 15.3989326375 51.6997770074
13 95 4.27284227824 83.5935404203
14 192 6.61651826942 33.9980689349
15 127 9.71489962017 19.0266790509
15 163 3.36254641798 70.1909538331
15 23 7.33837881931 43.4891425077
16 121 5.92322483849 6.12264927055
17 185 3.8936596109 45.6302805163
17 18 9.66086381899 12.1128408432
17 181 4.21464714424 42.6920660076
18 27 6.93191475102 46.2125405486
18 169 8.76731120081 32.4339868517
19 149 9.0252199173 6.82825014187
20 149 8.45609537421 8.17914411739
21 119 8.25311399515 9.2147223793
21 22 9.31118709702 10.3430934516
21 23 10.0190927986 11.9692346085
22 180 4.23606777191 12.3009146001
22 28 6.46960068544 19.3784841989
23 177 4.50134277483 16.0646958419
24 160 3.15037923622 62.6028753333
25 28 11.3179759979 9.24175308045
25 29 8.91502349826 54.1172434251
25 191 4.11901927345 32.9511760033
26 32 7.37776255779 78.3422512808
26 42 7.0 6.86221538572
26 27 8.06552347659 16.4968395442
27 29 8.43500964786 22.163613566
28 101 3.93260879862 35.9247159525
29 30 8.65649106995 13.7908774672
30 145 5.92333842346 65.0242579145
30 31 8.29259233926 16.345497129
31 41 6.11615667615 51.9937805013
31 52 8.47314707948 44.2709593598
32 33 4.24474800123 33.0625165406
32 187 9.36751041496 10.422722252
33 34 9.10977172852 7.60427511338
33 220 4.04961646137 26.7331722772
34 35 8.38642551566 8.3817367066
35 48 2.81762279353 18.4853723997
35 41 4.17201375351 35.0015975624
36 187 6.28170601492 35.0196693809
37 188 9.99525711263 97.6039770251
37 44 9.38353845258 46.6958953976
37 38 7.34954490203 56.9492460058
38 192 8.48848323763 38.7065614037
38 47 3.32299041075 30.5068025201
39 80 3.91038734041 41.8725955131
39 192 8.03195801521 25.0679224164
39 71 9.41981697083 7.00357051796
40 41 5.66227769852 2.2803508502
44 59 9.31012936697 56.2909767891
44 52 9.25532207205 72.924334295
45 121 6.71003250396 15.8015853685
45 123 4.22475004309 66.2271281274
45 65 6.59308833383 82.6048722679
46 203 3.76611667669 43.1897196445
47 202 5.55895937699 20.0262428999
47 74 4.23606777191 7.17513066083
49 222 5.63232945473 19.8339589911
50 80 3.957020674 40.4111680108
50 202 7.9084290256 23.9058831982
50 51 5.88939574613 20.0611728719
51 81 4.00673459478 34.9206242785
51 61 4.01988164424 29.1191517734
52 56 8.05412904148 36.7665078308
53 170 3.07505610314 20.2178757539
54 215 6.1306069911 17.2705911304
56 136 8.3541021347 6.36945837572
56 57 7.64199404163 33.4971111391
57 120 3.97595457737 32.5872074358
57 58 6.76840855438 18.1706432284
58 168 3.3440661109 42.4513654597
58 63 8.67014815077 31.8664680386
59 60 9.60977172852 6.57951365984
59 202 4.17227601948 48.7916488756
60 63 4.3573884964 37.9400843436
60 111 8.2413495727 25.6580318634
61 64 8.77144556498 17.7283201096
61 107 8.71045398132 50.4788129886
62 128 9.50398303346 10.580374654
63 144 4.47213602066 48.5404985553
64 65 10.0689647311 11.3960626733
64 111 8.57169575738 41.8622477585
65 68 6.04630891367 46.9892125321
67 132 4.20046552883 31.7042978159
68 144 5.73376051441 26.4572047806
68 198 4.19111722356 33.9477583699
69 189 11.8118401696 13.3113444821
70 81 3.22775809606 38.9557762084
70 82 5.89013198116 26.4125283838
70 156 7.16451721404 21.9369665333
71 154 3.83881283732 78.8011896466
71 156 6.94830926149 24.7998300234
72 193 6.91547584534 4.27200187266
73 86 6.33772912236 9.1905638547
75 97 3.92077286305 39.2927003708
75 77 7.35601172707 16.1910099209
76 197 3.97509691372 26.9343643684
77 88 3.94292832771 55.6463091143
77 124 4.33860094415 24.928096598
78 162 5.77978316004 41.8227373631
78 79 7.65658489146 28.5521397341
79 88 9.7545696279 9.84182817432
79 215 7.0608076365 52.4326099831
80 81 3.37744809561 17.2909014613
82 162 7.53898557954 15.9612956567
82 83 8.16126248787 9.3351809024
83 107 7.18498546902 64.0985169268
83 109 3.95020767041 77.787249632
84 193 6.43307090367 23.8303627373
85 155 6.67257374297 10.3213458214
86 90 6.79645975439 32.218939164
86 87 7.46031419969 17.857219545
87 97 4.37282397791 41.5589039798
87 98 4.01644609278 90.1863398112
88 89 6.70452859772 34.7940195775
89 90 7.0649818248 26.0604643282
89 174 7.30122109313 51.7838563978
90 91 3.95771513262 19.2827984389
91 113 3.46492538826 41.0654660268
91 99 6.8541021347 3.91152144312
92 94 7.90200091206 15.2155896003
93 132 6.83707512388 45.3958243698
93 130 6.57547097157 41.6329498694
93 140 6.28621383261 57.1702313531
94 97 7.70203927273 32.5347441336
94 95 6.83587110303 32.5126413612
95 98 5.88504740327 34.4297321618
96 148 3.06901253177 37.5647074952
98 126 5.73606777191 4.21455810258
100 128 10.7035838333 188.343846197
100 105 8.51762627854 77.054235771
100 104 15.5507931066 19.0408032177
103 194 7.45437419875 10.1500095273
103 155 7.71422547003 43.1985875102
103 206 6.57104551654 20.2659255479
104 164 13.0047579279 15.8640739142
104 106 4.16680053201 57.3626264713
105 171 6.9530582428 7.55843899228
105 133 8.25607740027 54.2644817283
106 138 3.19675186142 31.7158910795
106 135 9.00998153793 12.6378981512
107 109 9.64945368822 54.0393249157
108 145 4.3573884964 12.6792152754
109 114 8.78076567595 24.4775106465
111 152 6.12310552597 8.43356389672
112 197 6.23952942621 21.1933398396
113 116 10.723400116 8.75
113 174 9.54147922707 42.4690289427
114 123 4.38259669089 32.6099733982
114 174 10.5513759787 14.0241370771
115 145 6.607733945 19.6005608865
116 125 4.22582635553 43.4916658683
116 117 9.05372295458 36.4715978624
117 140 3.80620792992 40.9498473746
117 130 9.63236566964 64.7544231437
118 137 2.96905306597 28.396346596
121 204 4.28750239561 17.6465294038
122 200 4.125959007 11.438968485
123 125 3.44130121566 54.4173915215
125 140 4.47213602066 61.4118066824
127 169 7.86420813188 36.6217730003
127 165 8.69620447897 52.3897935998
128 130 12.0256931153 14.1568293085
129 200 7.93112374338 16.6905402773
129 211 2.28970492881 31.581150666
129 199 6.78440075505 32.2808685468
131 201 3.41594099713 54.1867314039
132 133 6.57668569442 45.2435691302
133 134 8.06891528205 12.6300396674
134 139 5.98091055571 18.0657855363
134 143 3.35287373935 6.99517690984
135 137 7.41101017751 19.8423101438
135 139 3.37045557464 42.6039670382
137 138 3.44130436887 16.791962363
138 184 6.75744079309 15.741048226
139 142 6.77452462458 6.92970530318
141 186 3.56155276299 9.30510612513
141 172 9.60958456953 17.661766564
141 170 6.91429606947 21.3401492661
144 196 3.50841655221 8.15660433544
146 148 10.2427909864 58.9726262253
148 158 10.1907262939 32.9686721243
149 159 4.12706060202 38.1437412953
150 170 5.69739020964 38.595650421
151 153 3.76876978709 65.7730948033
151 210 3.5 10.2821447179
151 175 7.03415564283 64.0220091163
153 155 6.84477625148 42.0345241208
153 179 8.07306999276 64.7647070453
154 216 15.3387623766 12.3530463782
154 167 14.2020852219 59.9467240231
156 218 3.53432315272 97.6337022279
157 163 3.52275696282 116.153749995
157 158 9.71254035221 20.4091394052
157 159 11.3617371546 11.0309064308
158 163 4.20561201656 80.4399310044
159 161 10.0617500113 47.4901469866
160 161 13.5275478363 10.7108589758
160 173 13.0315319517 27.5744458303
161 165 9.02584477577 38.9788003339
162 222 6.5552197283 55.1586390489
165 166 3.71558095406 31.837235881
166 169 3.41458750425 37.3527683667
166 178 4.21508832369 18.1148839246
167 189 15.9825115124 12.0224420133
167 206 3.23967071908 68.7604729533
172 176 11.5810628426 45.4442672378
172 173 11.7224579442 25.5618936204
173 178 3.80013111369 30.709912368
175 176 12.1593032095 13.4466914497
175 188 12.1381452386 96.0895200919
176 182 6.31365441717 35.1706705114
179 188 15.5107822418 10.761621625
179 189 13.1222620939 42.4185989369
181 185 5.65636931748 22.8468101757
182 185 4.10192321399 27.9958032569
182 187 5.68835367021 35.0643304403
190 209 2.72235827451 26.8745726001
193 195 3.3519883775 27.4460054698
195 208 6.8118459474 31.4455412701
195 207 5.89767196335 52.5483962165
197 199 3.39724584358 19.3747258394
199 208 7.37300828756 22.6477818372
200 212 7.42030365584 19.4488804387
201 224 4.13510759657 42.2341185034
201 212 6.57574660612 81.0886341248
203 224 7.0227817696 28.2851173988
205 212 7.82623767853 5.09901951359
206 207 6.89712717721 24.0010495561
207 209 4.33430460904 23.0422450958
208 214 8.89080696501 60.8443561319
209 216 7.67813432487 40.6630885471
211 213 3.7051555385 38.557230191
211 223 3.3902200231 3.335235747
213 221 15.7729784988 27.3639415645
213 214 15.6598722641 59.6369367582
214 219 16.7442941309 10.8907144973
215 221 7.58429320837 65.5063106456
216 218 14.4456691757 33.9802237945
218 219 14.9200899435 16.7613402543
219 222 2.96886163957 46.0947393962
