0 275 3.36450744787 28.5685467461
0 1 7.89349046935 15.5811856476
0 1379 4.95534053688 45.8445902398
1 10 5.26716366679 95.4872242763
1 5 3.82893603107 56.1921178667
2 1304 4.09748380109 31.3563923922
3 955 4.50080662543 29.6140754258
4 1380 4.24277085344 30.6178984737
4 5 4.32760979798 43.9115303764
4 6 5.21678194492 26.7291961087
5 281 2.91599473017 10.6157660208
6 298 4.38473862131 45.6794108696
6 15 4.55173787743 57.3234027252
7 280 5.06533833668 94.7334826684
7 288 8.30313110352 3.4820970693
7 282 7.31338310242 7.04006392016
8 958 4.71868445049 37.8159624856
9 605 5.48626375198 9.2800862065
10 43 6.9709062912 194.837211309
10 1349 8.65140669866 45.1185106023
11 289 4.68095480987 54.4592508211
11 286 4.40162312603 62.143243454
11 94 4.1002039294 75.159849936
12 606 4.39966655245 69.0729667462
13 17 10.3255349619 12.4605447733
13 299 7.5276927948 4.43649636538
13 14 6.64901304245 10.6595028027
15 99 4.98871029681 50.5743017747
15 302 5.16270160675 4.2807709586
16 1308 6.0 2.66270539114
17 1384 9.22011596652 115.468263513
17 18 5.09901952744 54.0240687102
18 308 5.09689290242 37.0797024024
18 21 5.14235473285 70.4590661306
19 99 4.47458806537 79.2660901276
19 20 7.04807665827 14.1328064296
19 397 4.32811413779 48.4954057562
20 21 3.70519155295 55.4695157843
20 22 7.03112888336 6.15223536611
21 153 4.85181801352 75.7892142722
23 965 7.30116271973 6.06712452485
24 964 7.82842731476 10.3880941467
25 328 4.78847887069 21.5858332797
25 26 4.35138497232 36.617782299
25 1292 4.66099469529 78.9559922611
26 27 5.75107192993 4.00780488547
26 1339 4.65172556583 107.442708476
28 340 6.02774157273 19.6625916238
28 29 6.20604204422 16.9209050962
28 366 4.45356622588 62.0321558302
29 36 4.37580376332 31.343078029
29 41 4.54922019516 108.374506871
30 1315 4.71521309305 80.4286922856
31 344 6.2015619278 3.47311099736
31 347 5.19258213043 28.1613653788
31 343 3.6976068507 14.2436540407
32 1175 8.52444458008 11.0634533488
33 607 7.59674263 4.38919126947
34 498 3.18485035905 84.3075793247
34 350 3.54757108292 20.681392603
34 39 4.57246379499 46.2647539775
35 355 5.07188022187 18.0679783516
35 1046 5.26940263751 23.4997117318
35 351 5.19258213043 6.05082638984
36 339 3.67135790529 28.0681774454
36 54 3.63231031106 86.2619537737
37 498 5.02602838155 84.3730751831
37 54 3.82183358967 28.4893282795
37 39 4.66833675414 33.1186411169
38 360 4.92123732637 8.81018832185
38 51 3.71608295977 37.5804158052
38 39 5.46498584747 23.0907448992
40 362 3.21490320224 17.436723202
40 1339 8.08957835835 96.0623343433
40 42 4.73583799693 105.684609447
41 378 3.76032103681 11.3414023495
41 55 4.99508189159 75.3960267177
42 1345 12.7674982754 200.62147118
42 44 15.2767722517 34.4610761747
43 44 5.17682180529 57.3824136245
43 95 4.15190653374 48.4282537864
44 45 17.322344853 28.1232347097
45 128 16.3455245542 194.089630909
45 201 5.3265334498 28.5786633697
46 973 5.02270359854 9.4131246833
47 973 5.44511628726 5.37895175211
48 968 3.64885882066 37.1496971724
49 1283 5.47542190552 3.90800460593
50 385 5.00500291838 78.5925141174
50 52 9.08190822601 4.0
50 55 5.11854577996 36.8307241377
51 54 4.42509175929 39.8824379607
51 391 8.72594833981 7.1296134021
52 53 3.45735472676 25.5850271451
52 386 5.08939466954 26.2871069012
55 396 4.05077850891 82.3703192116
56 1327 4.47273977382 24.2016715222
57 969 6.09488552393 4.96413786755
58 615 2.92897392795 33.9485343868
59 61 7.36427916346 32.0010419936
59 1046 7.48616954207 18.7423855632
59 398 6.50806999207 8.07000619578
60 1336 5.24896716295 29.1796934545
60 401 3.09406971735 18.3387739461
60 65 5.00034518745 12.2123912482
61 404 2.30844875633 21.4379037998
61 62 7.02855511569 26.4794594393
62 73 5.14134679 59.1947632819
62 63 4.41608752684 31.9000103193
63 64 3.53745304049 54.8345825498
63 411 6.66227769852 3.7
64 416 4.99725944227 11.8332000812
64 421 4.48898435367 81.0800636595
65 1297 4.87114157587 101.667080054
65 66 6.61476703125 35.1234291804
66 248 5.14649881784 22.0081802973
66 69 3.81918335544 25.9842051932
67 610 8.84506471004 13.6316017247
68 248 7.96870072284 24.2213258864
68 429 6.43397808075 2.96521500064
68 71 4.79301744351 29.4235944432
69 424 3.0414774027 25.8422000127
69 433 4.34066525678 92.2682165885
70 71 8.24341583252 7.7862057512
71 72 3.40505340733 38.584862403
72 75 5.01660237001 105.670492922
72 271 4.75850316359 62.1002223399
73 74 5.35092873408 26.2325179882
73 406 4.06303619807 60.6198082763
74 444 4.5895625568 14.0482162871
74 79 5.2134692357 43.1802682299
75 78 3.87750441184 37.6978116076
75 79 3.71207321322 31.9126934102
76 1283 5.32211450003 13.6376317592
77 635 3.94576010154 97.3746489581
78 456 5.77160167694 6.15020324867
78 86 6.73709583282 3.95284707521
79 83 7.17690020456 19.3864972169
80 1317 4.44384005322 27.6699295265
81 453 5.7015619278 3.75
82 441 5.13726189599 57.2981920717
82 83 3.0298631133 15.2067579291
82 449 3.00628464162 7.35236151235
83 84 5.45578247351 53.5833902244
84 450 3.60886474002 39.5040991924
84 134 4.99269164409 100.72760297
85 608 4.75263045928 55.865152217
87 88 8.85329623609 9.40408092867
88 92 8.91502828018 89.2829977228
88 1300 5.36025965962 216.577099436
89 461 3.36047163664 17.893688613
89 462 4.81598313901 6.30794786346
89 93 4.30738677116 88.9512695538
90 1330 4.77159400821 52.1851520379
91 458 7.06740283966 5.32024435529
91 93 4.03192001485 76.9622173849
91 271 4.40806868552 57.4206408881
92 466 4.53233217597 14.212758353
92 139 4.31264742001 159.092260918
93 558 4.65744974114 30.280769475
94 101 4.97877560002 64.6092644303
94 95 4.14844330523 41.4053281729
95 96 3.79747936442 59.0241021444
96 475 5.03899350146 36.3867107711
96 102 3.36102406237 31.3902865099
97 296 4.63169134737 54.7297077042
97 480 7.77200174332 4.91629942131
97 102 6.50273315227 15.3157082504
98 482 4.60890109783 14.304211115
98 397 4.65747864477 84.4980488973
98 103 3.71075236658 74.5383621057
99 312 3.98359699136 38.6219677799
100 1073 4.46527537594 56.9403071921
101 294 3.89788306914 81.7234326212
101 295 6.71300362729 14.4743632904
102 486 3.41190921588 8.80098488945
103 307 3.62006320633 54.2391820714
103 491 4.64189989514 25.166250608
104 1320 4.26743128801 37.2995713799
105 296 4.21525520909 14.5166492876
106 1319 5.09029777355 13.3153630364
107 1319 4.93137804605 11.5007596257
108 1311 5.52100944519 20.2514197033
109 504 4.54194954899 11.1165103498
109 112 4.84994598918 23.2623309901
109 307 3.93897302264 29.1100985361
110 112 5.27990950172 32.5140354309
110 128 4.29731221305 96.6041925569
110 111 4.13857529171 22.4929064392
111 120 4.68961522831 96.990236229
111 130 4.60152490743 43.6805381497
112 500 5.0 13.3338300364
113 121 5.22647944389 160.582644083
113 508 4.33296884676 25.3211374152
113 397 4.62119088133 35.0325919681
114 516 11.3981722649 9.24101134809
114 116 3.80001318478 46.452440716
114 153 3.96974422346 53.9205433949
115 116 6.50406663601 8.74373841959
115 517 6.44178415127 7.36033837553
115 518 4.60683806215 10.0888552373
116 326 8.94159357142 68.0307221619
117 606 3.89616731538 14.0883931727
118 618 7.10899448868 7.13935864149
119 616 3.65323351186 10.5967801395
120 121 3.34313055735 41.3818385887
120 307 4.16032456647 70.0834662132
121 332 5.41549182389 76.3355965206
122 145 4.81647118469 28.7441298355
122 123 6.20363610441 10.3146255654
122 332 3.72923899603 46.5026749965
123 465 3.96697752499 12.1622366364
123 131 3.82377927517 25.8651309682
124 618 6.59770727158 6.96419413859
125 152 5.28728897704 118.633500539
125 326 9.9292131181 83.1807554269
125 127 3.74152809313 28.8072599235
126 619 8.71704667386 9.89799318607
127 531 3.20981037775 32.2456198576
127 532 4.03227439629 26.8882874129
128 133 17.9364197809 137.058732824
129 1321 4.39213794774 25.8672642718
130 545 7.07106781006 4.44325331261
130 131 6.25315256217 23.1368600444
131 549 5.52100944519 7.59094855733
132 1352 4.42750369524 36.3329374269
133 134 5.52100944519 24.001302048
133 135 18.0417672565 34.235915654
134 135 3.99053685378 39.0724007453
135 137 20.1122541746 33.2901780511
136 137 16.71627282 31.8457199608
136 139 5.28326799987 47.759815745
136 372 17.6687425007 15.4036544496
137 567 4.89442267615 28.2950876815
138 625 2.26628886164 18.4564351921
139 363 9.17982239129 9.93480543261
141 624 9.40078639984 12.3065023463
142 982 5.19870527142 6.81835757349
143 144 27.254466944 75.8237548466
143 593 22.0565237337 33.6536522886
143 570 18.9143448235 34.0850723715
144 160 17.9690517257 34.7028994282
144 571 11.6618574243 29.7917339305
145 332 7.25627074061 44.1291879618
145 146 7.08983263306 53.1150150191
146 147 4.18626448748 21.1251267916
146 151 7.64480216658 17.6092192296
147 598 4.74518803842 61.1243213932
147 551 4.27805319153 6.65144696261
148 1310 3.99712837123 10.5080921199
149 578 4.97048620087 39.3091910372
149 150 3.27079660597 15.7299133454
149 151 4.36252420184 37.1736797529
150 154 4.34696448269 14.8409036424
150 470 2.918620521 23.9810391555
151 159 6.66643660853 54.5932332398
152 388 10.6824047609 39.4185234508
152 580 9.49331760406 13.2027459265
153 324 3.98809554981 29.6816441593
155 584 4.4983439283 8.01800035481
155 586 4.26769799359 32.1510360467
155 156 3.91348491026 19.0831621444
156 388 5.04791958983 28.3452664785
156 158 9.47759222473 28.5188065427
157 158 7.59901952744 10.4558596012
158 165 7.8810898239 37.9797924589
159 575 4.94449628075 23.1217492955
159 372 7.92500526179 126.606078883
160 161 12.3874257116 26.7707501856
160 372 19.747218187 32.2291236466
161 165 5.07548728993 161.221516474
161 166 4.99505560602 61.75155201
162 1322 5.29104523619 35.6177697488
163 1323 6.5413813591 4.13098051315
164 1324 3.68011516801 36.0207390277
165 166 5.10641245551 78.4916324524
166 591 3.68981029125 15.9081731542
167 1324 6.78912391989 10.3865277886
168 985 5.37793684006 6.62419806467
169 985 4.81557331435 14.5543764157
170 987 3.66198784889 26.2007633477
171 987 5.1850584634 29.1918232902
172 988 4.81819155906 7.68667678519
173 1327 5.41547584534 4.83373561544
174 990 3.17628242771 36.1015249326
175 628 5.73396396637 3.50321281112
176 629 4.39134471267 21.0613709319
177 989 4.5615530014 7.21110255093
178 632 3.86006238803 19.3476591139
179 632 5.03773604797 21.2923311409
180 983 5.86980819702 2.85043856275
181 996 4.73202579715 24.6245624386
182 633 5.32842731476 18.4043473125
183 996 4.58286094721 3.81811487609
184 981 6.07535731787 6.8699059558
185 906 7.75917200761 6.85321395993
186 638 4.34649722951 51.288455494
187 637 4.64461395537 13.2056259092
188 192 3.60912539562 27.703116235
189 1001 5.09472861586 15.8354033735
190 639 6.9466047287 3.91311896062
191 1003 5.05407747555 41.5861792302
193 639 4.5 10.8060168425
194 1344 2.5 1.56923548265
195 1344 4.71472431727 47.5263773621
196 640 4.35485031278 20.4447381823
197 1348 8.54744243622 9.42403841249
198 641 5.5413813591 7.35696948478
199 642 4.73954013542 37.5589986425
200 1342 4.08725831596 84.1114871928
201 380 3.73599270943 19.128640441
201 477 4.26492136395 68.1682774879
202 1345 9.19258213043 10.2176318196
203 640 3.69744876319 17.4798455371
204 1025 3.37508628562 42.8313946144
205 1009 5.04951000214 10.6561015386
206 643 5.101482971 25.1082157869
207 1347 4.36391049813 18.0144414583
208 1349 4.69698392175 14.3838330368
209 1001 7.0413813591 6.0101996639
210 649 4.31141850583 84.4795394607
211 1351 5.66227769852 3.0103986447
212 1361 4.67746622933 46.0407699762
213 646 6.78410835727 9.37755089898
214 787 4.85621779225 12.4081626359
215 646 6.63812703933 39.8276860175
216 1010 4.87089503842 30.8274228569
217 657 4.40180643222 13.7780147354
218 1356 3.37076412071 11.6115691836
219 1204 5.5 5.61471281545
220 1355 5.85199590371 8.60665644233
221 1013 5.85486030579 3.57945526582
222 1015 6.30788660049 9.0273196465
223 1359 7.03112888336 7.07248188404
224 1016 5.0 4.24264068712
225 653 6.54562009902 9.7205710997
226 1017 5.1441097581 20.9025043756
227 1365 4.30825407572 8.23953207138
228 1018 3.57524787329 60.4490118552
229 656 2.52541880934 4.96502552958
230 1028 4.62132024765 2.2360679775
231 656 4.56408316241 23.4126508322
232 1366 3.74124942857 27.7976822238
233 1018 5.40959601973 18.7861027284
234 658 7.77200174332 4.51220566907
235 1365 4.98938828467 44.8249377421
236 650 3.74466108264 81.045106596
237 654 4.48280590474 63.3712841567
238 1369 4.91547584534 4.08166632639
239 1369 5.13662389101 4.84189027722
240 660 3.73606801033 7.0747791485
241 660 4.41217539252 3.50470287194
242 1370 5.3851647377 23.2432785983
243 661 5.32842731476 4.86621002424
244 1378 5.13163066527 17.4086903586
245 662 6.94471256725 22.1928206402
246 1371 8.3006401062 8.87524647545
247 662 6.33263731003 8.38107988269
248 422 4.29762077332 6.2369864518
249 1372 5.5 6.5
250 666 5.46498584747 11.4001096486
251 666 7.26078147793 7.1776990539
252 1374 5.13505573513 7.78839160891
253 1025 3.76808066912 20.762982973
254 1372 3.56408591685 63.2475977458
255 667 3.91941422366 43.8642948744
256 668 4.0245594137 38.8714088914
257 1028 4.302775383 6.95701085237
258 668 4.5912632152 18.6113540614
259 261 4.5102278929 69.5135106948
260 1016 3.52539233306 33.1142863854
262 1033 3.86563971102 111.029888774
263 1031 4.60757817356 15.4360989784
264 679 4.2408318987 30.7932216567
265 672 5.41547584534 6.1611687203
266 1033 4.96668092943 8.53156178624
267 1380 4.45559501648 5.70547982207
268 1073 3.52041728464 89.0333171543
268 1307 4.16081619781 80.3843455822
268 348 2.59652683495 37.480689242
269 675 10.0515253602 15.9980339955
270 678 4.5615530014 8.87764045228
271 455 5.5 7.33484832836
272 679 6.57691526413 2.683281573
273 1382 4.48593271522 5.36362244789
274 1206 4.52913230981 29.2978083739
276 1037 7.67745048127 7.00737349545
277 1036 7.3541021347 4.01123422403
278 1032 5.00722437625 32.1672193389
279 700 4.62953017126 60.5378122971
283 969 4.94138950775 11.0559564302
284 692 5.22383022308 6.75462804305
285 1040 7.03553390503 3.32415402772
287 696 5.3851647377 14.8856474498
290 1012 5.15274023486 31.6077522137
291 1042 8.12738241243 21.2970482572
292 1059 4.45719097384 40.9463655721
293 699 4.7256498557 30.6755979486
296 497 4.2943345165 60.5822182284
297 684 4.45150383222 45.9657481175
300 704 4.99403574563 5.59530717895
301 1047 6.03535365549 9.31970514902
303 1048 5.07246903338 8.82051479714
304 706 4.02589033732 9.54224890713
305 1051 4.80144053243 36.8825562917
306 1051 6.5 3.35931540645
309 877 3.75232399917 45.261431995
310 703 8.17666635386 17.1894555122
311 709 3.56509221421 33.7892099735
313 863 3.26508409576 36.8722456598
314 320 2.0 12.0428807102
315 711 6.14119291306 5.65795899596
316 317 4.91076489468 18.3101747671
318 1318 5.19258213043 11.8770787654
319 713 3.96617360681 83.5882286837
321 1058 5.29700759757 27.7982013807
322 349 8.86032267473 19.0671988109
323 720 3.71863215686 66.0871524591
325 717 4.05528754141 17.7517604761
326 519 4.31840317687 49.3367256717
327 1338 4.68053889462 51.9131640216
329 729 4.17796098067 103.783931349
330 717 3.92895274154 57.4982842565
331 498 4.36111459143 57.8179254211
333 1063 6.18252897263 4.20594816896
334 1065 4.6881796451 9.5187759545
335 722 4.05477733173 49.1140878259
336 1068 4.81320185132 72.5242558017
338 1210 7.56666278839 6.31506136154
341 723 4.92865037918 13.200757554
342 1068 7.68793382684 8.46861273472
345 724 5.85486030579 3.25729949498
346 726 3.65028142929 4.96235831032
349 709 8.86444849169 62.1722692161
349 711 4.86602569818 63.3313862138
352 1074 3.43899689096 17.2941982098
353 818 6.48503575442 22.7250230591
354 725 7.17386276743 6.28266102365
356 810 4.58884881811 74.9925797394
357 1212 3.74532135303 61.8286341571
358 714 4.47211073456 35.1791120041
359 734 3.40525189079 16.5364838043
361 734 5.46498584747 2.00997512422
364 1081 8.68334960938 9.61054108778
365 928 4.62132024765 10.6786000955
368 1082 3.66027294393 30.3980262517
369 736 7.19353264569 6.81595355566
370 738 5.08609236686 35.1344505488
371 738 7.44794178009 5.2
373 742 5.40751361693 90.9111929302
374 1075 4.43823979735 64.8702406857
375 741 4.21711962773 52.6625532604
376 868 3.96372318268 6.01040764009
377 1084 4.31259171862 35.0157480437
381 651 4.92220724453 134.905241657
382 1086 5.31854452844 15.6732255774
383 869 4.88317093012 75.4925330142
384 741 4.8632195227 33.0822997028
387 747 3.72536513519 60.689805569
388 581 7.96581029892 7.84474346298
389 742 7.69312076039 12.4041347832
390 745 5.35811889287 11.520850663
392 797 6.65824140172 8.35831929047
393 926 4.5786304455 58.7124012672
394 1098 7.0312941834 21.557112773
395 1089 3.48389718944 75.5482130828
399 1096 8.2974998651 14.828742546
400 751 4.09231818662 19.2959537699
402 1340 4.55596904301 44.6387023893
403 1341 4.88280469516 63.2489249795
405 756 5.73606777191 5.12445119013
407 756 5.27421787787 16.9792358646
408 757 6.03553390503 4.50111097397
409 1100 4.42411480003 14.7364925224
410 1100 6.75606993235 15.0672624931
412 759 7.34254407883 6.40410024906
413 759 7.50272464752 4.99249436655
414 748 4.29179399505 34.3059390647
415 1101 9.47861937325 15.1216351098
417 763 4.24502277589 45.4734781826
418 655 3.76387629261 49.0874550956
419 752 2.84534697064 31.9428024206
420 762 14.1515779495 21.7729763698
423 1104 4.50909745407 43.0813481218
425 1104 4.31748496151 3.23196600366
426 766 5.06866447131 19.2905417239
427 767 3.72804846225 47.5442780504
428 1106 7.36462480833 13.0631818614
430 809 4.07995049856 50.5144902483
431 770 5.43763017654 3.55316760089
434 1106 4.3258260475 43.3185014535
435 771 5.32280179408 14.2597699605
436 872 4.63538782225 30.9660224327
437 1112 4.18420585633 10.0497794216
439 1113 4.70211405433 7.95458234688
440 774 4.13672571997 31.7922974133
442 1328 5.3851647377 3.36786282381
443 773 7.30116271973 5.67186036499
445 1113 3.97723674837 41.2534847013
446 1115 5.31828232225 3.88121496915
447 448 4.56261235495 14.2327350448
451 1111 4.18808336453 36.3329692922
452 776 4.78257911761 12.5989086829
454 778 3.08282787414 13.9461203645
457 781 4.8394553165 56.7211783534
460 1121 5.59016990662 4.85077313426
463 464 4.66110756146 50.6392181594
467 778 4.54909246627 41.3667136717
468 1123 4.3972769529 6.00224146116
469 785 6.5 6.57590297982
471 1124 4.90256309206 27.1652388902
472 782 4.00749857335 43.4379535939
473 786 4.62132024765 7.81024967591
474 787 5.7015619278 3.22490309932
476 788 4.76627901411 8.65862706709
479 788 4.72193992095 16.5215011425
481 1132 3.24365805105 14.1889295807
483 792 3.36871577999 13.0101318119
484 1130 4.35228538513 4.41418169087
485 794 5.5908908844 7.47328575661
487 1105 4.41411898066 56.9762215714
488 794 7.60104688398 41.9634019489
489 1135 6.14005470276 5.28512062303
490 796 9.15208888421 18.933043662
492 1138 3.37076336251 92.1614409269
493 796 8.7381719849 11.8468787863
494 797 6.45100975037 3.14006369362
495 1136 4.27117557269 19.4736402013
496 799 4.09640305242 49.9766748377
499 801 4.73606777191 7.92464510246
501 802 5.93917180996 6.8128383152
502 1140 5.33353145596 5.67189527701
503 579 5.30682882278 9.48560694396
505 1141 4.88074887788 14.7121864307
506 1140 3.38206743017 14.2797079499
507 1141 5.4022447843 18.4659082485
509 942 3.90058013727 49.7899207058
510 1148 4.45407173654 36.9060955806
511 806 4.53781881283 15.8412351607
512 1152 4.63150010252 27.6629445077
513 804 3.84714519605 34.6689601635
514 804 4.83618042078 43.247485476
515 825 7.56797560672 77.6660973284
515 805 6.93900143715 110.71736624
515 807 4.18801909189 19.9966247152
520 807 5.04951000214 7.58716020656
521 768 4.73748873891 81.0461991909
521 806 4.52972699219 152.726583034
521 815 6.61742539699 49.3179837992
522 1158 4.70653661707 45.6651398772
523 816 3.63322938063 75.9544970222
524 1158 7.5 5.59016994375
526 1159 4.83691508251 41.7049157774
527 1230 5.03198650964 116.065467471
527 1214 4.1029988946 39.6467211759
527 830 4.40991475414 133.487644184
528 814 4.73606777191 2.72442654516
529 1160 6.62263709383 7.6147916088
530 831 3.50331347982 56.3566187008
533 814 3.15528503358 14.8244595304
534 1050 5.15707651491 6.43525446272
535 1165 5.08369540738 63.8223289039
536 829 4.1145899425 8.642369991
537 819 3.0919620115 25.1477999567
538 540 4.55900721142 37.9824695243
539 820 6.23024347743 6.88971869436
541 556 1.94465738867 12.3674035174
542 1171 6.59770727158 5.26521604495
543 834 4.06461250677 60.0027578503
544 563 4.65803050815 28.4454669758
544 566 6.03931715033 13.2572142399
544 831 5.29693812134 12.8261477379
546 823 8.42191209308 16.7135797212
547 822 6.84950789525 6.47633019639
550 1172 4.72472337389 22.4064768143
552 1173 7.02871342858 11.7670995812
553 822 3.12682125381 31.6411823257
554 826 4.94974708557 3.26955654485
555 1174 4.81307867372 17.8210049298
557 1172 2.93556091818 6.23458891778
559 828 5.2500480629 17.9631401864
560 1177 7.30788660049 4.27931069216
561 1177 6.72336244583 4.93077073083
562 1180 3.80902633484 37.5024491788
564 1160 4.98625172584 21.0753019196
565 1178 5.08905629285 11.9692313872
568 1185 2.97551614804 24.7251248917
569 843 4.98824838196 43.6824049246
572 1186 4.7353618566 100.64145004
573 1183 4.08658863555 34.3588416568
574 863 5.43351019509 14.2489054624
576 1185 4.302775383 3.04795013082
577 1187 4.95780183596 17.0991628599
579 850 4.40754012286 21.3445523222
579 798 4.46218585819 58.4582283353
582 1187 6.39445496316 9.63385160686
583 856 6.9966686739 51.1527835535
583 626 6.82151126862 4.78852795753
583 1099 8.98899269104 6.42572953057
585 1188 5.15154361725 4.49444101085
587 841 2.93640462403 16.9352443147
588 1188 5.41547584534 2.3926972228
589 1186 7.7411614328 41.5502681699
590 840 4.98197001537 35.8234557864
592 861 4.20884090406 30.192924321
594 861 4.33208465979 72.5375199611
595 840 4.17782865197 169.986551294
596 1258 7.69456093665 26.9417778079
596 1253 3.65532782602 28.5351099525
596 1255 8.57935564981 26.969308566
597 1195 4.69258213043 3.24075608462
599 852 4.53728096604 27.9732014614
600 1326 3.83782609303 7.65767458258
601 1192 4.40996632419 3.3293885344
603 607 4.43306097227 58.5455433568
603 605 3.68737797756 61.5647356101
603 615 3.95016927067 37.2381478211
604 865 5.400251755 26.7720002988
604 685 4.21342145882 56.2307298119
604 990 4.41843663224 70.892913799
605 606 4.74312075342 63.1283018938
607 608 4.43415842058 66.3932428666
608 616 5.29557918352 19.1898040718
609 610 5.02588654485 49.9929995099
609 612 5.12942214797 74.1792134306
609 615 3.34232327111 61.8873490629
610 631 3.86270193342 94.9453924944
611 612 4.43024159429 9.813653902
612 613 5.05811977263 40.8916455508
613 635 5.17531794737 101.745127842
613 614 6.43046827963 22.1195612179
614 627 5.20934384997 80.9363330032
614 643 4.5642232284 100.768315885
616 627 3.92336611775 106.680461375
617 1262 4.22594669695 41.7257779029
618 623 4.94519580258 68.7867676572
619 620 8.2598355668 18.8316293343
619 871 4.60780558283 295.038072684
620 621 2.82552178659 27.2481919809
620 663 4.78917765165 36.1780320084
621 622 2.82984708658 24.3681110279
621 623 5.04363109651 73.8032960405
622 671 4.52488499996 98.8458086099
622 663 10.1321115971 9.95584079007
623 624 11.4343688914 26.6655861402
624 625 12.3650579453 5.65685424949
625 670 7.89132053347 57.5721786366
627 677 4.6780330761 66.7071294974
628 644 4.42578557718 34.4018213952
628 629 4.68821057118 32.9455123108
629 630 5.95647572589 7.22726844178
631 632 4.90773934628 40.0652253404
631 633 4.30328165935 56.335710773
633 736 3.40424833487 167.64250955
634 1201 7.38523101807 3.18943568676
635 637 4.49282408938 93.7178652573
636 1202 3.92409586906 7.23895710721
637 648 4.86645295224 49.4011584486
638 648 4.48936591232 88.6109647803
638 639 7.60199532084 13.8553043675
640 641 7.46029021831 7.0086449033
641 642 4.35618228941 39.141537712
642 651 5.3215292187 27.9523254847
643 644 4.12119910676 39.7650145128
644 645 4.10162901548 42.125084637
645 867 4.05996405737 36.8542249688
645 710 4.0993677113 64.2465916524
646 712 4.34563606794 32.4617319727
647 648 5.34003251953 22.7046271599
647 649 3.9611829416 32.2162550426
647 653 6.48038348856 66.0742144203
649 650 7.31561271329 9.86897466055
650 656 3.73648438639 50.0297471202
651 652 3.93518186685 46.0277103684
652 753 5.28950745649 83.7618051381
652 654 9.41650119443 16.0561644327
653 654 10.4476604462 6.32455532034
655 883 5.45157688934 52.8359718425
655 871 4.80544902641 31.4654668974
657 658 4.91624451474 30.7344269509
657 715 4.12634401324 26.420986334
658 659 6.87699098421 10.330187808
660 661 6.60484725869 8.45372557317
661 755 3.98990962158 27.8718495978
662 667 8.72613082221 8.48916792476
663 664 5.15641797545 25.327600107
664 666 7.90095968996 10.4528614418
664 668 3.25748247179 44.0600726282
665 864 4.77695349806 45.9351751315
667 688 3.52813116204 66.3014291895
669 862 5.0 8.59142013872
670 673 6.53565854408 22.071862775
670 671 5.20893628219 26.5349769173
671 672 7.16227769852 5.76584772605
672 679 4.58416735483 32.5072855598
673 674 5.11667251587 7.13442359269
673 678 4.92594693707 15.2148140762
675 676 9.83095169067 7.14212853427
675 677 7.89451383508 26.8288300629
677 682 3.60055746566 66.2126049007
678 683 3.60171502639 30.9404670294
680 681 3.81956435692 24.2851806664
680 690 4.31334557617 73.9313124462
680 683 4.29855134886 72.6516594273
682 683 5.32892877633 30.4829174867
682 684 9.40361146044 18.322062904
684 713 8.01759230473 49.2374662423
686 688 3.90761503035 51.2997606424
686 689 5.2519693928 54.2361733532
686 687 7.40512466431 4.58938993767
688 690 4.89513193829 31.1177200322
689 690 5.19608907919 22.7054907953
689 691 7.12437967711 10.3728935763
691 692 4.26444587265 41.646764248
691 694 3.94710771799 32.7725884599
692 693 6.005324854 15.0133441454
693 697 4.02204010339 27.0926536536
693 699 3.50519587238 29.7645971782
694 696 4.40260601425 15.7738569023
694 698 4.15837553428 93.1418862488
695 1212 4.4756511358 45.9492897699
696 697 5.1263083307 34.080529632
697 872 4.48428756336 71.6003191742
698 874 4.6283343436 66.3852918159
698 746 3.3821726239 14.159202593
699 705 3.7992725213 31.2652647034
700 705 4.61933641291 36.6001366118
700 703 4.56821374455 47.7535769222
701 864 5.02121981648 24.7952883983
702 865 6.21993530168 14.7909823111
703 704 7.68847165915 16.9884499491
704 724 3.77790577711 105.66509511
705 706 5.08870906118 13.6984998875
706 877 4.85053536499 58.7302828056
707 710 10.3335857391 4.9040799341
708 1209 4.68453634999 24.7154304029
709 710 5.27113028954 29.8263927682
711 712 4.82613848873 30.179628891
712 715 4.88592916359 32.3711785179
713 719 7.7876224565 91.0642177965
715 716 3.56286222002 13.6955630413
717 803 3.6339460213 33.97805521
718 869 9.836342451 11.4332842897
719 722 4.73606777191 31.8001572323
719 723 8.33858075944 35.9191062
720 730 8.45615196093 37.8468833984
720 723 8.91699194317 17.3904671367
721 722 6.75902410718 6.11309071261
724 878 4.01576477987 52.3855539744
725 730 4.87865280013 38.4516579617
725 726 5.18845032571 49.4314137467
726 727 2.87447310926 19.2138198311
727 892 4.8312296961 36.1151757016
727 878 4.11125101945 64.5020664661
728 892 6.34329480539 5.13416590316
729 730 11.2829210484 20.8437300077
729 733 9.87946860998 70.5468090838
731 732 2.53224754333 1.10113577728
733 734 3.08577898953 18.6453457026
733 735 9.2772568348 34.7568829308
735 824 9.65273093984 20.2269471075
735 820 4.25493253031 68.6280478522
736 738 4.52649461043 28.756010494
737 1137 4.6369154933 25.3406949371
739 870 6.04744447354 8.45567886142
741 747 4.79756219803 78.4204453512
742 744 5.35895418839 38.1797066516
743 871 9.04753494263 3.52880999772
744 745 4.39784021214 39.4929107562
744 773 5.52387111881 133.903136632
745 749 4.49311569586 54.5899487085
747 748 4.40469118879 22.7800507421
748 763 3.1585413717 22.4766795027
749 763 4.96721434067 37.5241588846
749 750 11.3878231049 6.82367203198
750 764 6.85917770013 34.909339098
750 775 4.67917590886 105.368728173
751 753 3.66411186502 85.5137713908
751 752 4.46402055946 37.9110801745
752 762 18.6824287622 21.0023197588
753 754 8.9540771926 12.8785991149
754 760 5.39736609395 36.7299605227
754 757 8.11388417937 8.20830858979
755 756 6.72980452896 9.0382922285
755 757 3.6945382048 37.2250852162
758 1183 4.40142303747 81.5046782118
759 760 9.0704939844 8.56824762598
760 761 6.85742449809 21.8546369587
761 803 3.88512167461 73.6067763444
761 805 6.72868973499 27.0485858233
762 765 20.8452098648 11.510947012
764 770 4.10524220457 66.7868881176
764 788 4.65809270307 82.1017285231
765 769 5.03889329787 59.9052567691
765 766 15.545434059 17.6548835069
766 767 8.81201944864 22.2973715994
767 768 4.98056606512 27.7193151618
768 772 4.39221069997 70.2581239186
769 809 4.23683935548 49.7349359732
769 805 5.15736997889 50.0404872679
770 771 7.6809162166 21.9532628461
771 772 4.09208796008 70.1582205011
772 812 6.92764013187 28.3916510656
773 779 4.75405011552 178.956972205
774 776 4.61601476376 33.4255257211
774 775 3.53357845013 46.4535520709
775 777 6.1274905518 16.3669619454
776 777 4.51310613289 52.8397527817
777 791 5.18250965815 57.0548656061
778 789 5.09810938391 32.3138515191
779 782 5.3815879256 35.9869420763
779 781 4.43979250218 26.255411379
780 883 3.69493853355 29.9052251468
781 783 7.10147842076 11.8801548284
782 786 4.49894965184 59.960403601
784 885 3.99092268873 40.761869437
785 794 4.46814593592 30.389742556
785 789 4.82325070981 103.249764132
786 1093 5.42240996409 59.5733161743
787 795 5.05258166079 21.449192685
789 791 3.71174131857 26.6012217765
790 874 6.35739612579 4.61004338374
791 792 5.26440855064 27.0935878023
792 841 5.3851647377 66.5150546869
793 947 4.65086906199 16.7162004124
795 1088 4.16865349962 44.4984245266
795 798 5.1141079399 32.7433199294
796 800 4.16443289375 27.0744344355
797 798 4.3529923103 15.7089755482
799 800 3.46921699254 45.8659398347
799 847 5.1891295677 62.1805435808
800 801 3.17472007713 26.9665267773
801 802 5.24597182 17.4524150143
802 849 3.60724922638 30.5252674222
803 804 4.44571772333 38.4880825711
806 809 4.50090614698 45.2675388564
807 821 5.06008542948 14.9150402774
808 879 2.90166319951 9.88433103452
810 824 4.6473869001 72.3058998986
810 945 3.33922983996 14.3301243619
812 840 4.27319330607 56.1711697939
812 813 4.24541419995 39.5317297252
813 817 3.59145293748 28.0419939863
813 814 2.98728983478 12.8506158832
815 816 6.30555276295 16.3777337875
815 829 4.74937543267 39.2469558726
816 817 3.85071117275 20.9058269391
817 843 4.07729884863 99.880494448
818 819 4.87711263301 27.6428173299
818 820 3.69471527364 25.3561217651
819 821 4.39901644936 50.315869427
821 822 4.71089521486 85.5826468499
823 824 9.65938596047 30.61553806
823 905 9.37473117364 129.660038248
825 905 5.05050495325 83.0116876915
825 826 3.93330362133 28.1467371758
826 834 4.87976190334 26.9785555843
827 1225 5.16782984235 12.8056628099
828 834 4.40162841134 19.4959630316
828 835 3.50835134306 36.5274383768
829 832 4.70770278006 48.664450896
831 835 4.6514073312 29.5776333972
832 859 4.44988901328 33.6077894869
832 839 3.81985531464 62.844906459
833 897 3.9014993994 70.7266118741
835 836 6.99446967826 12.7033687612
836 838 5.08865214129 27.6760275329
836 979 4.13088842507 124.91942403
837 882 4.41280338117 77.155344026
838 980 4.31654836708 94.515726916
838 839 5.22862374442 22.7635780215
839 985 4.08140613401 43.0300185917
841 846 5.34964183885 25.8964283252
842 877 4.57430240221 29.0678195025
843 857 4.16298543699 33.6215161732
844 1225 5.8541021347 4.55247185604
845 1226 4.62386186754 7.23898474405
846 847 5.13164105391 44.3131280321
846 855 3.62923931076 52.2199421299
847 848 15.2599915969 17.0125004278
848 855 12.269725462 20.7576917408
848 852 5.24476645515 49.873139063
849 850 5.03939798246 27.7050536906
849 854 8.67811673553 8.22402640442
850 1099 4.70698951906 38.9102409978
851 884 7.56666278839 4.3382023927
852 856 8.28791301198 24.2605576368
853 884 6.86873312552 4.12391176824
855 1020 5.2926319771 262.493352297
856 868 4.17313447109 85.2085676443
857 860 6.80316903218 14.1920683633
857 861 3.76790144555 27.1787095605
858 1228 5.46498584747 1.64924225025
859 860 4.74389759154 65.3885721292
859 863 4.03664571119 19.6906108725
860 862 4.20410731161 38.1946299961
862 864 8.75310772047 8.4178829818
865 1017 4.24727436578 78.3761915653
866 891 4.68127055922 114.177988254
868 869 10.8689753827 12.7283907042
872 876 4.1847955579 47.1296564403
873 1245 5.0 7.41232082414
874 876 5.19204489734 25.8199351434
875 1229 4.19258213043 8.64653109634
876 881 4.26741406976 93.1812481136
878 879 8.58404706763 32.8720823903
879 882 4.89224026169 59.008774473
880 1231 3.44447588359 17.1529596325
881 882 5.26115967422 36.2544275699
881 925 5.27044613068 141.521676785
883 885 8.61079202985 27.8815669079
884 886 3.28813917143 41.245908888
885 887 6.99776942631 57.339794934
886 888 4.14720042913 34.730142818
886 887 4.02278819188 37.9126203808
887 890 5.29429623649 46.9941903916
888 890 4.56729924025 59.4464783506
888 891 4.76229541181 16.8021540837
889 891 5.06449508667 6.09590026165
890 928 8.47617585352 76.7645250058
892 1002 7.0 2.10950231097
893 949 4.98026477693 81.4733968533
893 894 5.13420363063 30.5367637624
893 935 6.14005470276 4.57629763018
894 896 4.49510100333 23.499897236
894 903 4.78753758337 182.994840661
895 1232 5.01854384245 12.4581298757
896 897 2.70136265091 35.2526713561
896 937 3.70951895081 13.6481291481
897 899 4.44547510121 155.741260691
898 1125 4.28984049388 40.5062479377
899 908 5.14819881414 22.091290314
899 991 3.81556003196 17.4125060529
900 902 7.16198825836 3.2596012026
901 997 7.62310552597 4.85025772511
901 902 3.56457600568 38.448491039
901 1007 5.19696923603 9.85456746895
902 903 7.30788660049 4.30116263352
903 907 3.83902429024 49.3770883336
905 978 11.0073270089 90.3918666042
906 1024 7.47720718384 3.88104367406
906 1023 4.14196470308 10.9914739685
907 914 3.7110511277 62.8781150934
907 1038 3.66216227879 40.7816974287
908 1072 3.51947843376 92.2656499396
908 910 8.51464271545 6.1124872188
909 1237 4.40907368415 11.7762167541
910 1049 4.09774581722 13.5766343399
910 911 4.62893506095 27.5281982046
911 913 4.48111453278 44.3333244987
911 1054 5.10293388367 5.60802995712
912 921 4.08869799885 26.2306089974
912 933 4.49080605061 84.2849388588
912 934 3.91246528055 55.0444365944
913 939 3.99209411323 104.135077909
913 1069 4.11654736505 8.45486218376
914 1080 6.5413813591 3.10161248385
914 917 4.56391747663 25.106040199
915 926 3.48040564422 16.4814362736
916 923 7.56666278839 5.94053869611
916 917 4.92425207777 29.4932083507
916 1110 4.93073271117 18.0460502332
917 922 4.47290748065 120.520486675
918 978 5.52100944519 89.9895549494
918 922 7.93175723993 30.4259406044
918 982 5.23855844886 55.060784593
919 927 4.60441568106 69.7797862712
920 1127 4.73282038723 28.9700984867
922 957 7.45845518952 142.782371438
923 1056 4.13548759119 43.1707437895
923 1109 4.66223250407 30.1126219383
924 1238 5.5413813591 3.674914965
925 1146 7.40090469442 6.44735413731
925 1147 3.39263670275 18.6489275831
926 927 7.41028574918 21.2241032627
927 934 3.25622829674 40.3017728856
928 929 9.17621123117 36.5581193009
929 931 8.53561993741 49.4360420024
929 1157 3.8643283844 9.91564420499
930 936 4.08593385839 77.6315004937
930 931 3.93274993641 63.2985915625
930 1163 4.23606777191 8.14033168857
931 940 9.62676771931 35.9859691542
932 1235 4.21621036103 28.7003919834
933 1200 4.26530465929 27.0091703696
933 1179 5.02875945467 9.82888620579
934 936 5.08690690846 33.1145394248
936 938 5.08814135317 42.5388358055
938 944 5.25038923491 152.999915445
938 942 5.52100944519 15.9790487827
939 1224 4.63462436309 113.947806254
939 1221 6.10473724669 5.06622093663
940 1241 3.10317779019 20.5389832975
940 943 9.49860407173 92.7529827512
941 942 5.09801014303 18.0646062786
943 1256 3.69632888588 17.1439442039
943 947 9.83858571848 163.058045458
944 952 4.69755870542 62.4648614468
944 954 4.536669314 92.9839252135
946 948 4.57488962613 41.3435909267
946 1286 6.33263731003 4.35717798581
946 1383 6.25142983241 17.0493360966
947 948 11.7424001694 7.05779710675
948 964 9.30324790892 106.097924562
950 1235 3.92723517635 27.4585397822
951 1309 7.05978837598 6.03930343345
952 953 4.48657399394 17.2259975787
952 1325 4.61458924023 63.849130986
953 961 4.71155447586 41.5819496818
953 962 4.31982631188 31.4948684393
954 1298 4.97544862875 14.8110167773
954 957 5.08686992896 77.4661216275
955 1337 4.60975577957 12.614673995
955 958 4.46413516527 25.9861982598
956 1246 3.76716293589 8.50711158059
957 960 5.3534439592 111.945745788
958 1362 3.04168748194 10.6538013411
959 960 9.5276927948 7.25603197347
959 1041 5.11444818305 108.295890965
959 1005 3.76756423988 163.452085708
960 968 5.01031166914 46.5900016632
961 962 3.40958996849 32.7984872006
961 963 3.96715397464 74.1822196748
962 963 4.81041783097 57.9580070257
963 965 8.37432471535 8.33959195512
964 966 8.44982969498 94.5760696478
965 968 4.53671788819 118.599985894
966 972 4.15714131024 22.7566263099
966 974 7.87068038376 40.4410925378
967 1280 3.99983823493 74.5172243648
969 971 3.86672625303 73.8530786611
970 1275 5.01418919707 31.2853000625
971 976 4.80921995615 23.9093797438
971 1283 4.35050228444 18.4845783747
972 974 2.33554278679 39.9214475478
972 973 2.89488134806 25.3923870537
974 975 5.09978262299 38.5699688877
975 976 3.81682093607 42.3576102705
975 1053 9.6493102825 203.174921525
976 977 5.16377900189 16.3912324125
977 1040 4.14209914353 58.2328393239
977 1048 4.46141073966 44.9464821306
978 979 11.3476025427 19.3074290341
979 980 10.436981205 19.8393863439
980 986 11.4341194067 43.6513805872
981 998 3.58323390361 128.922945187
981 1118 5.5 11.0391349299
982 998 4.57587236402 80.0865740543
983 984 3.50431612385 82.620870234
983 986 3.94856684915 29.1139511407
984 993 3.51131033559 33.4273594119
984 999 4.58484281984 38.2423848629
986 992 11.0319209422 25.3346744583
987 992 5.00999990757 65.1496314339
989 995 3.92167811497 41.4200973314
989 990 4.59172034343 36.1403601877
992 994 9.45571252251 29.209596462
993 1009 6.56210244744 32.2873320258
993 994 4.03147419863 71.0968764219
994 995 11.4999386966 18.5953544352
995 1019 10.901136695 98.6355867011
996 1000 4.50387556595 127.472046819
998 999 7.11509649974 11.6059724272
999 1000 3.97741206723 24.9589515563
1000 1009 3.53646609318 21.3507164692
1001 1004 3.28481217192 28.8695469593
1003 1004 3.79337310253 65.6596873322
1003 1005 4.18185753256 41.7231350692
1004 1008 5.12171093096 22.5955922286
1005 1006 4.94290854845 24.204244987
1006 1008 3.77914575529 30.1021736389
1006 1012 3.273633056 29.224673007
1008 1010 5.14577518109 38.4666088965
1010 1011 4.45847409526 75.4296691386
1011 1027 4.47574626231 35.9947097451
1011 1015 6.20830514183 38.4316637699
1012 1013 4.1326424046 25.6871513185
1013 1016 4.27185378625 88.0087805912
1014 1015 7.14437428273 6.00555127546
1017 1019 3.77524648508 72.0079888514
1018 1026 4.72992754795 64.4210882983
1019 1021 13.1965702235 14.5934901015
1020 1026 4.99214901857 41.376925937
1020 1022 4.93262838837 67.5035205196
1021 1027 4.74384302254 98.9558487407
1021 1022 10.1581053174 34.6923157999
1022 1034 11.5529994234 68.0154701823
1025 1026 5.1448099246 17.5398118576
1027 1028 4.32029453671 34.9808738134
1029 1254 4.08113861084 3.3
1030 1032 4.77511059268 43.8833007079
1031 1032 3.60402613694 17.5587967856
1031 1036 6.39365500698 15.159230561
1033 1034 8.53905904969 20.0681034706
1034 1166 11.8313871514 140.011373427
1035 1243 3.9357376568 22.1697966528
1036 1037 4.92645281369 68.2265181516
1037 1039 4.45869463931 28.448198537
1039 1067 4.9324683937 94.2503693995
1039 1167 5.28324940947 41.8540205173
1040 1047 3.96511701641 65.6877648775
1041 1050 4.32364422312 115.024530107
1041 1045 4.77500039353 46.4213172153
1042 1043 12.0232772827 5.59732078766
1042 1045 4.34067561712 36.6308292305
1044 1258 4.8095550407 31.2781076202
1045 1055 5.07087278766 144.217162023
1046 1296 7.06123518365 102.500226562
1047 1048 6.41318388753 19.2700928394
1050 1051 4.95625240102 16.4674223575
1052 1053 10.0763947437 14.1124723068
1053 1058 9.04586327694 141.804964671
1055 1078 4.86895647345 52.0010096056
1055 1077 4.4371212499 46.0549562914
1057 1261 4.30886294934 8.16527891968
1058 1081 9.75191603052 73.5752356734
1059 1060 4.35242691559 76.0073351514
1059 1062 3.74436273149 48.9928470509
1060 1067 6.37314048363 61.7032047745
1060 1066 4.59959512637 125.939298618
1061 1249 4.67709369147 81.6566618133
1063 1064 5.31907710265 13.0418556962
1063 1065 3.68310117447 46.1536978961
1065 1066 3.71638828157 20.3485257451
1066 1076 3.53939610401 54.6024558822
1067 1070 5.27547163379 45.2184973213
1068 1070 3.02681885031 55.6935091468
1070 1307 4.06730052068 46.912380333
1071 1259 4.5 4.63276375396
1073 1318 4.57332935779 38.0518067902
1074 1075 6.79746653965 28.5865848754
1074 1318 4.51381727558 20.2180612325
1075 1320 4.38920610293 53.0059007699
1076 1077 5.17128052645 18.5677812352
1076 1079 4.91147724324 37.8220773407
1077 1078 3.6652538082 26.1682913091
1078 1079 4.39473484643 56.6583989083
1079 1082 6.34917159427 72.5411857868
1081 1085 9.90495557621 78.8741991838
1082 1083 5.12810647656 54.9775914331
1083 1084 6.81635111734 12.9157963504
1083 1085 4.43267912554 87.7341209799
1084 1355 5.23894899555 48.498402085
1085 1086 7.66707636054 49.7693394525
1086 1371 9.24533896334 65.3983510266
1087 1088 3.45413935468 51.1225020913
1087 1092 3.75846045391 43.0040662599
1087 1093 4.38044111802 23.73809623
1088 1089 4.28851652322 35.1536618906
1089 1094 4.9990326149 77.2851827604
1090 1096 4.56516543957 114.956557012
1090 1092 7.27605669576 8.01625677663
1090 1093 4.51695695843 34.4057554605
1091 1092 7.80116271973 5.94011784395
1094 1097 4.14961613449 92.5606499848
1094 1095 4.52204886532 77.5213735044
1095 1097 5.36213547685 19.9206639941
1095 1098 5.07241840479 55.6669560871
1096 1111 4.44325413212 122.963391219
1097 1103 3.6363463975 95.9505936809
1098 1099 7.21328704694 61.9482946337
1100 1101 4.40274034911 57.1530620352
1101 1107 4.11278946161 43.9434911461
1102 1128 5.14270132708 101.334942229
1102 1112 4.18460974624 78.6955368835
1102 1103 7.91444671023 8.77022649166
1103 1105 3.65257876128 40.2217914767
1104 1105 3.14795812956 14.1972789872
1106 1108 4.33051349501 96.8802681086
1107 1154 4.54519413317 132.183873518
1107 1108 7.07106781006 4.30726131086
1108 1155 4.28759487656 38.2858981872
1111 1116 5.31830371607 68.1161691524
1112 1113 6.17316200754 12.8110957868
1114 1265 7.10279388428 8.38525491562
1115 1116 4.18300902488 109.424968027
1115 1127 3.29813723153 66.3568007065
1116 1119 5.22332130581 30.3166709506
1117 1329 3.56324942344 94.5906961927
1119 1120 5.35377966085 23.7693079411
1119 1121 4.00725517283 62.4108996285
1120 1208 5.09724084144 156.416111702
1120 1139 4.07425505574 17.0722469318
1121 1122 4.46213500146 37.9401761766
1122 1123 4.39492408581 46.3643181768
1122 1135 4.24839482566 87.11946601
1123 1204 4.83255156428 46.5169852752
1124 1128 5.18507901348 30.0759455379
1124 1130 3.91271261018 94.5485964818
1126 1329 4.20309053349 107.864698434
1127 1129 3.68770980909 37.7757488339
1128 1129 5.24009981857 31.6674122719
1129 1134 6.79414410486 41.7806139725
1130 1132 3.84757805143 19.1636695764
1131 1136 7.39920999983 23.5091431763
1131 1133 4.43947299747 42.8299944601
1131 1134 7.24485235659 18.4785190555
1132 1133 7.55272425331 24.1251773817
1133 1177 4.55182660306 64.2303447527
1134 1135 4.95000352247 41.4374169314
1136 1181 7.17689697188 47.7339453502
1137 1138 4.81867840386 43.129322092
1137 1203 4.18014956138 132.689526809
1138 1182 4.50920963436 48.323669244
1140 1142 4.33087044305 20.45590858
1141 1142 3.27109134215 37.9121117393
1142 1143 3.64727799838 46.6726179571
1143 1154 5.42724224569 15.5183762037
1143 1148 5.1793871509 23.0789947788
1144 1145 4.45488914922 25.8481140511
1148 1150 3.28419487276 34.8726081398
1149 1272 4.50650259588 31.7224191142
1150 1154 5.08602709353 28.6877864269
1150 1151 4.3409376144 52.1032483376
1151 1152 8.99681908833 12.387299123
1151 1164 5.46498584747 46.7657994693
1152 1153 6.23917944902 17.0886628682
1153 1162 5.32559367974 21.0177306101
1153 1155 4.57414825097 158.593731149
1155 1156 4.50434090085 52.9082391004
1156 1158 4.21301632391 14.9285202355
1156 1159 4.45280512792 33.4121235482
1159 1161 4.09384720336 36.4001529662
1160 1161 6.78138600925 36.2178754417
1161 1178 5.16027846242 63.4941608857
1162 1170 3.85011227989 68.2914343091
1162 1164 3.81880811718 60.7984978562
1164 1165 7.5555129906 22.4501489158
1165 1171 7.05453936242 26.156549885
1166 1167 4.8536417567 65.6888393758
1166 1175 12.1655709017 126.583937454
1167 1301 4.0456956684 60.5758416516
1168 1376 5.09720577234 22.6873372097
1169 1272 3.46094220965 24.5180822457
1170 1171 7.95870774186 35.3427558706
1170 1173 3.49531303008 39.4314730168
1172 1176 4.2245081043 29.6152410086
1173 1174 6.79405210918 27.5968338701
1174 1176 4.66306310481 25.4455704428
1175 1312 12.2713792696 127.239828284
1176 1195 4.4609090422 50.3088581669
1178 1190 4.53105549303 62.4578457842
1180 1185 4.32166209757 61.2604537937
1180 1181 4.64969983094 43.9595313224
1181 1182 8.09138039821 25.9214096136
1182 1184 7.56187861183 51.6541302608
1183 1184 7.0667060005 13.4184003645
1184 1255 6.98115888843 153.8879332
1186 1197 3.36497668098 24.8746425387
1187 1189 4.71366326017 44.7158155725
1188 1189 3.7777405466 15.7497159642
1189 1199 3.73822745814 47.747227027
1190 1196 4.50011663447 89.7451126242
1190 1191 5.15011760595 60.2330525433
1191 1192 3.20931215603 22.7646042804
1191 1194 5.27154585352 52.1002159305
1192 1194 4.55533291474 77.4935823851
1193 1195 3.93312190318 21.9601766452
1194 1312 4.90391308383 61.4388583541
1196 1197 4.14183811796 53.8603347284
1196 1198 7.24560642242 4.4598206242
1197 1199 5.15136016917 48.6181036241
1199 1251 3.05248355698 76.0110598884
1201 1208 4.16995932492 51.5952857772
1201 1206 3.26719470628 39.0299178272
1202 1204 5.1966335331 26.9351728509
1202 1203 7.07525888978 32.5720095355
1203 1207 5.0598004712 44.4046168771
1205 1279 4.28493285437 25.4244648662
1206 1211 3.68670674988 13.7457070637
1207 1211 4.68541102924 52.5819705976
1207 1215 5.25494077193 50.252246754
1208 1209 5.09392288404 87.5032126252
1209 1210 4.73843403547 36.1265830103
1210 1222 5.2322548823 88.7295494157
1211 1212 5.3851647377 19.8647929765
1213 1214 6.6814365387 6.96419413859
1214 1220 4.30458613531 47.2520105392
1215 1216 6.5433074217 10.6679016873
1215 1218 5.11595276088 135.755323545
1217 1277 4.2374253497 46.6520760817
1218 1249 7.12253203638 42.5131963951
1218 1219 7.95755572205 101.525157683
1219 1236 5.10580903498 48.709844002
1219 1231 5.24838416782 35.8710189429
1222 1229 5.32366577259 190.089377214
1222 1223 9.24468326569 7.30427956749
1225 1226 6.1295631089 10.6728917909
1226 1228 2.91093163472 19.6498487008
1227 1282 6.54951000214 4.64246701658
1228 1232 4.65971370937 163.062296542
1229 1284 4.96912469157 216.384232826
1230 1242 6.4286705203 53.7189037039
1230 1231 7.09949269749 26.7173136793
1232 1234 3.82071897901 47.2348273653
1233 1244 4.62818062604 15.0332963784
1234 1242 8.7147769928 5.85683361553
1234 1243 6.83192811885 45.3576966104
1235 1244 4.98804161505 50.7196080725
1236 1239 4.49318119136 31.4065729228
1236 1259 4.84841510537 110.53286137
1237 1238 5.37410703497 14.0656496473
1237 1239 5.32842731476 11.3654080437
1238 1242 4.08412711417 23.9259273592
1239 1240 2.7742165809 12.9736863402
1243 1275 7.07674528987 41.2984569345
1244 1245 3.87364945367 68.965099572
1245 1246 4.93819609702 42.8328760004
1246 1279 4.77433766877 93.3844534927
1247 1288 6.26719665527 7.35696948478
1248 1287 4.24423709657 16.6151410042
1249 1255 6.69159293208 53.4559133954
1250 1252 5.25381747917 22.2850846981
1251 1252 5.00730870292 22.9109219502
1251 1262 4.48888367751 39.3756904192
1252 1254 5.09449612626 16.2813543663
1253 1254 3.98314701359 15.0564921673
1253 1263 3.89662823007 66.5136800954
1257 1287 4.49950552727 24.3321289656
1258 1263 7.50226357667 37.0340804324
1259 1260 4.78012613197 29.1997262651
1260 1268 4.19640130662 56.0892146495
1260 1261 4.18513140072 44.0462075547
1261 1277 4.76716761109 65.1459321246
1262 1264 4.85532929293 82.9513411585
1263 1267 6.83682131009 42.5580244312
1264 1265 7.38914449615 16.0210918291
1264 1267 5.10757282007 60.2443432547
1265 1266 8.14183064058 6.51384628453
1267 1338 8.69614060038 80.4745471941
1268 1289 4.33757009516 37.0104357344
1268 1269 3.48079005678 27.1707563384
1270 1295 4.61170684527 25.789939136
1271 1278 4.39499840577 186.241678436
1272 1273 6.5167333779 6.37768895636
1274 1290 5.47542190552 7.35272058493
1275 1276 6.7391033821 24.1039839553
1276 1280 5.46498584747 29.1784166808
1276 1277 4.18102783448 39.5142249729
1278 1280 7.15303977022 19.6181478121
1278 1281 6.26837345841 23.1721126701
1279 1281 4.11981881743 82.2532528391
1281 1282 7.37343420707 15.911095311
1282 1291 4.96377957016 66.9809301219
1284 1300 9.01023321693 170.300027708
1284 1285 5.20898691332 27.5661477178
1287 1288 7.63668012619 4.52382581451
1288 1297 4.79841087606 53.7496900948
1289 1292 4.66255682289 22.5558513681
1289 1294 4.31696097283 66.5233981393
1290 1297 5.41430339347 75.9096605011
1290 1291 8.26269157315 11.1363957708
1291 1296 6.9654659107 65.179236965
1292 1293 6.22811603546 7.63216876124
1294 1296 4.55693006785 90.8478335063
1294 1295 3.66515461539 30.7312828631
1295 1299 2.07440802994 19.23031461
1300 1343 4.42602253117 27.0464006466
1301 1303 3.94808313508 21.9658826365
1301 1363 5.3541021347 3.47023053989
1302 1304 5.31472704246 22.2036033112
1302 1306 3.60987351636 31.779037201
1302 1375 6.7015619278 3.71214223865
1303 1304 3.82205878479 23.0455166579
1303 1385 4.99435429296 34.1090814247
1305 1306 7.41879258588 11.8689952071
1306 1308 4.59143281789 42.2755248341
1307 1319 4.30902965475 131.903346389
1308 1314 4.00420325718 51.5904578229
1310 1314 3.85513861781 28.8435648274
1310 1311 6.72446988193 26.3733479014
1311 1322 4.59061901249 60.3149869688
1312 1313 12.0957855518 23.1911797265
1313 1330 12.675075118 62.146725542
1313 1317 5.12780898705 76.5196587386
1314 1315 5.24209213257 7.78781098897
1315 1316 4.91589555618 84.2297696236
1316 1323 4.86033934633 31.6033226101
1316 1322 8.4839739684 15.9088757319
1317 1323 4.92762276402 44.9127555207
1320 1350 3.97774932548 55.5637034346
1321 1352 3.64651379427 51.6852682568
1321 1353 4.11601408847 73.4561474834
1324 1353 5.0596715714 102.809192196
1326 1328 3.26541457971 33.7518434303
1326 1327 4.14836775618 15.8467188124
1328 1331 4.70775496237 62.1253793605
1329 1333 4.68890972728 119.497601887
1330 1331 13.2501250747 16.9796347227
1331 1332 12.2110772631 52.6012380665
1332 1344 4.33934293258 62.8166467786
1332 1333 13.8741573874 11.3230061013
1333 1342 12.7391493455 103.104767777
1334 1335 3.38391447067 1.48660687473
1338 1339 7.98613214523 63.4928205859
1342 1345 12.8393851757 27.0252146661
1346 1347 11.7008771896 6.27096483804
1347 1348 10.789696115 13.416068464
1348 1349 5.36398713272 32.7919210511
1350 1351 4.28472375052 29.8198232663
1350 1359 4.5898018827 75.1216366988
1351 1352 5.28007908354 21.1147848198
1353 1354 4.99195104171 23.9953465579
1354 1364 4.5302298348 61.5353372785
1354 1366 3.52739981912 66.4103378907
1355 1356 4.65722034884 53.2503755855
1356 1358 6.06123823818 16.8123899
1357 1370 7.65526485443 3.0207614934
1358 1360 4.51453596064 44.422842333
1358 1372 4.04400778394 41.1291238339
1359 1360 4.80666137331 19.2579285579
1360 1361 7.21738244303 22.5225425821
1361 1373 5.11891501398 58.5087202658
1364 1373 7.71301174164 5.53172667438
1364 1367 7.22419848443 21.6974077773
1365 1368 3.79826434291 40.9157560481
1366 1367 5.1220895564 27.6996912892
1367 1378 5.08035205309 170.385294104
1368 1369 4.90753127705 15.1208347964
1368 1370 3.85958469695 25.19662509
1371 1377 9.74439637864 141.633834832
1373 1374 4.72495106056 39.5192226804
1374 1377 2.24632537261 43.1510335917
1377 1384 10.0156934881 177.204363222
1378 1379 6.75242579211 10.7072300764
1379 1380 6.58555540547 9.64406280359
1381 1382 4.97023984244 13.775991731
1382 1384 4.23051367752 50.5868820816
