0 392 5.14333406978 50.6204047543
0 372 7.95420646813 13.6376691201
0 390 7.96581029892 5.7135803136
1 19 5.96667766571 8.14002456999
2 219 4.51499319077 7.71313814216
3 222 2.85201737559 23.041486523
5 49 5.74050271168 10.5270160053
6 50 5.33707794963 25.1536330725
7 260 5.78880598682 25.2570267157
8 373 5.00433778763 5.82408791142
9 227 6.82060050964 17.5635987201
10 19 5.72203033191 50.0049193856
10 219 7.51888256185 46.4958667834
10 215 10.6053180695 11.8943156755
11 56 3.22565479853 18.8695055951
12 381 3.33637279231 32.6311184566
13 58 3.51403765753 20.6583949381
15 233 6.79420680349 7.95225139216
16 358 7.37792433122 33.1177325819
16 350 6.87093912029 64.0543058999
16 351 7.18903494871 17.6840342571
17 82 6.17226378252 5.91052574812
18 64 13.0869428424 15.8894372694
19 226 9.24287275856 9.48616971689
20 389 3.81076597226 10.4155614854
21 384 4.95130301979 28.1540921832
22 408 6.76336018163 14.718402214
23 227 7.25922679901 8.95055864178
23 230 6.89523810197 27.7503703718
23 231 7.35283965195 62.51309931
24 239 4.90662182839 15.2368889506
25 355 6.90488315273 41.155083668
25 363 7.46008692362 22.0364470821
25 364 6.7948571738 38.2099235431
26 71 6.46848201752 2.75862284483
27 72 6.67506743806 11.1532676466
28 75 3.62949249663 12.8798579632
29 75 4.50547360939 8.74281480841
30 246 4.78738333374 10.2720405024
31 78 4.27592089955 27.8924130405
32 249 5.53359686385 14.9521317555
33 78 5.22383022308 4.17432629295
34 252 5.70790052414 7.11424627069
35 254 4.30288506208 16.2012048996
36 253 6.7313725996 22.4845761671
37 81 4.22298836231 11.6630278846
38 81 6.68405378138 16.8071830606
39 96 4.96480479312 32.7331775004
39 98 4.95420521096 23.8440457208
39 62 7.07896636673 14.7580486515
40 85 6.63558584668 25.5195980345
41 414 4.86108600967 24.852654134
42 412 8.82955360413 4.86543934296
43 263 4.23643310028 17.6284763379
44 263 5.28902266926 5.20600808897
45 64 7.4228813247 132.185627055
45 48 6.3986917221 32.7144081408
45 47 6.01861811126 27.6878920137
46 48 10.8769460597 16.570062105
46 58 7.03118328027 35.3000714563
46 47 9.27084973254 13.6368522895
47 65 7.20337713978 82.1214676357
48 52 7.87765267341 28.9819340279
49 58 7.23046884638 14.6918009017
49 60 7.93625354767 4.50693909433
50 51 4.59536014356 19.2022541354
50 54 5.44885341425 65.0651113677
51 59 5.60126977745 30.9012834758
51 52 5.98854896264 27.9235482807
52 59 6.18667008675 27.0446333599
53 153 6.51647657633 20.1000250222
53 61 6.50491028368 37.4287656756
53 54 10.275007743 13.5155690497
54 92 6.28279194544 47.6452554479
55 241 7.26171800295 38.7170096732
55 250 4.18775204238 74.3462239777
55 246 3.97474252332 31.7751256873
56 61 7.20417786672 24.1845162527
56 63 7.72945578329 22.8300413657
57 267 6.03553390503 4.821047604
59 63 7.19593989641 16.6602448672
60 82 4.96797903842 27.8717876868
60 69 4.826240415 48.4289845871
61 94 7.93111126047 36.5795708012
63 79 6.91809596929 77.5006429555
64 65 7.61861769161 73.0887132189
65 67 11.8728049471 15.3672920494
66 71 6.21146999875 42.485934875
67 68 10.2161766696 27.7013614828
67 71 5.78474424099 39.8095727054
68 72 6.25993837434 59.1257195843
68 69 13.2230158392 13.4826006298
69 70 12.2589071347 24.5275542818
70 73 12.4636076391 15.098009215
70 77 4.62761691351 34.178701861
72 74 5.677218953 52.6881194963
73 74 6.94267976504 42.9314237312
73 84 11.1310844022 32.9328962904
74 76 7.82623767853 14.8664891619
75 76 6.88963603973 20.2682708261
76 83 5.79782893008 8.55573945781
77 82 5.66094252917 24.8610544455
77 78 6.53539196164 31.3573678582
79 80 10.3040830677 13.167762342
79 87 7.5360934652 78.8506339628
80 103 6.05390275625 35.0393415046
80 94 9.42473335303 24.1334213906
81 103 7.4163777003 18.5546305687
83 84 4.98451195099 46.9206606135
83 85 6.86894223001 31.9240113394
84 87 12.3070177964 15.4362119975
85 86 7.12078294236 14.4389001866
86 154 5.42355936442 38.8873522641
86 91 5.62152985496 34.724384677
87 88 13.2703296569 37.5306255434
88 89 15.4626111661 9.18545719687
88 91 7.31728665383 36.6018677457
89 141 11.6181364059 17.9951382323
89 133 14.4262859923 57.4029559158
90 141 6.50046920776 5.06211418283
91 155 5.77951961487 38.0716106397
92 153 3.06212835826 23.4991181044
92 95 6.82260422105 36.7897531177
93 153 5.03154927727 50.2199242565
93 97 6.3388554897 37.3550187118
93 95 7.76316070557 11.5828537071
94 101 9.7708927149 21.8931749575
95 96 6.38640392112 56.1861337412
96 98 5.75795088094 26.3803337378
97 99 7.94033216456 34.1183601599
97 100 10.1506455889 15.4546645275
98 99 6.36352811818 16.3806288036
99 111 7.5786682347 26.279745052
100 107 6.96622555758 35.0720445066
100 101 9.57291634405 31.6215820694
101 102 4.50731131848 48.138362112
102 123 5.70271756179 91.9425947191
102 107 7.6640512967 12.408856289
103 104 7.16198825836 10.7912001186
105 111 5.84093009289 28.7032001297
106 277 4.22419447454 10.6998734385
107 108 7.28540397872 17.4292076315
108 109 7.50986013203 29.7239648732
108 110 6.04395484924 6.41248781675
109 187 7.1122459214 15.4191389536
109 125 6.66208235327 43.4200702441
111 114 9.78647575208 15.3995491145
112 129 6.25326073461 8.7846473384
112 114 6.24676662823 36.4432727927
112 113 7.12700884479 6.33994485864
114 116 10.8060534054 14.48463644
115 120 12.240168891 50.6711411872
115 117 7.16921767913 30.5942531001
115 134 6.20882747553 16.2926363735
116 128 7.30063478067 64.1404933151
116 117 9.43157853322 25.3440556497
117 119 8.11396957917 30.9250502866
118 266 5.30075658336 59.145269068
118 260 18.7282554213 9.31946077431
118 223 17.3231520999 15.9992081676
119 192 4.99579969345 30.3127955893
119 142 10.3281510306 35.0311118915
120 121 9.81302800317 43.0353675718
120 162 10.073592186 6.44127316608
121 144 6.33908117688 38.9714754039
121 122 10.5344440522 31.5752740438
122 232 7.63890957656 88.0813792269
122 165 9.62310600281 5.74739071231
123 132 9.8934920446 19.4189855135
123 141 6.86675561514 43.8887685369
124 280 5.72100654789 7.69779268463
125 137 7.24335904046 19.7037574719
125 132 5.43207423305 37.3078528
126 392 14.9128944971 30.6479451575
126 360 23.2746287334 8.85929902638
126 394 23.269836901 45.4536304825
127 279 6.43073613211 9.83025241301
128 130 7.31579573628 19.8011677029
128 131 6.04374235603 42.2877391395
130 137 4.83141873521 40.7410127939
130 138 5.56152490396 39.2042014349
131 138 15.6180559233 20.0532958366
131 229 9.82398223877 9.71249195624
132 133 5.55302832746 42.8582538966
133 143 13.6900699822 26.0608783868
135 136 5.47890889933 29.2386239782
135 178 6.00883056453 39.3172188857
135 140 10.9371213143 27.2838783805
136 137 8.0 7.54320886626
136 139 5.35941162097 28.2184209178
138 150 17.0160792822 37.4765317234
139 225 7.06843092953 8.70517087713
139 140 13.4010531653 16.5837920112
140 166 14.513547952 30.3272235373
142 144 7.36011933746 22.4063962893
142 148 6.80544475466 51.5344625906
143 161 5.07840836084 67.8382432948
143 178 13.4593902929 11.7449330901
144 148 6.02808282972 44.722399513
145 281 8.955701828 6.18566892098
147 148 11.2905672029 15.468714681
147 149 7.73434178024 38.4882467056
147 151 10.3251096063 37.1061383917
149 150 14.5022565116 36.9024630665
149 191 5.38282565646 94.2072324286
150 189 23.285538784 21.2929492782
151 152 11.8886376814 12.498410969
151 201 7.45710081635 51.2249938995
152 247 4.63517469148 65.4767309328
152 235 11.3225067176 51.5447790701
154 155 7.10346928464 17.7973023799
154 156 7.75634949228 27.2337869043
155 157 7.17151952951 10.8532449109
156 158 5.21037690814 21.8368751999
156 159 4.13171312586 44.5598701838
157 320 5.97607314132 12.8655032574
157 158 5.65204259804 18.6299049716
158 159 6.01658955716 21.5966203872
159 160 6.54624632703 14.2961335778
160 344 7.31756951019 42.3063762543
160 161 7.93099212646 7.49416439638
161 163 7.65318273494 28.6813018346
163 172 6.09115036198 44.6173985496
163 164 7.56117342658 50.0601173382
164 170 14.5797555712 38.8257496662
164 178 14.1377271318 25.990829386
166 357 12.0843601227 17.25
166 189 19.613869266 40.0634757066
167 287 5.8597775749 14.0365476294
168 170 4.12019837029 32.5315405871
168 362 4.12132024765 1.77200451467
168 173 4.5654397977 32.7408446113
169 170 14.442889756 32.7893985626
169 171 16.6730386666 15.6605587877
169 175 6.71420896536 52.9002658917
171 186 11.1834003449 37.065339503
171 190 16.7762668275 22.0609910269
172 180 6.36944687858 60.0585035513
172 173 7.61168258675 8.38243672006
173 174 5.55927102345 44.8273194746
174 176 10.5989854202 9.14509605588
174 175 10.1032772064 6.48556088554
175 393 5.30573002366 14.8672582928
176 177 7.28812386298 18.0174497564
176 180 5.27382024342 44.8992518914
177 181 4.99946670222 25.9854691914
177 182 7.37578681577 37.7477151626
179 424 5.56106288017 50.1150449428
179 378 11.7063977837 57.3874853517
179 403 16.3586826069 65.7372351685
180 181 5.16806832077 36.1615664287
181 183 5.78534987735 33.1173168512
182 194 6.57307405003 59.7336485706
182 185 7.42988309054 42.9167799351
183 410 5.54069992635 11.0243146883
183 405 4.41004375445 8.71840643259
184 259 6.56722573948 32.1054670632
184 276 5.96331152218 57.1061141844
184 270 6.36102988248 25.6242183444
185 212 6.51109554206 40.0031248779
185 415 6.93629872851 31.7443841321
186 418 6.77215926636 14.2620943211
186 188 7.39645488852 37.7751240898
188 417 10.0623054504 4.46542271235
188 189 17.8145290816 28.2652242941
190 193 16.7096577839 14.7716861487
190 419 5.12302430088 26.0649270754
191 200 6.65165850121 32.9872564133
191 195 6.30489798798 83.4711389347
193 195 16.4677661055 19.0269215265
193 396 5.86980819702 18.4641544621
194 195 16.9048343769 19.3732880464
194 197 16.851210356 28.8272240102
196 294 6.69664869855 4.07842712475
197 421 4.72159865094 52.159066066
197 198 16.6466681796 23.2860019712
198 206 6.31361134828 96.9394577167
198 199 16.9783363342 11.8386021134
199 213 7.48229496283 37.1673579906
199 207 15.5617978174 28.641954368
200 201 7.69181408139 33.1556595726
200 202 7.50736369394 34.4175827158
201 204 7.46211750292 48.1800246228
202 205 6.17021459991 31.2520741302
202 206 4.79599987807 50.0177213244
203 208 6.66196228066 70.4495526121
203 204 7.38711849267 16.4564745106
203 237 4.03918910964 125.545423966
204 234 5.78015898363 40.5602932988
205 206 6.3755071247 15.4539647177
205 422 7.79419568064 15.4682031177
207 209 7.02287951621 53.6802123466
207 214 16.9938925745 26.7730095127
208 209 7.3433352713 24.9529460444
208 251 7.45146215138 41.2556953524
209 210 5.65617096038 37.7943178291
210 218 5.00915120392 65.8063445806
210 253 8.81962454577 8.95033331852
211 212 6.70653594929 24.0944104757
211 213 7.00726979906 28.5616349593
211 215 5.53875614151 144.482797869
212 432 10.9132686298 18.5291709065
213 434 6.20969525208 9.05499871862
214 435 11.8423051834 18.4814095783
214 221 18.9133720398 6.60018939122
215 221 5.4795186559 112.868401702
216 308 3.08791066221 14.7960256686
217 308 5.07248481592 35.4498725685
218 221 18.5472206066 14.734642851
218 222 17.1761603745 15.8718320419
219 220 8.06642674774 22.7338246313
220 224 16.736559897 25.3087387671
220 222 17.4613932697 10.660774039
223 224 18.5414567525 26.5396566996
223 226 6.63056282172 91.3310173896
224 264 7.58325512515 70.7999669356
226 227 10.1908733517 27.3541190696
228 301 3.83029923872 36.01723363
230 324 9.47743988037 6.77421582178
230 325 7.15571914738 23.7754068687
231 329 5.05916716327 67.1300802318
231 325 4.66171104349 32.4520999893
232 233 6.14278643785 17.4047136816
232 235 5.59993566133 41.4636151941
233 239 6.85106420254 40.5920796739
234 236 5.98041642469 46.0704454182
234 237 6.49994392599 43.2180566258
235 236 9.99045712548 28.1006903744
236 238 10.4886923153 35.7479855305
237 242 5.58444476334 60.7479033981
238 241 6.77834310079 37.3483362017
238 242 10.3386379691 16.4490535148
239 241 7.58673391866 17.168370314
240 331 5.04184850383 10.0660022422
242 243 10.1385063392 24.5979324445
243 244 11.0104146897 23.5731773796
243 246 6.62255715046 26.4357547474
244 248 10.4542833524 13.8186291049
244 245 6.78746742093 49.8803568485
245 267 5.70853838219 27.5011971558
245 255 9.65806202846 21.7105566889
248 249 10.0238437721 12.6853812489
248 250 6.087837179 27.6547528037
249 282 9.61446587724 34.2109101575
250 281 7.61511606168 32.6627080691
251 252 7.98455169498 17.834050222
251 254 5.81064300917 39.1513822376
252 255 6.70687851481 22.5614803418
253 254 6.51181616629 18.2783102688
255 257 7.52927435861 49.4913376259
256 305 4.66005320902 11.4612057271
257 259 6.80008273795 53.2590508963
257 268 6.200834479 22.3147874456
258 305 4.58113861084 5.56619259458
259 264 10.295630455 5.59016994375
260 261 18.5008134829 16.5364374765
261 265 18.5504471898 16.6061813225
261 266 5.35575592178 49.9887028056
262 316 4.47811220123 14.345214892
263 264 6.48585325989 20.7017380291
265 324 7.10881389733 61.4306540126
265 326 18.406286073 37.5224364557
266 276 6.32331642309 24.6287160267
267 271 4.03496283798 29.1959790074
268 269 7.32699888129 28.0682791287
268 271 6.52773966061 41.7797416723
269 273 4.36050845207 36.4163981267
269 270 5.63925475188 17.8992658878
270 274 6.29752933778 38.9474018168
271 272 6.08385972444 18.2238996245
272 273 4.98901321295 71.3793810183
272 282 5.82420616504 34.0502930805
273 288 5.80955926554 17.8171481432
274 288 7.10151369029 36.4775300234
274 302 7.33800929249 51.1430394814
275 307 7.10977220535 7.39797269527
276 278 6.45151727158 35.8698136092
278 280 7.83020724025 22.5490307836
278 302 7.20970473838 24.9313795507
279 280 7.18233221377 19.1883068054
279 327 6.61680043965 54.3009856502
281 283 6.53148519507 27.4129933657
282 286 9.15410252164 9.05230372844
283 284 6.33158271889 16.4573598131
283 285 4.17977268012 17.290573117
284 292 3.51421341289 18.9703975852
284 286 5.45747712236 23.566275077
285 291 5.96638329218 91.7901447742
285 292 5.8685449224 18.9380325742
286 287 8.96272801973 19.1265642229
287 290 9.92442893982 4.06970514902
288 289 8.63352838574 6.50774442385
289 293 7.20021564747 49.4573185463
289 294 5.36160484183 39.5452222327
290 291 7.99423368357 23.6563944844
290 292 4.79357428874 30.8785505701
291 293 11.481326408 10.7130613051
293 295 10.6125463058 28.3646138323
294 301 5.38641451348 16.9203622462
295 297 10.6679916045 44.8732680504
295 308 6.42014105787 50.1289457702
296 310 4.98412443498 69.3152219259
297 298 11.6427331125 10.8050824745
297 315 6.52141011695 57.2253370753
298 316 9.24543744147 51.8946744783
298 303 7.32072337987 46.307559867
299 313 2.92080974579 3.96988664826
300 315 5.3853823038 14.8276768241
301 303 7.40848539481 19.3907350641
302 306 6.7480604518 30.2583251381
303 354 6.61877784628 29.8021112745
304 313 2.97448081506 15.627009859
305 310 5.25080283254 39.6776598065
306 354 6.89976618553 29.8075409742
306 307 7.35888568203 20.7143097088
307 309 6.97819740011 31.0774002277
309 312 5.3908343469 60.9106108961
309 336 6.35631615792 81.2544172479
310 311 6.81707569366 19.5595345376
311 312 7.40238110754 30.8725201433
311 354 7.52911271958 48.5483020605
312 366 6.6990782281 33.1092434922
313 314 4.72358512878 7.50149985003
314 315 7.9532613712 10.6493210843
314 318 4.56542222461 59.4613589524
316 416 11.0256029435 33.1089735713
318 322 6.59169411879 70.7809458337
318 319 9.59779991628 11.6165834067
319 416 5.21130714802 37.6655631777
319 323 6.13252183813 9.0956778592
321 416 10.1624971778 49.8769894205
321 369 10.2126557918 26.9523541273
321 322 6.42979414281 35.1889113773
322 380 6.98634076451 39.3970811102
324 326 4.5797441872 76.0115253741
325 332 6.29276842009 33.5196957027
326 327 19.3036378797 15.9605204765
327 328 19.4824612291 24.071442673
328 339 19.4311624209 34.6794558607
328 332 4.53402556422 86.4762454616
329 330 7.55794669534 10.2588982894
329 391 5.8541021347 3.25
330 331 6.59580741551 20.9590259184
330 332 8.03112888336 13.8032604844
331 335 6.60678927997 26.7562989034
333 400 7.0413813591 4.83735464898
333 401 6.69258213043 6.26418390535
333 334 7.59402750608 8.80664571271
334 347 5.32348990177 17.4420293456
334 423 6.0 3.30340733183
335 338 7.3367647737 72.1289937073
335 349 8.00611590772 29.083335342
336 346 4.86074174037 36.0994341428
336 339 7.03814195463 31.8987288287
337 433 9.84112054917 13.7457066083
337 346 4.9590569502 61.9862295903
337 366 6.55336801394 39.2112048271
338 339 20.1398002427 13.9160369681
338 340 20.1950928517 24.5674627249
340 346 6.27792869931 35.669295505
340 343 20.4233906039 29.1975788265
341 349 5.48946742401 39.0972599784
341 342 4.5 1.95
341 343 4.20773187649 43.0265034601
343 345 22.0979667162 20.2565327285
345 433 6.51975135643 79.2448319804
345 359 22.7456827831 15.4328806773
347 348 4.74463696667 48.1951075942
347 398 5.0944513729 9.8571469173
348 353 6.92541904465 50.6850321287
348 350 4.53100240288 41.9617981026
349 350 7.43645655562 20.1556443707
351 353 7.64473039833 45.2228371512
351 426 4.42874552997 36.3155816322
352 420 5.92920684814 11.0435501538
353 425 11.039204017 31.4783903297
356 427 6.89141155121 19.3578010273
356 428 3.33568891082 26.3148507393
356 359 5.90433537285 41.9807848098
358 361 7.28327148761 37.9213888854
358 429 4.90690065305 15.4563037883
359 360 22.7350765382 33.3830211911
360 430 6.98169624933 27.874678724
361 394 14.2915012738 51.6817677827
361 364 10.3098248598 24.2245492041
363 437 6.40470315769 13.7058381721
363 431 5.21654395111 26.5224529407
364 365 7.102444918 13.4868656247
365 436 6.73339371191 5.28315953785
365 399 5.7308416801 29.4418099328
366 368 7.73550506046 24.4075807896
367 368 7.50256573489 24.6775404937
367 369 7.23073820651 38.1981326727
367 373 5.51101729148 50.7233940919
368 371 7.346955817 66.8349030821
369 370 10.4329264381 39.9102196086
370 379 7.57227375388 37.1812849719
370 377 10.9068162017 69.2757844022
371 372 6.93133906228 22.4687463718
371 374 7.28278202679 20.0435358506
372 376 6.85408850879 24.6448906592
373 375 4.4932114891 33.6468052884
374 376 7.19561777113 18.651675528
374 375 7.36859093724 10.6732432267
375 378 4.6943807777 45.0886755114
376 402 6.20191580354 137.77026003
377 378 12.8101268893 15.164409154
377 386 6.13833272483 69.1360351856
379 380 5.30302106334 31.4688131921
379 382 7.06980226901 35.4090383942
380 420 6.83552299716 18.7218339147
381 386 6.05618396211 19.2216478626
381 382 6.44946207156 19.7397613433
382 384 7.21791305435 31.1096448067
383 420 9.39935229314 10.5335236466
384 385 6.48895045586 26.5001049097
385 386 5.94797893316 27.0024059274
385 387 9.73277538683 19.9473392121
387 388 6.39063722268 15.365542525
387 406 7.57627439244 23.4738179305
388 389 5.77124247747 27.9884903822
388 406 4.26937159264 54.0089872379
389 409 6.07192633738 23.5828647545
390 433 4.92752457384 87.1377277421
390 392 5.74793064295 34.870930541
394 395 28.2702870545 30.3705606698
395 397 33.9406433105 31.7298361168
395 399 8.06827987318 49.8112957258
397 402 40.0570338505 33.1450542214
397 399 7.30880063881 79.8950424401
402 403 32.8176250998 30.4423513671
403 404 25.4954469179 23.5160851719
404 424 7.73203838951 70.7544517111
404 413 22.3598367666 32.175758319
406 424 7.9366632702 48.7617934453
407 409 5.67996236035 43.9920268141
407 411 5.19605970246 47.8275499601
407 412 6.981518058 25.1585182894
408 409 10.3644182134 14.5261310311
408 411 12.3314338505 17.0593075841
411 414 5.06978933247 74.525316136
412 413 7.61596311213 57.00587447
413 414 7.6371742936 56.8588603474
