0 1 2.82842707634 2.64196896272
2 1688 6.85962422877 28.712643644
2 3 10.5089324574 11.0502561413
2 13 4.94301028751 28.3685776867
3 18 6.25483325663 23.4900624102
3 1698 8.52675781042 41.3257374004
4 6 2.8540691439 40.0608393967
7 1698 5.83705716084 42.736232175
7 29 9.83056190548 16.3332600695
7 1655 7.91802827945 37.6959454615
9 10 2.11803388596 2.06518764281
11 1698 6.56361448305 33.6544530564
11 156 8.84318870635 32.007922797
11 1138 7.16162802504 13.6517652492
12 1362 8.34753772473 14.9800751131
13 1139 6.82060050964 4.26907484123
13 338 6.33895769454 34.3238405368
14 16 9.80660391006 42.0950910382
14 1695 9.2204216082 56.5268102472
14 15 9.26704203085 28.4464852369
15 33 6.0184279263 37.1287976957
15 180 8.60624867825 22.1551303317
16 338 10.573867457 22.2228997022
16 1141 8.86939851615 22.9790432022
17 1394 9.07841531293 31.8009823523
18 1697 5.71563117026 44.245815744
18 1687 10.352350235 14.9452333538
19 1692 11.1234301365 13.6655121109
19 1676 5.80354873455 26.5958808731
19 25 8.11581151083 38.5681090073
20 1250 11.05754928 5.55181950672
21 24 9.94372326329 14.1578811544
21 22 7.7292547226 11.4236596588
21 31 4.7410726823 50.648715288
22 28 6.8690537434 30.9887934251
22 117 6.81875892484 22.2582186944
23 24 8.8002851442 26.9409512649
23 1679 5.32670595755 39.8506158955
23 31 6.76550888848 33.5221625969
24 25 12.8150730133 12.6015872016
25 1679 6.4421447479 63.9047309296
26 399 7.16227769852 2.85043856275
27 1696 7.44053379073 19.4294037702
27 33 8.36332554963 23.8961451381
27 117 6.40810813868 31.0770649402
28 32 9.18322263236 56.6735500827
28 130 6.52233537019 21.2125814025
29 1137 8.57060432434 6.88839603972
29 86 9.68032836914 6.47012364642
30 401 6.81764659885 12.1617099594
31 32 6.81644364907 35.4836999473
32 44 6.36574656153 54.6168837415
33 130 6.81683010949 43.7503075696
34 1145 11.6622772217 13.86001443
34 35 15.2367203795 18.4712988897
34 41 16.1958070622 16.6999276852
35 1144 11.3762009254 11.2241012895
35 36 7.11391827284 39.4527901428
36 180 7.79194954469 14.6283058638
36 39 5.01900938461 60.2040538421
38 403 3.51115867995 9.64255956403
39 41 11.5144164809 12.7924736036
39 42 7.01842313419 38.5668605179
40 41 12.1025502139 28.3174274106
40 44 9.53985538186 29.93105085
40 45 5.90326711082 55.5792690482
42 183 10.0010934991 39.6788895273
42 189 6.62260080538 47.116996727
43 404 6.76825121746 7.28018028984
44 45 5.66287055845 34.8470579229
45 49 6.8972032007 36.0637091762
46 406 7.53112888336 7.70259696466
47 413 10.8206962629 32.9546484587
48 562 22.9411487579 46.7888875696
49 193 9.69906833724 40.964372551
49 189 6.52297844579 28.6898789192
50 699 11.8263714021 35.3284186609
51 1146 9.24308490753 10.4543053332
51 67 7.76883917922 48.1657993543
51 1491 12.3660783768 9.76242797669
52 55 8.59442197598 31.0813815193
52 53 4.94975094714 26.7608535236
52 1493 6.8433174823 41.3268360853
53 57 5.6620099695 31.9611839922
53 67 7.68660289792 32.694499379
54 56 3.49696746264 69.3290898127
54 1499 8.30345883169 49.7120186682
54 1493 9.81600952148 6.67270559818
55 62 3.20288913073 16.2722655141
55 63 6.77988087727 20.1031172443
56 75 7.0 5.58323382996
56 1148 4.5 1.72409396496
57 60 5.87682528832 43.2552961148
57 62 5.93980734115 21.1860874129
58 1624 8.49275584036 98.0935673309
58 59 6.58993942025 39.8272158697
58 60 7.41513171058 8.34035895632
59 100 6.47870826721 19.5674474574
59 76 7.62514881744 27.4023610722
60 61 4.18224086767 27.3099761694
61 76 8.80342526219 41.6495427689
61 66 8.59083658992 49.1897007707
62 64 6.38217776949 34.5298199832
63 64 9.34679979434 25.0137128012
63 75 9.33326079806 16.1003520103
64 66 6.52466381498 36.6941499777
65 416 8.48087349455 21.1019366395
66 72 7.40940814225 20.9518478156
67 1620 10.295928344 21.365358234
68 103 5.48064426747 32.0105044856
68 69 8.1795793529 48.4688772753
68 1503 14.0508423386 41.8220341515
69 99 9.13429114761 25.6985862824
69 71 6.9109454793 61.8684041401
71 73 7.96801743821 108.033922275
71 75 5.21652968692 64.6201586496
72 1153 6.29162933636 16.5450431678
72 82 7.83839280011 98.0791163034
73 74 11.4587786376 28.4558275488
73 1156 9.02610707527 7.5183670202
74 93 18.8042701503 20.6253540011
74 110 18.2569241084 7.31216248166
76 79 5.29375637418 32.7652641593
77 1160 11.1340654083 20.679785125
77 85 19.635785956 17.1416082328
77 1653 21.3479766846 8.21416459538
78 1272 6.35339227712 37.9733839409
79 82 4.4169653819 25.7754718954
79 1647 9.93177787577 38.9524852225
80 418 6.83159906786 29.6176066337
81 418 6.77200174332 3.52278299076
82 83 8.45482154106 34.4616329264
83 85 16.8875367781 34.5990340703
83 487 17.1949354313 20.8150061924
84 416 6.443612251 31.9866692288
85 158 7.40247107705 127.372020987
87 419 8.74341583252 5.06013833803
88 422 13.4273738861 22.7266363547
89 92 6.55581987087 40.8168631424
89 1165 7.13819277897 45.5315559168
89 487 7.06964825018 80.2925804306
90 91 19.8782946758 17.4360230746
90 487 18.0814534131 11.7261160434
90 1159 10.3271090178 20.8922945124
91 92 22.1481589307 59.3934949378
91 94 15.8666475071 30.3680822667
92 93 21.9551832101 37.9022024448
93 131 6.27845967174 53.7393236475
94 96 15.1842549403 10.4501917226
94 1167 8.76696968079 14.5773797371
95 96 11.5239986171 16.2111367164
95 515 6.79375895657 72.2844128315
95 173 11.6857781395 124.244215157
96 1168 10.144489568 19.5508121701
97 98 10.9054260305 20.3512525962
97 1166 10.2103095252 70.7834667761
97 135 8.82286551234 76.1923267956
98 1170 9.10555076599 8.23771813065
98 204 7.42366102717 50.8669824907
99 1176 6.39445972497 5.66227766017
99 105 5.89899717225 22.9665856158
100 1626 8.57639436264 41.5188244603
100 1102 5.06449508667 6.29682459657
101 1279 5.35554689721 28.5355179845
102 1537 6.52013506959 56.9561017193
102 926 7.90132469749 12.4548252095
102 103 3.72861265289 15.9172711675
103 104 6.79509363482 14.2424396602
104 105 8.63214725861 21.2263708326
104 106 6.0001062153 60.5168184442
105 106 6.46140408525 26.3943610668
106 109 7.3198283309 10.5432085008
107 1173 8.27315802582 51.919211866
107 118 7.77712630284 59.0064079551
107 1543 8.00081081533 58.5660527927
108 109 6.26719665527 15.3442171517
109 115 10.6866465885 38.4734324367
110 112 18.1354515826 24.173700775
110 114 6.92808389697 37.8601120128
111 112 11.1434687328 17.3019136732
111 1177 6.44201189839 12.9304262889
111 1178 7.08016493037 5.77190248364
112 113 20.1655417437 18.8390308815
113 115 18.8808686005 35.7036648808
113 701 9.33531341817 24.1754007206
114 131 9.64420542208 23.3748719831
114 701 4.60507713229 30.5560250124
115 120 20.2906370222 73.7194300594
116 445 7.55208588522 7.02607993025
117 130 7.84674779394 16.3540025329
118 1558 7.79446168528 78.2055980389
118 119 7.91777511236 46.2546098151
119 120 18.9001978623 19.9368502977
119 122 18.8913332908 43.0064359465
120 126 6.11703777313 26.1919835064
121 1284 10.0142935818 11.1722046579
122 123 19.4472917804 20.2172623177
122 695 12.4276786962 22.3902350502
123 696 16.8274438408 28.9956463779
123 1559 7.14484536235 58.8004854732
124 695 6.21644877868 30.7643885364
124 702 10.8166542053 4.42295150324
124 127 5.00825744139 24.2529911432
125 126 7.30856656576 41.6299048643
125 1182 8.43196642389 4.66908780639
125 142 5.69578572955 43.50975674
126 127 5.35973325936 46.8518848126
127 129 4.52044182464 44.1692779432
128 129 9.62310600281 10.2078401241
128 1187 8.04951000214 9.18368117913
128 143 8.51492230268 49.4869824043
129 703 6.62391933916 32.9045130875
131 136 6.92260914579 111.821983396
132 141 6.67135711976 88.0432550841
133 442 10.8259830475 17.1482506396
134 1289 7.75719405007 13.6871254258
135 136 6.73049757002 10.3361211141
135 138 7.83667990341 47.2059832181
136 1190 5.54870380483 16.1488436639
137 1194 6.62310552597 8.90126395519
137 139 8.87813405674 21.8509450112
137 206 6.85877539729 18.1267758536
138 140 7.72985419184 52.6851969962
138 149 11.5502305683 19.7241603588
139 140 8.03112888336 10.4510764996
139 1193 5.91571668203 20.4816399902
140 217 6.50938403688 44.1599492971
141 701 7.46427926563 80.9305597112
141 142 5.73580447352 24.3650356075
142 143 6.39509972787 11.5475205203
143 146 5.20126612563 25.0438152567
144 145 10.8178400156 8.66082679831
145 146 6.18932122491 36.111514315
145 1197 5.62509502608 12.4184397724
146 722 5.30455573995 70.9056735747
147 1292 7.70976061904 13.154478138
148 1200 8.29134834011 15.6417896692
148 153 12.3359354219 20.4162810578
148 726 8.09863891195 27.9249762978
149 1192 8.49433779022 33.484144867
149 151 9.59565686921 28.6114051802
150 152 7.35234975815 19.9730443348
151 152 12.852350235 12.94681428
151 154 6.99519304389 73.4141993733
152 1202 9.40582909915 20.9439127831
153 1204 9.33852130147 17.1018494547
153 1203 8.41403568351 15.8153713191
154 1205 5.59753911011 5.05772069888
154 222 7.11741896216 44.8248689168
155 1285 9.42759772076 12.8664217205
156 157 6.46627463518 28.2043023017
156 158 7.72421561678 41.7353470885
157 1207 12.5616177869 12.7826501353
157 159 10.2829224257 32.9994660544
158 161 7.8142127686 28.3741149563
159 171 7.65791829125 47.0224586917
159 165 7.43020585561 66.76173093
160 455 6.59650490548 25.8531100321
161 515 9.00422949653 19.0356694689
161 163 9.40918279602 33.2542389878
162 1300 7.71387563619 24.1773015896
163 1211 9.10816907751 11.6251106798
163 1209 10.538311356 31.7151780178
164 441 13.8011627197 16.2130348794
165 180 10.3808271123 64.9234788593
165 166 9.85371715998 27.5814972126
166 167 8.46847919087 16.6821445782
166 1213 7.45729720525 20.0310014737
167 184 9.95555550168 48.3991617856
167 168 5.21181341587 53.9282902296
168 169 11.7777738475 14.3276081013
168 1214 9.0 5.31507290637
169 170 12.5064020157 8.29759001156
169 1215 9.76380042972 10.3880673193
170 171 11.9392928235 19.159067609
170 175 4.54408881308 84.8011345155
171 173 8.92171799161 71.7896309651
172 1304 5.61645985837 29.5556982252
173 1037 15.1543953215 14.8915619593
174 535 6.11336820509 18.6421611175
175 177 6.14090918386 36.1613516197
175 1037 10.5441389365 40.3637295745
176 184 10.0998460961 20.5157564146
176 196 7.6301435269 28.9993000152
176 1222 6.79665265301 13.5347401765
177 196 5.56219939032 24.4599049842
177 181 6.55937986739 14.3802170585
178 1129 10.6364301049 89.7305198034
178 179 14.944172949 10.906145371
178 181 6.80793684089 45.2519752806
179 208 9.43308787431 64.2548096242
179 1037 15.7948036194 15.606489035
181 199 7.51601521601 108.652533891
182 578 6.36396121979 10.3195203377
183 1225 6.29276481566 23.1755182184
183 1226 8.87357555845 31.7838271636
184 186 7.66507127293 38.7991934671
185 186 7.4912044053 10.2655194769
185 188 5.48934841208 21.1037254953
185 197 9.09869339137 24.03607762
186 1228 7.19258213043 6.06011551045
187 192 6.59317783794 35.0527459662
187 188 7.35242341014 25.5467590555
187 1229 7.7292547226 5.03314017289
188 1231 5.19666944288 14.386995135
189 190 8.86432786276 30.4179557399
190 193 17.1634169653 16.4694060322
190 191 19.0131492615 16.0876505432
191 192 18.1129106965 8.33942990517
191 1232 12.6622772217 21.6390850084
192 195 16.4958747732 12.9108321315
193 195 7.43513089479 93.7097145004
194 1310 8.0811084807 16.6996385679
195 201 18.6506629399 49.813538797
196 197 7.38199163558 42.2988950839
197 198 7.82773176787 40.2529739402
198 201 10.0132869095 36.682761619
198 1234 11.2941183878 17.1381807843
199 200 7.14179027574 17.7546708232
199 1129 7.74805776764 35.5085904097
200 235 5.50197488537 37.9949589484
200 1235 8.96808579711 14.7075012861
201 203 18.9954896173 76.5309323479
202 235 9.22912383909 38.3586012887
203 1236 8.35282761563 19.6750246306
203 241 9.20824882537 40.8827592024
204 208 6.08474007963 53.016425051
204 206 8.95020683997 24.0033199752
205 1304 4.69551001703 26.6472353973
206 207 6.48382592444 30.1148653902
207 209 6.23975159443 22.9972754895
207 213 6.38910503972 99.0556869861
208 209 7.62379384053 13.5606953101
209 1242 5.67730981933 26.0676678579
210 217 7.8178383154 10.5274711377
210 1253 6.55018154706 31.9653279778
210 1239 4.41784538977 14.9457321368
211 1241 9.29636817362 11.0521771446
211 1243 8.3093584518 6.37375747879
211 212 8.56344263199 22.7852636845
212 1244 8.97091964279 12.8470027766
212 215 8.05820426321 81.1343322346
213 1120 9.52624545026 22.8387308522
213 1245 8.53553390503 6.6258961658
214 474 7.62610340118 9.58188394837
215 216 6.31564586224 15.4418566756
215 1246 7.14640316515 8.30037925627
216 225 7.92691720232 15.3075026439
216 237 5.02409207645 31.4206463615
217 222 8.9267503559 47.1362149814
218 1324 8.14040088654 6.84269683677
219 1257 9.13746452332 4.03112887415
219 1118 8.41964066998 10.5905913815
219 1255 8.0276927948 8.23969052817
220 1314 5.89414453506 3.04795013083
221 1259 2.79491880181 10.0051823426
221 228 4.83189570595 18.2205607811
221 815 5.66895623405 22.6814041293
222 1118 6.68820007658 26.6247295066
223 468 6.11843511747 57.9321268781
224 1327 6.36384010315 15.4547727256
225 227 11.0896096171 22.0278333659
225 1124 9.31345176697 6.65676347785
226 457 11.4442720413 25.4607541129
227 1120 7.49527994005 43.722323373
227 1127 6.09529210548 33.4136555665
228 1266 5.82386296822 7.13666562565
228 1267 6.63094808924 6.14332607254
229 477 14.1622772217 24.1867732449
230 1329 9.66723235056 16.1319412725
231 1127 7.8792681694 24.8083151383
232 478 5.70573880491 24.4539485061
233 1129 11.9555073954 24.6234136545
233 235 5.66733715301 59.9502931705
233 236 12.7290010452 9.82153246698
234 1332 8.26838738179 16.386250121
236 237 6.84566669105 55.5484578831
236 239 8.34857810271 52.7047058602
237 238 7.97213602066 3.36340601177
239 251 8.34969907112 46.2361637236
239 247 11.1226774085 38.7408177287
240 1450 10.9761924744 10.6075444849
241 1298 7.8072748527 52.7670651293
241 244 6.02864237638 87.1903065916
242 1284 9.91600367037 15.7839154525
243 251 12.1851856182 29.0998281782
243 244 7.67621925421 38.2961947456
243 1301 9.58628853543 25.6888545319
244 254 10.07797201 60.6374106913
245 1335 5.6044599961 11.0387429484
246 474 7.58040397269 20.3908196826
247 250 10.5084266109 33.3744832125
247 1315 9.23641109467 7.90569415042
248 485 8.13006422845 7.80184358195
249 250 7.28002042874 55.0290429167
249 836 11.1767090713 10.4546652026
249 1325 8.09016990662 10.4073291482
250 1321 12.852350235 5.81485167481
251 252 8.3456101148 43.7424902655
252 254 9.1735547117 15.9893074094
252 255 6.97112365653 41.0020401954
253 1337 8.51498559768 12.7250704534
254 842 6.95338312898 63.178433921
255 1328 8.33596905392 18.0814598761
255 842 8.96998433335 37.3502459612
256 1353 9.50827026367 5.15388203202
256 259 9.18366254606 81.3768416401
256 1415 12.5013220129 56.6645468714
257 1339 6.77556193674 22.8819255178
258 489 12.2154397964 17.9600250557
259 265 10.1090330041 35.2824358701
259 266 6.71673204826 37.0005400135
260 406 7.60013449793 38.0553604396
261 262 3.90121502153 8.83658807997
262 265 6.24903150378 56.7690748979
262 1417 2.82853161374 13.5163550675
263 1341 9.34225488972 12.2304850815
264 281 8.51194721491 54.9755866738
264 1363 7.66650994543 16.2432703726
264 268 5.38010880308 31.3967680838
265 267 8.79993714102 27.6209820481
266 267 11.4531980898 17.5391582726
266 278 9.50876426697 5.55
267 268 5.76447922626 36.2438533305
268 282 7.98959074094 57.7484551656
269 496 8.73410511017 12.976902558
270 1420 8.81495032704 22.3910304244
271 272 8.85132875628 20.3869185278
271 275 7.42706548787 29.7297247121
271 1383 8.24341583252 5.16236379966
272 273 10.1345092939 46.2076017567
272 275 8.06916707079 74.7781212777
273 316 12.2866955193 61.9832965998
273 319 10.363401843 74.0787017834
274 275 10.9452266693 6.5192024052
274 277 8.29743468051 22.955165814
274 278 5.48035216339 25.6590677988
276 283 9.94205725845 25.0340893437
276 315 5.60397005444 20.6029697822
276 278 5.47681726788 48.097252732
277 280 10.1003188036 60.339572412
277 1403 6.92718042228 14.5936787949
279 280 20.7526484887 20.781971676
279 1501 8.40584239322 55.4452631016
279 302 23.5976160201 15.66311603
280 319 23.0675315063 31.8388610319
281 1442 8.41973425581 99.7878079425
281 1407 11.0277061462 14.1567121889
282 283 10.035533905 14.1902255091
282 285 7.87894831155 66.3951437454
283 298 11.5504590442 23.9654759959
284 1348 7.72305450158 31.6003189107
285 1409 4.73702575825 27.9787127848
285 286 8.12048524118 51.0474332399
286 300 8.88041748239 28.771848168
286 292 24.413684845 18.7566654819
287 288 9.16306568834 86.0289682669
287 1443 11.6805196814 53.8785931756
287 1180 12.824555397 23.8504192835
288 369 5.67599489593 27.0660766043
288 1445 8.86376708674 22.9121601737
289 1347 8.34937763214 10.3324730825
290 1456 7.61269404757 8.22022650739
291 1457 5.79580059192 18.0300252407
292 1180 21.5061759949 25.8200019365
292 293 26.3380949596 22.0063557134
293 297 4.28440113439 42.2247487076
293 308 22.6832923787 40.8354919765
294 369 6.38625695102 42.2575812695
294 1430 6.94633306865 10.4455811166
294 295 8.23522729028 20.5002632069
295 297 8.46759352866 25.2270791959
295 379 7.12362343663 31.1790246236
296 1351 8.27853107452 10.1796365358
297 1180 10.0716132818 53.9328957538
298 299 5.42654296142 26.8397218372
298 300 5.63590211323 35.2052678109
299 305 6.54586001566 54.9163669653
299 301 7.20515993046 20.5377487246
300 309 4.88902867214 58.6870165837
301 315 8.02249504694 19.3880429771
301 303 5.61414619993 28.6586369357
302 304 21.1533351133 26.9615609566
302 303 15.3359575272 22.9651910508
303 1404 6.13185932018 17.0762993649
304 305 21.4398393473 19.8964137407
304 307 6.09940821073 29.5993210339
305 309 22.8381488187 49.5239836761
306 1339 8.24824224338 38.694687514
307 1458 4.3573884964 1.84458667457
307 339 5.6493130439 61.5122825737
308 1196 21.0240211487 20.3549748219
308 309 24.3932354223 25.7244048179
310 1355 9.46474075317 9.78276545768
311 513 7.83208349283 29.8048938179
312 313 7.63790805505 23.8969112634
312 346 7.95533879719 55.2296906388
312 1196 11.8186473846 33.4530267689
313 427 9.45899037675 34.9786856061
313 382 8.92983917255 56.3091875994
314 1356 11.1032772064 6.71006706375
315 1400 7.35473620999 8.36357324035
316 1490 7.18875471071 17.0935259696
316 318 12.389156748 39.886205953
317 321 7.91352986993 27.624296904
317 323 3.82708355212 32.6412706818
317 318 11.8784196838 20.0954621501
318 326 12.232314442 74.5972172216
319 320 21.1274416077 11.4849887331
320 321 12.1383275408 33.4479072589
320 322 7.84226760672 45.9223225601
321 323 8.54745976771 29.5292784871
322 324 9.05497932434 7.33655232381
322 325 11.3553629376 38.5667819954
323 328 6.34354844773 26.8374091651
325 329 7.56127179343 32.6136350588
325 331 11.3186180803 20.3162154534
326 497 10.602305906 99.3164543735
326 333 5.91310524526 28.0926475122
327 1360 3.0 1.99060292374
328 329 5.43187681536 20.0784885078
328 330 6.72978029275 36.4655767708
329 330 4.39268619594 23.0724716616
330 332 7.14442590143 40.1414750386
331 355 10.3137326251 18.2104766918
331 332 8.88615389012 30.3669375617
332 335 8.23852333599 21.8734197594
333 1536 5.41547584534 3.09232921921
333 334 8.08866922241 21.8597966503
334 336 9.58387889225 44.3015634834
334 1539 9.92941199871 9.94685666769
335 336 11.566644088 16.5179366658
335 1584 8.43947179434 49.4380613362
336 500 11.4477624795 26.8897730043
337 1387 8.79563256008 39.3530003863
338 1136 10.4451731669 5.93001128667
339 340 9.98991920454 11.9290184845
339 341 12.2159489297 22.9759385476
340 345 11.1771268325 42.4010613075
340 343 7.45398902512 35.9654725794
341 346 10.5770982453 27.0171405607
341 351 7.09462927564 53.5903525262
342 345 11.9333314896 9.21954445729
343 344 5.29126682699 23.6773366107
343 354 8.56518351181 34.696410147
344 351 6.39825509072 34.3719479997
344 356 9.59180583779 15.2806275662
345 1515 11.1321687698 15.5442915567
346 347 11.6239492953 16.647523047
347 352 9.90874096739 48.4690002563
347 1573 8.68334960938 8.40951841665
348 1376 9.16239919941 18.4771242451
349 352 8.0035510468 39.71085339
349 1172 6.78687720057 9.15379486484
349 350 8.48019965405 22.6873935351
350 432 6.40146246756 31.1092769976
350 427 9.5722844609 30.1391835521
351 360 11.3427238676 47.3000799788
352 446 11.4814271211 47.51129767
353 355 10.8360977173 10.95
354 355 8.47566366396 28.5290463803
354 356 7.43013994723 53.2544781062
356 1587 10.03620865 8.35014998266
357 360 9.71015131805 66.1677343913
357 358 10.8486919403 5.74826060648
357 359 9.40576037248 22.9516667408
359 527 8.64921753677 43.4399059296
359 501 12.0580080669 19.4810366246
360 361 15.0 10.6164150791
361 1220 11.0 14.8492424049
361 364 12.3727877075 19.1619266755
362 448 4.13463816722 25.4191445038
362 364 6.1468633572 33.7847408497
362 446 6.28368293255 32.2447665719
363 532 5.07916507191 37.0408097264
363 525 10.2169904709 7.50266619276
363 365 9.45227877508 30.4808726326
364 365 10.614055065 24.0002416859
365 448 7.29724541362 50.6342964224
366 543 7.61612019756 20.2931072986
367 368 7.11221152703 26.152700441
367 369 4.53970906148 28.8380535433
367 655 6.2727969354 3.52318907202
368 1449 16.0525920618 18.8116488615
368 371 16.408305656 18.9041365068
370 1625 10.3559320255 24.9095637206
370 371 17.5 5.92659161542
370 373 17.1074612451 35.9733596802
371 1252 11.5811154105 19.1581269895
372 379 10.0860900772 30.0002941921
372 1627 8.61549611109 12.269210833
372 374 12.2743013011 14.4506596675
373 376 9.52919798021 49.1065364984
373 375 18.5 8.48896342318
374 380 6.64078130771 28.3609895317
374 375 9.91166934036 30.0205024331
375 385 16.4557613865 55.9658025228
376 1648 9.85215217578 17.5899652065
376 378 6.44331459501 57.2156633991
377 1378 8.79150645182 5.81177856589
378 387 8.97124235334 58.7323413716
378 1421 8.69286667147 16.9899353743
379 1196 8.68101430204 78.2535774836
380 382 9.12350706392 65.3231549333
380 381 6.63485381766 78.6020642741
381 384 13.65832321 10.7015854223
381 385 14.7746839523 15.3793692979
382 383 7.39386860483 31.6509085561
383 384 8.20292113105 59.5070087507
383 426 6.92769584715 33.224700591
384 390 16.9891209582 28.8849316099
385 386 8.28095679983 30.0281539747
386 387 9.40913023383 38.8480653991
386 1678 7.8817949295 7.51864349467
387 391 5.0234490406 59.6487610336
388 1382 6.26719665527 5.8463663929
389 436 16.7397536903 8.58326192028
389 430 8.37301469518 50.4250977411
389 390 18.8517684937 16.6300932048
390 391 10.8070407547 30.687062054
391 439 5.06098235138 58.2587110759
392 414 11.4015512466 11.7337121151
393 466 6.2214657294 74.6209846406
393 414 12.3439773913 19.2411484122
393 439 10.8856337983 14.5072157702
394 395 8.64035465067 27.7862473047
394 396 13.3052626365 12.028861034
394 1525 10.3977752073 43.3746742014
395 1525 7.82735534967 112.580515844
395 407 8.81589248492 45.2882981452
396 398 8.99329475463 28.6415413953
396 399 5.98769009762 33.7860579744
397 408 9.39429504239 27.5367049355
397 896 5.37800146216 23.0890212973
397 398 9.65716648102 6.34547082572
398 401 4.8150143433 42.3281341146
399 400 8.96410132579 18.9443524287
400 410 6.94028625557 48.2970868304
400 407 11.8530165815 17.0156417619
401 406 7.03036462907 30.6449863762
402 546 9.21127901318 7.82136654501
403 1553 5.6309836492 39.6814999035
403 404 7.7256402076 16.2485961656
404 693 8.03855380944 84.0152786922
405 1384 8.91098948892 15.4601193509
407 409 8.08566587217 57.8235144828
408 1553 9.67194125375 67.4424463105
408 1550 5.95893599337 30.2568535604
409 410 8.96443553716 63.699802571
409 414 8.98848448479 54.2386527439
410 413 9.32200494492 22.5197089192
411 1388 11.1198167801 6.7915388536
412 1388 9.13014793396 6.29483915601
413 419 5.81355231554 45.1407278964
415 1395 8.07292006643 7.98835089169
416 473 7.85638271518 144.242386777
417 952 6.63850430493 48.8324570679
417 1162 8.15569231217 14.8932249751
417 947 10.4296335531 8.16575679868
418 421 10.0525284259 27.097232331
419 424 4.65480985543 49.4274997402
420 551 5.79147581321 29.1076040933
421 424 24.0344578918 15.2176551878
421 715 23.2354019499 21.5260628267
422 469 21.1914345962 31.6655220492
422 423 24.81224823 16.2168122638
423 424 26.7200927734 14.4848196399
423 425 12.7008771896 26.5041977807
425 713 10.2008771896 2.91547594742
425 471 4.78766507312 30.7050802505
426 427 12.6592359543 17.6681210093
426 429 5.87816442636 41.0834592875
428 432 8.46029756316 24.0672741982
428 435 6.71256157498 48.3839956449
428 429 8.28345190327 45.4533634438
429 430 11.221613314 22.2603753352
430 436 7.61124539814 46.5525668686
431 1390 9.19238853455 8.12711510931
432 434 7.48842727601 45.0013741817
433 1393 7.99647286454 43.360215994
434 435 6.32845602141 29.2660594182
434 447 6.65081242229 36.2330693536
435 444 7.87755298615 4.77624329364
436 437 16.1938802834 32.528396611
437 440 11.9605558185 36.4757560727
437 438 9.03112888336 13.9053946366
439 465 7.99023971784 25.1071574719
440 442 15.5205960247 7.68537816789
440 443 7.28263640429 37.8313936878
441 456 17.2487471317 34.5853940814
441 442 18.4714383518 11.9204575198
443 465 8.45745137965 42.9448413501
443 468 7.58868505484 27.6890312586
445 446 7.41510061943 25.6182750117
445 447 9.33759355596 36.8487554866
447 451 6.71758079727 53.9400890578
448 449 7.15610176359 25.6486624464
449 450 9.42442893982 7.5802374633
449 451 10.3530267558 13.3896128618
450 460 6.56507597286 47.8501258247
450 534 7.39638398091 41.8184376198
451 459 6.01929946643 43.0057380598
454 561 9.18901850741 21.7494827525
455 456 8.46923840004 69.0017264194
455 458 8.15815252138 47.5997276581
456 457 17.915937657 13.500032154
457 462 20.0595468406 17.684463835
458 459 7.54005547048 27.1909813707
458 462 7.92627951323 80.887090726
459 460 8.0966363974 17.8393685755
460 535 8.74084053594 16.3755580077
461 561 9.5526304245 35.1049854009
462 483 34.8017807007 35.0294162098
463 1379 8.59599749334 53.36368374
464 563 28.2131385803 47.6084288756
465 466 5.55903875706 23.2567657655
466 468 5.68586413712 36.7142115797
467 564 28.1496321427 78.1485149849
469 472 9.28446638895 30.4883536442
469 473 21.9796599839 49.8254633028
470 1392 8.38549719436 8.67889021833
471 472 4.56571841207 19.9088273981
471 747 6.74027985034 33.3510538527
472 476 5.93231332701 27.8074440014
473 477 20.1528357648 43.4020875272
474 476 7.63889744895 39.2927736829
475 762 8.28417504448 38.3263784205
475 476 7.00041652651 21.2751140819
475 750 6.28110662517 25.5112302872
477 479 23.8306623442 19.5914303021
478 485 7.20386539238 58.5811779945
478 479 15.6194295883 32.3045275465
479 480 23.8209694644 19.9112913183
480 482 18.3478707225 54.2102825319
480 495 10.7922984486 31.3178267917
481 1397 8.90512466431 4.19076365356
482 483 36.8729252906 43.4631864488
482 484 17.3244538064 57.6531601497
483 584 44.1043404073 42.3499702027
484 489 14.8685836576 57.9479717346
484 618 8.82934381003 46.5069622015
485 486 11.8323439114 11.8340404004
486 762 10.8257271305 58.2895425513
486 491 7.35145264623 32.7689149254
488 1398 7.45157720982 38.94874383
489 493 17.7809156016 10.6075527678
491 758 6.38062180259 51.2453201094
491 493 6.87022468728 40.4734278149
492 624 8.38618300178 50.8252102368
492 493 15.9695208101 22.7050059548
492 494 16.620880127 9.81147287618
494 904 13.2756118774 18.6161891911
494 757 14.7479132706 23.7434559037
496 498 12.5632048084 25.9207753919
496 500 7.86737980575 42.6352469698
497 498 7.63175875314 23.5594407844
497 508 9.8109353636 54.7695191778
498 503 6.92484604138 63.1602764856
499 505 11.5040879259 43.4048401652
499 500 14.9692562716 14.6436774788
499 1199 9.75619957493 23.552093463
501 1592 10.6543899617 19.3883976686
501 524 7.41440110791 42.8573914511
502 505 8.31200462201 27.5518573442
502 530 8.58003237964 60.0634298036
502 524 9.39091409263 10.0849585561
503 508 6.97681312655 51.6102909042
503 506 12.1158084869 14.6735305908
504 590 9.66293621692 41.0876964296
505 507 8.90014308125 29.7965808965
506 507 9.23738589033 11.8675818156
506 510 8.50880082611 47.4705493165
507 516 9.60930679106 25.8323105141
508 511 11.3025856053 38.7736933133
509 1408 10.3639612198 9.33876330142
510 514 9.82788307083 12.1208296052
510 511 8.57843799205 38.180864636
511 512 12.4379447796 20.6473627072
512 513 11.7424001694 9.46533147861
512 514 7.57643079242 36.4788845993
513 519 9.29087012942 29.6946206922
514 517 7.08915510608 29.4757084134
515 1169 7.23073111654 4.2596012026
516 541 8.37219546024 40.8748750119
516 518 9.42126146999 39.2828443022
517 521 6.92185752372 35.2114272516
517 518 9.88046264648 12.3482792323
518 540 15.0298641618 15.3983149557
519 547 9.83029998774 100.687149398
519 521 8.60628844758 22.8720459668
520 1412 10.6174660309 16.8900457196
521 549 8.21854612174 29.374985409
522 593 7.70691983459 9.3546121601
523 528 9.67794103634 21.0624776366
523 524 6.29964505015 31.1756276893
523 527 8.04866735558 18.7934379289
525 1224 6.32970069332 21.3310255342
525 526 6.15903192617 25.3343835793
526 531 5.67574934023 36.3650539129
526 527 9.59902000427 7.00803110724
528 531 8.86803215168 19.5979456074
528 530 11.3551833354 17.9993059143
529 594 6.86897870111 9.72300818237
530 543 11.1893386841 6.72309452559
531 538 7.07398041174 33.1513870362
532 538 7.64628441865 29.3876335924
532 533 6.45445944558 37.1824326957
533 539 7.70546019078 51.1525552048
533 534 6.9570204891 12.4284815622
534 537 9.82325561894 16.6485277512
535 536 7.57464374011 28.5212458876
536 552 8.92448934414 147.259018864
536 537 6.51803041675 34.4225625278
537 1004 7.59674263 4.4283179651
538 539 12.1209276951 17.805344911
539 551 8.9324521766 43.3476719245
540 541 7.97143156122 42.6227383822
540 549 10.8310279396 41.0209726164
541 542 7.9934365231 26.8459078251
542 544 8.64995312775 27.0122048783
542 543 8.38741152277 24.3411875816
544 545 13.0 13.7071149408
544 553 8.95817540449 65.0359427472
545 553 7.16363466664 39.8287220313
545 546 11.4685724898 15.8561631835
546 550 7.53074891468 48.3668262884
547 548 25.9647509117 18.2344316247
547 549 12.6470985413 23.8537208838
548 579 47.4148779439 81.8083600927
548 550 12.7907390594 40.7371145272
550 631 9.48760301808 32.3967551908
551 556 12.5481131921 61.9368828923
552 587 36.6885790543 25.9494431173
552 556 37.1486258876 39.8947561997
553 555 7.11765422938 19.9064112308
554 1425 9.22015380859 5.32000939849
555 557 4.85221177821 68.795756061
555 631 10.3338185218 18.916497613
556 557 30.7133903503 13.8261527548
557 559 38.5232219484 60.1912237861
558 571 51.9786615448 58.8120868158
558 631 12.0135814599 68.8107296987
558 559 43.2409006762 25.2712124406
559 600 27.925875778 48.3706896657
560 600 8.90832710266 9.03230313929
560 604 4.39677090436 29.8196835478
560 605 6.28733889335 41.5327995118
561 563 33.527477245 45.5788663328
562 563 45.0313208703 34.3652680802
562 564 43.4614945742 24.1090532391
564 579 53.0684433851 77.1260112066
565 607 9.263548678 11.0480197441
566 569 9.6107577959 40.3553085958
566 572 10.7902452092 116.287256108
566 567 20.9245911987 25.838182885
567 568 11.2907916764 100.560358063
567 571 45.0947341919 50.6079292206
568 649 11.4235744476 14.6428310104
568 605 8.51129627356 44.5250640586
569 570 6.00350814419 26.6046711271
569 575 7.50936206166 17.8004633056
570 651 7.75661466439 54.679154547
570 644 11.5979608909 17.012365333
571 579 64.7657505172 49.4115543219
572 578 11.9675867182 37.1070003041
572 575 9.03772045745 31.2881895173
573 1429 10.4051246643 13.0096118313
574 1431 7.41343784332 4.15932686862
575 651 6.37561954775 26.478284344
576 578 9.87417602539 4.69707355701
576 662 6.75156314506 32.4343933563
576 663 7.87390683558 49.8221464936
577 613 5.23606777191 3.88329756779
580 1435 6.87647218067 41.6997902479
581 635 5.38593002098 33.8066570461
582 584 36.63242702 56.0364721677
582 587 35.5368098549 63.856247745
582 583 12.5192022324 46.6736810205
584 592 26.7658879324 46.3775353684
585 611 9.37254292497 13.8257790295
586 611 7.55641630203 8.49697775283
587 598 11.0852462106 71.8340721002
588 615 9.21178436279 12.5810373181
589 616 4.73580268389 6.44785670536
590 594 7.2728575267 22.2052817147
590 591 8.28371209062 26.1800466933
591 598 11.1692974946 37.327196955
591 614 8.94648384055 45.7652941617
592 617 8.3041915724 85.4732270758
592 595 7.81112328764 60.7049746983
593 595 11.0159502029 7.30154093325
593 623 6.56435643445 40.5062965754
594 596 9.35769048006 27.7650340447
595 622 6.68063929841 42.8969490839
596 632 10.7179885037 28.2970445262
596 622 10.238827769 17.3234809629
597 600 10.3119354105 72.364119204
597 601 8.95221379522 85.9959446023
597 603 5.18573423537 29.7054515026
598 601 8.19858053329 15.2226573753
599 623 5.98552320285 18.4598541166
601 602 4.65871037219 41.6765437586
602 612 6.51187324813 36.0028478787
602 606 7.56193108018 30.552311759
603 604 6.63482100146 23.169442085
603 606 8.71987058978 17.3749720346
604 605 6.27952182631 20.7245057672
606 608 9.21555233002 24.2837908902
607 608 8.57676604327 27.4228316909
607 609 9.92035826971 22.3546837789
608 646 8.06900950247 46.0634070779
609 615 11.7201538086 14.7139389696
609 646 6.73763907555 28.5115222739
610 619 6.50130422665 6.47841017339
611 612 7.45876892718 17.5365982059
612 613 5.02679045155 24.6054683592
613 614 7.78661412617 27.227874311
614 632 9.07278390499 40.5711513861
615 653 10.1643703896 21.9959372172
616 635 8.66671286664 56.1080668474
616 653 5.87751065767 17.1861299215
617 618 8.3172115529 22.9163998005
617 619 8.35602815665 32.6007011123
618 624 7.35277157746 40.030736041
619 625 5.43031106786 31.3106511162
620 628 8.03990037286 51.7928458168
620 621 11.9527215844 17.1992261687
620 623 12.3919379426 16.3424828388
621 626 5.07029834649 22.8571404527
621 622 8.86824265955 34.7490692575
624 627 5.67979327235 64.4282134812
625 627 9.04481316771 25.2287713016
625 628 6.14302495757 16.1338964718
627 914 8.68009572573 169.709811505
628 630 5.38222849046 29.2602585737
629 633 7.15503554693 67.7429294292
629 630 9.75399478844 43.6578202674
629 950 7.40957260132 8.20060973343
630 908 8.28909345316 53.9620137875
632 633 11.352350235 7.21560808248
633 634 7.1826745316 11.2005732026
635 636 9.38878580732 36.2733810157
636 657 7.4097146119 36.1047573687
636 638 8.68462153501 47.2712390597
637 639 11.5976547484 40.9887028444
637 638 8.64676957614 39.7559793793
637 671 7.91775486783 22.5737266506
638 640 7.78289766128 21.8690602896
639 911 11.7352892943 21.0756917329
639 679 11.0204854461 24.9902194167
640 641 9.01940490039 29.4594099532
640 642 4.82657841734 32.754764758
641 682 7.89348040605 8.71902999056
641 643 6.25883749885 21.738528691
642 912 7.86169506996 40.4794342061
642 643 7.40311724734 18.6341887631
643 944 7.5287764341 64.9777515762
644 649 17.6459736401 24.711684928
644 645 13.9079411516 22.1431442394
645 649 9.89019075314 68.7181914735
645 647 12.5846767275 31.4185454787
646 719 9.95673919055 35.8288487462
647 656 5.25235467235 44.0076842574
647 658 8.84684509184 49.4231330133
648 1445 8.65440912149 12.8264060262
650 1447 10.9702521379 18.2523093434
651 662 13.1032772064 9.28035559664
652 656 6.58652081947 23.3672486377
652 664 7.45353796376 40.2315837763
652 667 8.93329582939 66.3471699294
653 654 5.77585827818 28.392163227
654 672 8.73002706127 35.2825457896
654 659 8.89374916071 57.1904614766
656 658 6.08776631702 37.9998859
658 659 12.3909053802 9.370832407
659 660 16.2928177527 18.6453329213
660 661 13.4745578766 7.5709972923
660 733 10.1256170273 22.0837610021
661 681 11.5888487967 117.774908935
661 683 6.68890581106 76.675159629
662 664 10.3788300671 30.6172795324
663 664 8.16774749756 28.0347106281
663 666 9.19008179902 92.0088948877
666 669 9.037030424 71.4112209901
666 670 6.56458786328 56.6343151032
667 670 11.7180382598 19.4672160311
667 751 6.80116271973 8.68331733844
668 1530 7.79254165006 14.7361445966
669 684 16.0519741809 40.5333785741
669 670 13.9949083328 13.8557749693
672 760 8.75568771362 8.12219182241
672 673 5.77928730317 23.2107675024
673 674 8.31722986518 38.3268486908
673 676 7.9957712007 140.223819174
674 763 7.65889215469 5.57606492071
674 766 7.23658166228 22.2068527971
676 784 8.73231506348 4.58938993767
676 678 7.95395867767 22.784606108
677 1461 9.8676366648 12.0580782317
678 946 5.38823098728 63.8639970561
678 790 7.90644276001 60.7506499098
680 681 5.3828730488 31.3639687148
680 955 5.9682962161 44.2892615377
680 692 6.88821084899 47.063554557
681 956 11.6759868493 74.1198216623
683 804 10.1029406729 11.4213959914
683 685 9.51919590598 33.4274627382
684 687 9.09535664881 43.5857859722
684 685 7.2642955262 57.1190122124
685 686 10.4140930176 9.370832407
686 688 5.96578901128 28.4543562511
686 687 6.9904875406 33.8105663376
687 691 9.51830284666 41.2750494574
688 690 8.38117179142 42.6325441049
688 691 4.85456143565 36.1630069925
689 690 7.81507301331 8.45931439302
690 958 7.55647999084 37.0727699607
691 960 8.47883976851 88.3572669907
692 776 8.99998215165 9.6657113738
692 813 8.98087692261 6.33817797163
693 694 14.0801792145 16.3975607942
693 1559 6.89072338275 39.3852280066
694 696 19.5155885295 13.0955425275
694 697 18.2153170955 23.4056803507
695 847 7.96887507828 34.5218238976
696 1132 9.23000484302 38.6223475456
697 698 20.3521270752 7.70146090037
697 1132 8.70432169413 45.4095646253
698 712 6.96010653767 62.9961681403
698 699 23.2403670547 30.5429544537
699 700 21.3426267706 21.8167575836
700 709 7.54656972527 56.7806059936
700 715 19.6206154259 29.9345723845
702 704 5.61161132361 46.3838757705
702 703 4.92093031961 30.1654544086
703 722 5.30382047362 82.2665395204
704 865 8.00922985443 20.2175524377
704 707 6.29428430021 37.0833041013
705 712 7.84658302227 32.6512108414
705 706 5.96189419066 17.5095969893
705 716 7.15428724072 36.0753082445
706 707 8.0668068369 24.5641856494
706 1132 5.9373495932 51.4486083868
707 873 9.16706943512 5.69056236237
708 714 6.39293324665 45.048840716
708 746 7.79700656997 74.8453466998
708 709 9.10226949403 26.7722362985
709 711 7.11096836597 33.3869010364
710 711 7.2015619278 7.3664781273
711 712 7.64340464182 30.7756563007
714 748 7.62764226982 39.4350950402
714 721 8.44320542678 71.6679919737
715 880 7.06180307943 27.5427332159
716 898 8.66586962081 13.9181272116
716 718 11.3358707428 7.76659513558
717 731 9.60115737872 14.7784238292
717 718 7.52631936411 32.9930165133
717 919 7.50542839469 87.6660692822
718 721 7.19620704089 41.342932191
720 721 9.5711555481 8.0099937578
720 909 7.67438846756 10.3297623534
720 774 6.9200987923 66.0377069025
722 723 11.929988853 17.1210396881
723 724 10.7321343326 27.0171324127
723 725 6.86657762826 51.7526989811
724 729 7.12777688517 56.8863833175
724 730 7.19218558206 52.5636733017
725 1201 5.17217619218 18.7609942487
725 726 5.78186692233 30.5891987555
726 936 5.85797877413 9.39648366063
727 728 6.67674700529 41.9697231742
727 1233 6.3212927468 67.9056888137
727 807 6.69050404869 59.7172264782
728 729 8.64474380505 20.9991709182
728 951 8.10259450135 16.7366335622
729 742 9.34874829879 63.4985180117
730 732 4.82364101017 28.8260145118
730 731 6.73945815961 28.8795941223
731 734 6.22155925452 68.6300121966
732 739 7.33554349134 59.4339922992
732 964 6.97571756532 9.27216322881
734 736 6.98252314588 42.7447487426
734 774 6.01273400103 26.6504757352
735 737 9.19179461177 13.5683535807
735 739 8.84378633135 27.1579733685
735 963 7.17783282265 14.0532742453
736 737 10.2648200989 7.64852927039
736 738 5.22684429754 30.2473413611
737 1164 6.38983305377 25.2738698184
738 1164 6.3293420156 25.2205202263
738 783 8.40886087909 68.1380222549
739 744 9.52737003587 41.4248915525
740 825 6.91395050809 30.3597285514
740 1098 6.0 11.2378823628
740 741 10.2642394822 10.8555556106
741 984 7.13883113861 14.5825237871
741 742 13.5871696472 7.07106781187
742 987 10.0719983347 19.3551112276
744 745 11.201403134 21.4432241669
744 780 7.92719922757 34.3571163878
745 856 10.0557891463 41.1518032891
745 825 8.67217851231 66.4712798055
746 747 6.37438338578 14.1101511755
746 749 6.57014805116 22.5508514057
747 750 5.63498841444 28.767592268
748 753 7.00137808977 99.4850140154
748 749 6.79590517997 38.2733916945
749 750 6.93797046394 47.8084153103
752 1484 9.79037194649 22.8074809895
753 756 6.62837610433 148.943565627
753 754 8.41869474064 8.01303093227
754 778 5.82560904831 50.274664989
754 765 6.83029613194 44.3057022772
755 1483 9.928855896 5.36493243201
756 1181 7.3916715408 47.6688849588
756 767 7.73350297676 45.8797609858
757 905 11.7051786375 37.7351316279
757 758 9.61662288763 25.2268627478
758 905 6.64014950656 66.6829326672
759 1485 7.96387386322 3.70135110466
761 767 7.69137826805 23.2537134579
762 1181 11.3135820552 15.5121784617
764 787 4.63639303909 24.8381146463
764 1070 6.22933902573 10.511090226
764 1191 5.86500768817 10.8733286006
765 770 6.6085418367 31.2292821496
765 1191 5.8057842747 22.9919989759
767 772 6.243534064 40.4867767363
768 905 12.1592949435 76.5310394546
768 906 17.9077740099 15.4676461203
768 772 10.09834407 28.1085475261
769 1491 6.36141226273 44.3922101587
770 1195 5.0961202989 19.0006571922
770 772 4.73764282246 14.0816428138
771 791 6.61593118177 65.4855223718
771 1195 8.5166349411 7.41636703515
771 1191 7.52241278608 25.7938677687
773 906 16.2800210629 13.7264180997
773 1195 6.59060205213 34.1372711888
773 791 11.4926238505 24.0947075063
774 1076 8.7147769928 4.91858719553
775 1488 7.21101550468 64.5609047146
777 1034 6.96692472075 101.533392212
777 787 5.50664140333 36.8395801064
777 778 6.20843547212 37.245838949
778 787 8.66780128598 10.7771696574
779 1489 6.82511860235 11.0937841097
780 1164 5.43380062061 32.9023449384
780 783 8.67355429464 79.652401557
781 786 6.06391804111 29.2334056176
781 1082 8.953077008 8.54618558534
781 782 8.02432113434 16.6739381237
782 856 9.34568335175 20.9623010201
782 858 10.3999495102 24.5289897697
783 1081 7.28538322449 5.57068218444
785 786 3.5563046074 15.9358632679
785 797 6.98857971369 56.5258395254
785 799 5.62164217468 60.9225452783
786 1083 6.62692764533 4.9983329628
788 1218 13.7191123962 8.53302408294
788 1084 11.3049006587 17.1715660491
788 789 8.77546293405 27.3085509579
789 793 5.99967855358 29.1738911558
789 794 4.21917791326 33.8837774014
791 792 12.5415229797 20.6412814525
792 794 9.59840819835 20.6685843592
792 1087 8.95699882507 11.498260738
793 801 6.24337970258 46.136293359
793 797 4.44957309944 37.8871230469
794 795 6.30968215449 29.9477785095
795 800 11.3113542003 29.5036010945
795 1186 7.04462763781 13.6491620191
796 1089 9.99481582642 7.5041655099
796 797 9.50493729875 11.0399700666
796 799 6.76132851457 25.590180776
798 1495 8.70572301937 9.487809974
799 802 5.11834570649 31.1158868435
800 801 12.0071679636 18.1733693015
800 1188 6.50139680468 40.5625580939
801 803 11.0724099057 23.18538937
802 803 11.1893386841 11.5682755845
802 1542 11.459504564 67.3011118633
803 989 9.82175069947 86.9607445096
805 816 6.5587707166 64.8145471348
805 1233 6.77768746701 40.4000385152
805 806 7.23248515875 15.3704829222
806 816 6.22178717628 35.7605616593
806 811 8.50749227924 15.1674531801
807 810 3.83787323949 17.8495674887
807 811 6.60144690585 30.763748697
808 810 4.66379400734 6.83992962594
809 810 4.67082977295 3.05941170816
811 812 7.44728749308 31.9035768388
812 826 6.12947909034 60.569636278
812 814 11.0498118621 11.6316501424
814 821 5.6846469721 41.5050275056
814 831 7.07478824049 25.6879949869
815 816 4.78294189377 26.0171438137
815 818 6.48313285353 13.1006256026
817 818 5.8541021347 11.4657097469
818 820 8.17794393113 38.6233628102
819 820 8.19245633557 18.3032957379
819 1269 5.35511410397 10.7523491861
819 1127 8.04633291097 53.1585406324
820 823 8.15282138135 42.2147189549
821 832 7.44563584536 29.4700161752
821 823 8.38389553352 37.3653460362
822 1499 8.06631851196 15.9825686296
823 834 10.2207496161 49.4539669563
825 826 7.85105873062 25.2711669197
826 828 9.08722937386 27.4233193593
827 1500 4.62252044678 6.09118215127
828 829 7.93311596695 17.7544933904
828 1101 5.66713631354 5.93845794557
829 830 9.45743359887 25.4738253128
829 831 7.48537739049 42.4974791034
830 1107 8.3335273832 8.72665316349
830 859 10.1092394259 22.1319849962
831 832 9.42723466025 24.4814776533
832 834 7.61237947052 63.460246578
833 1256 5.42990338778 41.1104291191
833 1249 8.01241837642 37.9043381316
833 1248 10.6300523304 51.8884910005
834 1105 11.146024704 8.52349693494
835 850 9.41927915335 21.3863666425
835 861 8.12175369629 52.1023892826
835 863 10.262092432 113.716054052
836 837 10.4843856959 25.4266541433
836 841 8.32204808761 101.646250623
837 838 9.9301071167 7.90458727575
837 839 9.2595206623 42.9166172798
839 840 5.78277124301 42.8401360278
839 841 7.80999947024 50.9722663892
840 848 9.93959734315 29.9468513876
840 1112 7.77748514639 5.62111571254
841 1109 8.86020851135 5.39675828623
842 843 15.7937841415 4.10030486672
843 844 8.55253548894 108.030324719
843 845 6.81152766789 69.4897283837
844 852 10.8673161945 49.6312559025
844 845 7.12295785268 28.1815772656
845 853 9.00374960992 55.1389766688
846 848 10.2740316369 16.2699898918
846 1115 6.54308067296 12.5183639727
846 1110 5.04126804286 33.9121736826
848 1114 9.36211105902 30.5196983916
849 850 9.62717328252 12.40890211
850 852 6.63988387741 134.280254763
851 1511 4.69920179974 28.3528624083
852 853 8.48398409182 29.7991690376
853 855 6.38161750292 48.7142086438
854 1512 5.5 20.4647257494
855 883 5.20401826237 46.8493727012
855 886 6.58056261297 21.5747481959
856 1122 8.4852809906 5.07074945151
857 1113 8.83095169067 26.6241431787
858 864 10.1176807789 15.7710686406
858 859 7.94578742974 110.7093536
859 860 8.19454894028 37.9903972446
860 861 7.95940675411 56.9170268621
860 1126 8.45502771573 41.7560426593
861 1106 10.0685169812 31.4467747424
862 1519 8.76242923737 6.1611687203
863 870 10.2130164681 39.0761697529
863 871 5.41034736701 36.4213861001
864 1133 6.91813036972 8.55938580952
864 1542 10.0771478791 42.7667328495
866 1520 8.15015567626 40.299776102
867 1130 6.61276739939 4.3109486748
867 874 6.94686441172 128.576267184
867 991 5.40209395688 72.1160828826
868 1448 10.8431439092 53.6147556556
869 874 6.81448076241 31.9194949163
869 1237 9.83281040192 11.0613064328
869 1542 8.96439086972 70.5676611982
870 872 6.85292463931 50.2138950481
870 1237 6.70366759709 11.6181771907
871 892 9.58434764103 14.8449953693
871 878 5.15818381942 86.8475036915
872 874 7.15102152446 47.1844075445
872 875 9.49091717029 13.6950084093
875 892 8.53256377112 70.7805136605
875 876 9.7454916039 16.9495630171
876 877 8.34937763214 6.63701740242
876 1014 8.5220610635 64.5177130224
878 879 9.22015380859 8.26196102629
878 1134 4.8051703619 10.9277803455
879 885 6.45920468882 77.6780028243
879 1135 9.1252784729 7.46726188104
881 1560 9.12310600281 5.4626001135
882 890 12.8824119568 10.2035533026
883 884 12.0446574145 14.6268513833
883 886 6.77964028827 27.2827683253
884 889 9.22053622956 38.6168593882
884 885 15.9789246619 12.6245822424
885 890 11.3089025392 41.5190444069
886 889 6.96161604098 34.9373557329
887 1524 10.3276795453 27.5283944319
888 890 11.9921836853 12.2413234579
889 901 7.42032953163 80.0327570287
891 897 8.7108984721 94.3865122409
891 893 8.60739930842 52.6264273635
891 894 6.90706675846 20.6267151517
892 893 8.46507940944 65.8904175782
893 899 7.79033689861 54.4322710249
894 1142 3.51473609602 7.77321963915
894 1143 5.5413813591 3.41320963318
895 1548 4.74282746568 21.6500052525
897 903 9.18662216173 58.789602318
897 1019 10.7154442562 18.1588132872
899 900 11.0629897758 8.77236000242
899 1140 10.1992111721 11.5573162248
900 901 4.23663645033 22.5901405344
900 902 8.107368714 31.2794871895
901 902 6.45702206483 24.6107756596
902 903 7.52369167405 43.8074811868
903 1021 8.31462663519 18.2184904676
906 922 9.08605693177 44.2951735831
907 908 8.35237580125 16.4333628052
908 910 8.76457944878 54.6939828142
910 914 8.60854305914 42.4163791924
910 911 8.28274314234 55.7059245604
911 912 9.37919239894 20.8854227903
912 913 7.55419624513 38.665220711
913 945 7.19575521606 35.3555768964
913 918 7.98955889607 46.1416869546
914 915 10.9572535281 23.5280033839
915 917 9.50017801224 20.998891672
915 918 5.70699052197 32.0982447329
916 1147 7.30235481262 7.58040236399
916 931 7.55149321202 33.199836923
916 924 5.47647361425 57.5314134676
917 932 5.86280780778 61.2910198613
917 933 6.90327835006 76.0145172606
918 921 7.05343441631 19.6264158876
920 921 8.44534078187 21.7182971024
921 969 6.78819992961 66.4650217174
922 1149 8.02580597261 16.1539410275
922 925 8.55049263945 87.768256552
923 1537 7.34167542564 32.475993195
924 931 4.90977312151 28.9982998572
924 925 10.6818794691 20.0192134124
925 928 7.39563791635 49.7680384991
927 1024 5.74174110407 41.4843845475
927 1033 5.72614792292 85.79502879
927 1022 9.10615706156 21.205584332
928 929 8.17947697048 69.1271264938
928 938 5.85251511329 21.7777905652
929 1152 7.71121691187 52.5691591635
929 930 7.13438680982 28.8691839471
930 1003 6.31620070279 62.9398762734
930 997 7.82205584465 42.1071997366
931 932 3.2460165923 21.3751714764
932 1154 7.15412945891 5.77995177167
933 1155 7.06852757513 10.9681083234
933 935 7.26032075352 32.388277555
934 941 8.08025160938 13.3621201063
935 937 6.34688254682 21.6170513368
935 941 8.54957134752 31.5844612104
937 938 6.25752350412 67.276320261
937 939 8.01128581528 20.8888939759
938 1003 9.72879212175 33.617023063
939 940 8.66662076886 11.4162273107
939 1157 7.18747758865 7.59605160593
940 1002 6.78603939547 54.6362462225
940 1036 6.42089030487 31.3618874124
941 943 7.69883213616 21.7552813558
942 1036 7.85203255069 15.2210454953
942 1061 5.492388226 71.5938197604
942 943 9.76696349745 24.981743264
943 1158 8.5 6.83904233062
944 945 6.70680879252 29.8377375325
944 946 8.01260199048 58.1566102691
945 1161 6.93161139884 9.80379477192
946 952 8.21417023866 41.2083104251
947 954 6.87958955598 48.5710610012
947 949 6.27614456983 20.0961003027
948 969 7.29418432817 66.2856222141
948 1163 6.82967099933 12.6192845256
948 949 9.02726239934 7.40060459079
949 972 7.31458274379 66.7444493636
952 953 9.87808528694 16.392318916
953 954 10.9964428537 37.3657393185
953 956 8.05462306737 48.7451632872
954 971 12.2465263913 17.1139496089
955 1171 7.0276927948 6.13269924258
955 958 7.99026588535 22.3752426334
956 961 10.35969441 31.2604955641
957 1549 7.35173648563 14.9894228775
958 959 6.4444696128 23.5750853976
959 960 13.0901699066 11.4039466852
959 961 9.36110058266 58.0394100788
960 1125 8.14419607082 46.6277197138
961 962 6.87577012701 11.429649629
965 968 7.55136870908 49.954479949
965 1125 7.94041347504 7.10211236183
965 1175 4.97702884674 2.2803508502
966 968 9.18247139298 16.6095150499
966 981 9.06147231926 30.7992668475
966 982 8.19143055236 44.9102735084
967 968 7.76279940481 17.8994622788
967 981 8.56438363231 29.699624066
967 1125 7.72780421617 44.9385286541
969 970 11.0815508584 54.7729754097
970 979 9.68188070276 61.0522707973
970 972 10.9071943966 31.7116338884
971 972 11.3910415989 38.64807152
971 973 7.90388551062 34.9444354833
973 1179 9.16273498535 6.32000791139
973 974 11.0226802826 7.30616178304
974 1174 6.31661880583 22.6940045045
974 983 7.17832761939 22.8326957438
975 1184 9.60600185394 8.31760181783
975 1185 10.4178676605 5.76042533152
975 977 7.35952838904 78.4513673515
976 1061 7.87755298615 3.64005494464
977 978 8.02823066711 6.86002915446
977 979 8.47986321016 17.6402088434
978 980 6.33353260536 36.6253268414
978 1046 3.19185087333 34.1005219554
979 1044 9.03089020298 34.9516824537
980 1052 7.56957351915 30.2919462748
980 1053 6.05399290712 34.3499653449
981 986 10.038174732 60.6917621777
982 985 6.19163839992 36.6462902046
982 983 5.19969831222 17.0589797856
983 1183 6.97016429901 2.60432332862
985 986 10.9790145798 12.9807549857
985 988 5.35649421948 38.4516430962
986 988 10.2699953967 41.4701806247
988 1052 10.1130637864 55.9127636157
989 1001 7.2363792163 30.6140627403
989 990 6.10036714785 30.0234965036
990 994 8.59543435699 5.3126530132
990 995 5.92607862382 48.3860260661
991 1094 9.24997416742 25.6463831451
991 1015 5.81784880573 66.7513652059
992 1563 1.0 2.82842712475
993 1571 9.44648094925 30.8163407826
994 1001 6.59819647065 28.9482826727
994 995 5.40364044305 84.6952005099
995 1094 9.04408732054 7.14462070209
996 1016 10.3616225696 14.5485401154
996 1094 6.89550716229 39.5766122483
996 1015 10.395324643 10.0013030702
997 1198 7.15289391218 13.6564915368
997 998 6.11787444745 16.7854772271
998 1000 5.03363006978 34.8115524405
998 1189 8.20570390427 40.9839690475
999 1577 5.90361166 4.67386349822
1000 1001 10.0337761507 29.8376208245
1000 1005 8.32674678291 27.2444697897
1002 1003 8.86982229276 15.0067100686
1002 1005 5.64612884752 49.0516045035
1005 1006 6.82025824012 45.936329208
1006 1041 5.43747752022 46.2488711635
1006 1039 9.43964060582 33.3737664185
1007 1016 5.42837086472 56.4683151946
1007 1010 7.71533631774 37.1507851934
1007 1030 5.56473267523 24.8332286667
1008 1567 8.7215322629 29.9657347928
1009 1582 10.3434533292 35.9490728299
1010 1206 9.53522502959 9.41515071544
1010 1062 7.53228687506 64.8843808399
1011 1013 8.85060691833 5.21775813928
1012 1017 9.06454018805 22.0841458217
1012 1013 10.0557059663 21.8978064586
1012 1014 8.3772611618 10.0240959692
1013 1216 6.5979518271 37.3904290335
1014 1015 7.70300007333 60.5248386917
1016 1217 8.86302067366 33.5728957106
1017 1212 8.07816236693 14.4089286399
1017 1210 8.39953385766 16.94725544
1018 1181 5.19438259232 22.8264419038
1019 1020 5.07192566624 39.1351059949
1019 1021 6.83522095848 17.9200958136
1020 1024 8.41765880585 10.3020629002
1020 1021 5.65844997063 39.9074889377
1022 1216 8.8682417641 12.0603021162
1022 1024 5.53093090275 68.5237311899
1023 1606 6.74590224508 15.6759565211
1025 1032 5.47654615837 39.0240675946
1025 1027 8.51883066112 45.290032462
1025 1030 6.21234493963 16.9112875029
1026 1576 8.16978710469 24.0427770089
1027 1219 6.9596529007 7.07106781186
1027 1028 6.76782894135 14.5778084773
1028 1216 6.71544309626 77.021069348
1028 1029 8.13406975774 11.9879376659
1029 1032 6.9201579418 22.1255950418
1029 1033 4.96448399841 35.5039684142
1030 1069 8.16864687196 79.9363830607
1031 1032 4.39246336432 27.2061037854
1031 1104 6.35005053107 14.0306718052
1031 1069 9.6697991808 35.862389259
1033 1104 8.20719682718 52.130205012
1035 1040 7.53186441415 69.2941534854
1035 1036 9.03081765576 30.4483300275
1035 1039 8.93768080438 84.8278323766
1038 1227 4.26687412327 75.5876786168
1038 1045 12.0598648083 13.2896320207
1038 1047 10.3453197769 10.2975207539
1039 1040 5.5745357777 41.942196561
1040 1230 5.66227769852 2.19146070008
1041 1042 6.509234165 32.166508458
1041 1062 10.5149965048 10.8143848631
1042 1043 7.50734867189 43.8480157375
1042 1238 6.06714204793 26.3121122298
1043 1056 8.80629873521 48.2444778536
1043 1240 6.35959276268 56.7265275351
1044 1045 12.6530857086 8.80596388818
1044 1061 9.03374066894 17.1864447914
1045 1046 6.5229566872 31.988924171
1046 1049 7.82751752359 10.3398321736
1047 1056 8.28805701805 28.6346781569
1047 1048 9.83896889855 26.5720327381
1048 1049 7.38883664414 23.8609768283
1048 1050 7.50785351977 21.5966603636
1049 1051 9.55847570364 11.2712935762
1050 1051 5.29500843449 28.5841470362
1050 1060 6.84406040515 17.989129396
1051 1053 6.35332568958 15.6665736287
1052 1054 6.91665223158 58.0333814257
1053 1054 5.08478071081 24.6858538754
1054 1060 7.26028497357 39.4594782164
1055 1586 3.91421365738 6.88186021363
1056 1088 10.5902370608 28.8684194995
1057 1586 3.30767101672 8.85107176997
1059 1088 8.29559191429 21.2141938714
1059 1074 8.02136237267 42.8415068784
1059 1060 8.38374519103 50.7837977236
1062 1208 7.95857383095 44.7622054845
1063 1066 4.33693341578 45.5667480923
1063 1067 5.63556014063 13.3932722804
1063 1069 7.11557056803 25.2819067562
1064 1072 6.55169373836 29.8145681726
1064 1073 8.17712688446 8.72009174264
1064 1068 5.69041596323 32.8714304459
1065 1066 3.11803388596 4.55411901469
1066 1068 8.36603433676 16.3740071081
1067 1071 7.54103603543 13.5520911623
1067 1068 6.79724394591 32.0154659072
1071 1104 6.8639139988 82.040144679
1071 1073 6.42182333138 63.2722986354
1072 1088 6.01116321051 51.6572065653
1072 1074 8.03101216751 20.5434541137
1073 1074 7.21455430276 42.7013390441
1077 1598 7.90079045995 6.54066709768
1079 1603 8.53553390503 5.75
1080 1612 7.9431225584 130.383510212
1085 1218 8.57233047485 7.51065909225
1086 1218 6.12213247423 36.939501861
1090 1618 6.37325536117 9.50025446096
1091 1620 8.53539662986 9.41576768575
1092 1621 8.85559324077 57.0793553435
1093 1233 3.80506108466 18.3406237734
1095 1635 7.53784120332 5.48925271309
1096 1636 7.07251024246 8.40386815699
1097 1640 4.15211924941 10.6723131128
1099 1638 9.99254512787 12.2337647517
1100 1641 7.24282712764 10.3568030564
1103 1647 6.21746022769 29.3461521187
1108 1653 3.09179434032 30.9924687343
1111 1659 3.61999883752 5.95084827235
1113 1516 11.4308484273 38.1147281244
1113 1513 13.3973245621 10.7551150621
1116 1118 7.0 6.80294054068
1117 1666 6.96132277902 16.9777530744
1119 1668 10.3543880905 35.0088551569
1120 1254 7.16048573496 30.4031275389
1121 1674 5.10169554095 40.0779143337
1123 1676 7.0278719512 11.5889290983
1128 1683 10.5430621787 10.0877155708
1131 1237 6.93522262573 6.1611687203
1150 1151 7.32852199309 54.7047792974
1248 1362 11.7389543552 28.6336548329
1248 1366 11.7563920954 17.1844579041
1249 1250 11.356595993 7.5
1249 1251 7.65920446585 46.0736146321
1250 1367 7.06064953298 44.3367758247
1251 1320 6.59182613753 52.868318523
1251 1302 9.69646236789 14.8742396262
1256 1382 8.25770499857 24.9632649637
1256 1367 10.2002935656 21.5503657078
1258 1307 8.44037239941 61.1696537481
1258 1260 12.2169904709 14.8352620469
1258 1262 10.3846681358 53.3782704103
1260 1300 7.61679790382 113.247562074
1260 1261 8.16158297085 48.0801182962
1261 1306 11.0641637913 12.360081585
1261 1309 8.12952213976 51.010692593
1262 1265 10.0153208631 44.9253410288
1262 1263 8.44500740446 54.9226715624
1263 1272 9.07956863514 70.7747774977
1263 1264 7.35531567254 39.7790646207
1264 1265 11.9388552362 15.7660480415
1264 1281 7.93526659657 55.204634754
1265 1268 8.78329924814 36.034565719
1268 1307 7.26600960511 25.2418565256
1268 1340 6.39070776785 61.5609873096
1270 1274 9.41125550775 27.0734929082
1270 1275 8.04559798632 27.6063610465
1270 1271 7.99802956521 41.906604983
1271 1272 11.8139166627 13.364621783
1271 1273 8.22647930273 21.3394662151
1273 1280 7.09009874908 52.7757438512
1273 1274 8.34875152421 14.2299687375
1274 1279 6.15149710493 30.132161163
1275 1276 7.55164756763 40.6781245539
1275 1278 4.72181287335 53.6877018591
1276 1277 13.3750419952 13.8888750514
1276 1278 6.81454958911 30.1860734949
1277 1562 7.84331539935 59.3391616001
1277 1563 7.93056701318 26.5371946204
1278 1570 11.7655107963 54.7291500463
1279 1282 6.33187815796 36.5875603612
1280 1283 6.46451014678 27.8208757722
1280 1281 10.1242786204 15.1444277154
1281 1284 11.2598132732 47.1252868889
1282 1288 9.06276848901 12.0702309915
1282 1283 5.79875893643 27.2507076843
1283 1286 7.67677291779 23.2165531319
1285 1334 14.715883255 9.91564420499
1285 1286 11.9136489838 31.7642609197
1286 1287 5.71117364513 24.5573669613
1287 1297 9.32887477691 8.38243091462
1287 1334 6.34930225533 47.140546194
1288 1297 9.36978445805 30.5082249145
1288 1289 9.71883272518 36.7142883729
1289 1291 9.84508624769 10.5668333786
1290 1570 5.14659390755 37.2050823947
1290 1291 7.29033461471 16.4874650347
1290 1294 6.32769313508 19.9349173176
1291 1293 4.41600817199 39.6642257736
1292 1297 11.4083271027 8.3103850693
1292 1293 9.21684383986 13.0201077473
1293 1296 7.76867976263 19.0837350164
1294 1296 6.21789911211 29.3406896107
1294 1295 7.03462079626 11.2518819058
1295 1606 4.49408028626 30.9310867602
1295 1574 6.1147181309 78.8869249883
1296 1359 9.68486627886 64.9783057763
1299 1300 10.8777517439 33.4271560123
1299 1302 8.79829093637 61.2436511563
1299 1303 6.30046705758 66.3592874281
1302 1303 5.76616821485 53.8448131243
1303 1316 9.50766967386 13.4211760175
1304 1316 6.13496087554 24.4013405139
1305 1309 6.83831071854 7.21837931949
1307 1308 7.22460370075 20.3744966356
1308 1312 7.95505339741 26.9288964358
1308 1340 10.8070464598 21.8249591029
1309 1310 11.0415458679 10.550473923
1310 1311 13.8297424316 13.3794618726
1311 1312 7.69036920098 56.9367179332
1311 1314 9.9854459264 13.6539920503
1312 1313 7.33292900249 28.9963406341
1313 1346 7.95716030313 69.0335330159
1313 1326 9.42275595615 19.5819233247
1314 1326 5.98893436491 32.7130454834
1316 1318 9.54126730991 13.3009125081
1317 1320 8.65641333809 50.2313084242
1317 1324 8.76618953277 43.4338990711
1317 1318 13.1325918198 14.4026744972
1318 1319 8.51536030669 32.3381994005
1319 1330 9.82210563704 40.0253602667
1319 1324 6.68636686891 21.8634573568
1320 1323 12.3998134841 13.7590879058
1322 1323 8.70113755402 90.8450546163
1322 1390 8.35586053539 127.595629708
1322 1391 14.6389517117 14.046447381
1323 1367 10.633092746 31.1051353522
1326 1327 9.33737094619 14.8330098817
1327 1330 10.505433779 73.7737980314
1329 1330 13.5581712723 8.5
1329 1331 13.6352079942 12.6271529196
1331 1450 13.5194950024 13.1677041901
1331 1333 6.74619586641 80.9913746404
1332 1347 9.68770022467 51.101497567
1332 1333 9.10309457588 22.1417187523
1333 1456 5.42157615324 24.5789495809
1334 1336 12.4739837646 11.8391300356
1335 1336 7.57404779503 33.5107175627
1335 1338 5.23606777191 12.0933866224
1336 1343 7.44698487585 43.9090735956
1337 1346 12.5179347972 12.9408001341
1337 1338 8.97935235893 66.0754524906
1338 1340 8.28142361493 85.2890082496
1339 1352 13.4032087326 4.9117206761
1341 1345 10.4472325588 42.5754189433
1341 1343 12.4405712204 12.2411037914
1342 1343 9.30182546807 11.4184370393
1344 1345 4.64938760244 25.5531179267
1344 1359 5.30808872863 56.0684229558
1344 1607 4.56856210419 17.2596666402
1345 1354 5.83552564132 42.1363180676
1346 1347 9.26261081981 28.7738485231
1348 1457 12.1073544051 45.5070324236
1348 1349 11.7441291322 18.8554067735
1349 1352 7.85553730425 63.1541909918
1349 1351 10.3095932007 7.26722092687
1350 1351 8.27853107452 4.85412195974
1352 1356 7.59060621016 68.6949472021
1354 1355 10.6066017151 8.75357070001
1354 1617 6.54772912346 34.4105544171
1355 1357 6.84252886776 35.9256589529
1356 1358 7.00889109277 29.1374214462
1357 1619 9.86997974164 30.9533156376
1357 1358 9.48138036346 24.4888116221
1358 1488 11.522244684 17.29596853
1359 1606 8.47784688242 31.6567259507
1361 1369 9.3839153906 44.6292764995
1361 1364 11.4702281952 48.738331937
1361 1375 12.0901699066 16.6464710975
1362 1364 9.20269474974 65.2360492174
1364 1365 9.35254967403 8.35213770241
1366 1384 5.70463071755 66.7166323796
1366 1382 6.87036398164 24.1728031568
1368 1369 10.1286184292 50.8372440709
1368 1371 14.3174381256 10.5320938089
1368 1372 8.7123639508 39.5990252234
1369 1370 9.09387632925 23.2343623425
1370 1372 12.0181308591 42.7361966019
1370 1375 8.57616744108 26.9688244337
1371 1373 7.32646536928 30.7201197903
1371 1406 8.25513522671 71.6874052561
1372 1374 10.9926507076 20.9894464777
1373 1408 9.69015669675 41.9708653557
1373 1374 3.80824012193 28.2542353603
1374 1410 9.07728670441 24.4725633492
1375 1376 7.59112315723 47.9654372136
1376 1377 9.25029342522 22.1416885015
1377 1387 8.31740633247 65.2875383264
1377 1379 5.88478758875 27.5195350196
1378 1379 7.31378411576 14.4120068242
1378 1380 7.22680715157 25.3201505965
1380 1411 8.07974702678 34.5637426785
1380 1381 8.29003177398 10.0428490408
1384 1386 6.76679380763 25.4316662226
1385 1386 10.3851642609 7.16118007035
1385 1387 7.20762639186 33.152922393
1385 1394 3.7352127079 42.6149629139
1386 1389 8.55380252882 22.7142115261
1388 1391 9.52414845444 72.0220794727
1389 1395 8.5798024373 37.4684689255
1389 1394 4.49227791934 20.7105442539
1390 1391 6.84000809242 59.6011484422
1392 1393 9.88673609607 9.357234335
1392 1397 7.62981841588 23.6246622754
1393 1455 7.77987463066 56.5192005388
1395 1396 7.83047904102 32.4077970846
1396 1401 8.65618351273 60.8903133079
1396 1427 8.56604888168 96.5272728757
1397 1398 10.1366978196 13.9490209146
1398 1399 5.28685015054 26.1675612434
1399 1466 11.4312066276 16.9444068477
1399 1455 11.0890507218 36.0362118429
1401 1432 7.39891638645 66.9896676344
1401 1402 15.233813884 40.566204401
1402 1434 18.4394111633 13.2424506795
1402 1468 12.0365150288 42.8658749625
1405 1406 10.2454099404 39.998650943
1405 1413 6.59431323975 49.1374472114
1405 1414 8.89197928532 75.9935831956
1406 1408 8.94828837577 49.4003720338
1410 1411 11.4410363334 32.6598656716
1410 1412 8.89811359195 73.3055250305
1411 1426 11.0828830163 56.4310079672
1412 1418 10.7276509504 42.6228697005
1413 1418 14.4259447417 27.7646177558
1413 1414 14.6534329973 19.5547709073
1414 1415 12.186263509 47.9307834278
1415 1416 20.0242729187 19.7223223785
1416 1417 7.49608049136 57.4457989406
1416 1422 16.2335796958 26.5821177504
1417 1425 7.97254185737 20.6641841662
1418 1419 11.3891667021 37.5806960906
1419 1424 21.0312938223 13.1840716803
1419 1422 17.0376997852 23.8164907975
1420 1440 20.1335504693 38.7704162362
1420 1424 22.8384057582 59.1090776838
1422 1425 9.26361560607 36.1217975655
1423 1424 7.05674867488 32.6434881112
1426 1428 12.0387561549 16.9284748085
1426 1427 6.62184256423 64.9660148464
1427 1432 6.64113176722 19.8529874646
1428 1429 13.3007354736 6.76849318534
1428 1431 8.23471269009 23.7636239352
1429 1433 11.3735573072 37.8345552143
1431 1440 6.41137357046 46.1857662056
1432 1433 12.3725214005 4.30813184571
1433 1436 10.6822274753 92.3285996765
1434 1505 5.20372828663 45.2615476251
1434 1436 17.1158930688 58.1867600767
1435 1441 6.95583342532 20.4307733312
1435 1438 7.07248396827 63.0141576432
1436 1437 18.2677458152 19.1953685759
1437 1510 7.30305476687 43.1403807068
1437 1438 15.0605912214 8.12385347687
1438 1446 16.1437442838 25.5412192081
1439 1440 19.4589570112 42.1377647885
1439 1441 8.24927353638 67.2444125831
1439 1442 12.4466559805 29.7277760401
1441 1444 9.1558896631 71.3819201915
1442 1443 14.5254900735 21.3621479896
1443 1444 9.40428005989 56.7636406798
1444 1445 11.4693039722 20.2525452359
1446 1448 17.3349887811 33.2433705341
1446 1509 7.20612739191 77.7396706019
1447 1448 15.30670786 16.8651926533
1447 1449 15.9240633153 27.5255696719
1449 1560 9.71669605714 30.1879154255
1450 1451 11.585913402 19.7766664123
1451 1452 3.8252354096 30.3406305376
1451 1453 10.0490293904 44.346794447
1452 1454 5.74815014567 36.7124921365
1452 1462 6.92036705341 56.888375796
1453 1454 8.3714044804 11.075255297
1453 1455 12.8437576294 27.860096913
1454 1462 8.83598025246 52.7035373309
1456 1460 9.25218695931 23.7113604937
1457 1459 8.15511066437 16.1582227775
1459 1480 9.2476296937 16.8637412094
1459 1460 5.04588428538 26.5064689918
1460 1463 5.11615397364 41.2738488244
1461 1464 5.87480313258 30.6615058057
1461 1462 9.07848335097 29.6945601531
1463 1480 6.73753790173 30.0841672575
1463 1464 5.7049147998 29.8785402735
1464 1465 7.57063890305 23.3507495389
1465 1473 5.59023935356 49.9542364506
1465 1475 7.37433003516 55.3803071686
1466 1467 8.85004320488 43.2113560154
1466 1468 12.3359078678 28.8988076081
1467 1474 7.30747457014 56.7480638436
1467 1471 6.18390188649 50.8182001013
1468 1470 10.3164040202 24.8880656176
1469 1505 4.95483274439 24.9305596729
1469 1507 7.42305927247 40.4340498863
1469 1470 7.34933792686 20.3176383646
1470 1472 10.2880551232 32.6826753272
1471 1472 7.04300456744 21.7267208615
1471 1477 6.73391938401 42.1659747291
1472 1514 5.41157692133 40.9139026002
1473 1474 8.30438866069 11.4637939766
1473 1475 7.75441577867 26.8770661584
1474 1477 6.97096926822 15.1184432044
1475 1476 6.00400098755 18.3731675572
1476 1477 6.96556614922 30.9533427615
1476 1478 6.0449479314 18.6835719187
1478 1513 9.96414493693 64.4007500652
1478 1479 5.62932680294 35.776668711
1479 1528 11.3763757847 46.3745094596
1479 1494 11.254295168 30.4355464029
1480 1481 11.2606370235 58.1265824405
1481 1482 8.32379810948 59.9615500067
1481 1486 8.30934047068 36.4872642314
1482 1488 8.26950697749 32.0095977252
1482 1486 6.63343441642 39.5968348664
1483 1484 12.5481321849 30.3573791128
1483 1494 7.71304036933 67.277332819
1484 1504 8.71176768294 29.3219456378
1485 1504 7.50932430109 35.5613476673
1485 1487 6.83989062393 21.8409563589
1486 1487 6.86179707638 47.8279235106
1487 1497 6.21029809193 20.8915725607
1489 1498 11.2905303861 15.7184587902
1489 1492 6.04816390766 45.3434804809
1491 1492 8.42583561705 27.8476040118
1492 1493 7.78567636179 19.8384535234
1494 1504 8.85182755265 52.5807753632
1495 1496 8.55297319133 21.0824433706
1495 1527 8.61002974895 81.6048496693
1496 1497 6.15752847605 28.0873420835
1496 1500 5.37823054638 17.8026486003
1497 1498 11.2649254097 12.8609278307
1498 1502 9.70964290247 55.2248898916
1499 1502 9.63471031189 20.1836567549
1500 1534 6.25530575228 65.388898743
1502 1503 9.31966153163 35.0906078411
1503 1534 11.5668610341 28.0623684032
1505 1506 11.4244289398 12.6657017176
1506 1507 10.8045663472 20.4407031466
1506 1510 6.93616713072 57.2316259661
1507 1508 7.67682056404 21.8099391481
1508 1514 5.83844252984 27.7698619371
1508 1511 6.73187011576 39.303210594
1509 1521 16.4346482078 26.2328963812
1509 1510 12.0342670279 25.8118189983
1511 1518 9.28434365782 31.0411761565
1512 1521 6.41193570456 40.6186463087
1512 1522 6.93564296066 14.5895822014
1513 1514 9.0766839316 18.3
1516 1517 10.7797971662 4.79508497187
1516 1519 9.37675059873 35.9322577134
1518 1522 6.93216117095 47.2090571915
1518 1519 9.5687522859 24.2777593834
1520 1529 9.87961594836 19.2062153757
1520 1526 10.5654596435 59.4718918511
1521 1522 7.59561323638 59.7296779006
1523 1560 6.77224844053 19.0565119145
1524 1545 9.84610309061 83.0590357981
1524 1525 12.3984291998 35.5234303076
1526 1528 12.2569172693 25.1580007155
1526 1531 6.57710189011 52.8873755769
1527 1528 8.26036731751 40.4505715769
1527 1535 10.1408712946 50.8518195037
1529 1530 6.43082589932 26.7802173729
1529 1531 4.64051325759 38.4289099325
1530 1532 7.16257907964 19.9858927489
1531 1532 8.56815584054 16.0339519175
1532 1533 10.7605903611 29.0602520962
1533 1540 6.29545385348 32.272042463
1533 1538 6.74787869162 5.67127288198
1534 1535 10.6346640872 67.1112977517
1535 1538 9.81361812289 15.1017383105
1537 1541 9.24898854155 25.082309806
1538 1541 7.49880723755 69.6130948586
1540 1554 5.75630133213 18.2881671559
1540 1556 5.61346911399 37.5587071501
1541 1543 12.2008771896 10.1237344888
1543 1544 9.50359863473 6.16738993272
1544 1556 5.76338451477 24.9427011541
1544 1558 6.97826196515 44.3243802081
1545 1546 5.16947393873 60.2483877557
1545 1547 10.0247835653 20.8319806878
1546 1554 6.15610956346 61.7092458311
1546 1551 8.4620435105 17.5140398324
1547 1548 9.58584723041 12.0920228161
1547 1551 5.71229535446 30.4064897386
1548 1549 11.0901699066 5.85234995536
1549 1550 9.96122737263 10.2605854436
1550 1552 6.20423647009 36.2117820196
1551 1552 10.4416489056 9.16962520957
1552 1553 9.58875876813 35.8982696969
1554 1555 9.68432671687 29.2577566275
1555 1557 9.11846562193 26.3161782041
1555 1559 8.47900568636 107.906877747
1556 1557 6.47224653982 19.3894881206
1557 1558 7.91801547585 29.8996008097
1561 1562 12.5249376297 20.9824331287
1561 1565 7.01238423627 54.3066244294
1561 1567 8.08958963829 55.0005261435
1562 1564 10.8789539337 8.70703738363
1563 1564 3.55903285973 27.3781057289
1564 1566 5.50836290043 26.0030323575
1565 1566 8.05323420731 16.5527255399
1565 1577 6.02213241589 35.2562422744
1566 1571 6.92417097904 29.5111146094
1567 1582 6.76529042992 59.7403609814
1568 1585 6.7686240759 49.9412600485
1568 1580 11.5441398621 8.81022133661
1568 1569 7.85336494446 7.10387218353
1570 1574 9.30291126202 47.7106092376
1571 1572 7.40384898043 32.4999331673
1572 1578 8.2470211948 24.515192087
1572 1575 7.61505693239 27.9538481822
1574 1575 6.30545023329 26.4662197033
1575 1576 9.05606651306 8.22921624458
1576 1611 11.433339425 66.9841371383
1577 1578 6.7562175635 11.7998675281
1578 1579 6.40512466431 5.67031745143
1580 1581 9.01028188838 90.9267470702
1580 1590 7.16657904784 39.3960293252
1581 1593 6.57235025691 29.2053760697
1581 1590 6.643465713 45.9729646608
1582 1583 9.0361219252 57.5900271629
1583 1585 4.47666432702 51.9740186423
1583 1588 5.84538326772 71.9433822212
1585 1591 10.5825315203 26.094635464
1586 1591 6.52069943503 38.7144281727
1588 1657 6.74754649707 110.447511537
1588 1589 11.0810605165 28.1348606073
1589 1656 5.96041948636 45.3065532738
1589 1596 8.25706868215 45.3380035347
1590 1591 9.14359107995 31.5518126267
1593 1594 6.14379152016 40.5961634853
1593 1595 7.04691923927 75.2068670403
1594 1595 7.37466149524 34.972574409
1594 1628 10.9519513799 18.8963270849
1595 1602 7.55704599251 31.8792042113
1596 1599 7.61159188744 33.6171254713
1596 1597 14.09496017 11.8413229028
1598 1599 6.90349977549 23.7181806871
1598 1661 8.05722173419 24.1517995936
1599 1603 9.5276927948 10.001624868
1600 1601 12.1341375927 11.5956822631
1601 1602 12.7719449997 16.3878766166
1601 1604 9.00920201529 29.2827749297
1602 1635 7.09316787994 57.7528301189
1603 1604 8.45682275856 27.4466801791
1604 1605 9.99774952442 13.4475235958
1605 1680 7.00546426396 66.3407821864
1605 1664 7.14358140803 101.866066653
1607 1616 5.88048500126 26.0119036363
1607 1610 5.62565688066 39.0898993388
1608 1609 11.0558475836 11.6887620992
1608 1618 9.41440867424 35.1528991972
1608 1614 9.52982410821 48.9511060941
1610 1616 6.56179224 14.3611701382
1610 1618 4.86663204501 29.0883676728
1611 1612 6.89754489592 29.7626999112
1611 1628 10.9671592324 55.7168509511
1612 1613 8.62854652611 11.5315572264
1613 1614 7.5289639074 43.04287338
1613 1631 7.15560670262 61.6275806153
1614 1621 9.87954293077 26.0329113106
1615 1629 8.15959150904 8.12419434018
1616 1617 4.23640900645 37.8816383297
1617 1619 8.15153437205 40.8358398058
1619 1620 7.61401329865 56.7118516283
1621 1622 5.95858344866 23.2609069784
1622 1641 8.33970264576 37.8386090908
1622 1623 6.8053799595 30.744028082
1623 1624 8.48776841073 35.7591762212
1623 1646 6.75345961189 59.992199602
1624 1626 8.20318289235 46.0329471068
1626 1646 7.71321847082 27.827894564
1628 1630 14.6526148254 17.3686252965
1629 1631 5.88915603013 13.0956240749
1629 1630 6.65379947241 37.2070605479
1630 1632 11.5019592656 48.8016342162
1631 1633 6.84011745393 44.0005767505
1632 1633 7.03262922028 24.8375596147
1632 1634 8.05956624078 33.395067406
1633 1643 6.52204415545 22.6311527062
1634 1649 10.3844930785 40.3626170208
1634 1685 7.32358110178 87.4282424882
1635 1640 5.60070536035 22.0224737829
1636 1640 7.10106467393 9.08231430621
1636 1637 10.8415173876 20.4204216258
1637 1638 12.8554906845 7.49833314811
1637 1639 6.73096171314 29.8440393432
1638 1684 8.59885328264 46.9070520773
1639 1680 7.58540129354 24.6677027779
1639 1681 4.87043309981 37.0301812262
1641 1642 9.65628204284 9.71494818595
1642 1643 5.78084982264 13.3359995206
1642 1644 5.47004320905 38.5935661523
1643 1644 5.16053174105 16.6222005387
1644 1645 7.09827454531 31.548887945
1645 1649 8.43586608156 34.2975825134
1645 1646 7.10101853098 87.7326132575
1647 1652 10.5393763358 45.2889658185
1649 1651 17.2072425347 29.8684939347
1650 1651 12.3067264557 16.2576904879
1650 1654 5.6672934596 38.3080640518
1650 1655 9.27800653466 8.87263026384
1651 1652 20.832595514 27.0340708071
1652 1653 21.766217012 19.8338060507
1654 1697 9.67845474928 20.569959719
1654 1655 3.56448739087 31.2667177377
1656 1658 3.49041241639 54.8117490105
1656 1661 6.58733652232 11.3026670291
1657 1665 7.68180074865 50.8216088673
1657 1658 12.5577640533 10.575916036
1658 1663 9.94286795978 16.7223046362
1660 1665 4.65645241372 12.7066212618
1661 1663 7.24864301079 29.253005012
1662 1663 8.02787140855 17.7215157467
1664 1680 10.3166908429 74.5252288852
1664 1668 10.6627295942 56.9022041425
1665 1667 6.15771437607 19.1081669934
1666 1667 11.2601729815 25.1009573383
1666 1668 8.06448867753 66.1856662962
1667 1669 6.41414773396 36.1855040744
1669 1672 5.16347510031 41.6451694554
1669 1670 4.66002767237 15.2877632099
1670 1672 5.38972467509 37.4370121208
1670 1671 8.00766944885 2.97026934806
1672 1677 6.3520115351 47.0296383694
1673 1674 5.5413813591 3.0
1674 1675 7.22433329254 16.8269284686
1675 1676 9.21555233002 8.54180894191
1675 1677 4.79365170941 41.2615219525
1677 1679 7.56525308462 28.0328001863
1681 1689 6.49954506154 40.5029106574
1681 1683 6.90084024962 39.0973624404
1682 1683 11.9538543926 12.5744373788
1682 1691 6.49350774426 28.1708331943
1682 1686 5.85564616565 34.9735358605
1684 1685 3.50380626204 14.9216296429
1684 1687 7.35849109219 36.0475958759
1685 1697 7.41922401137 26.7416292386
1686 1688 10.0 5.20096144958
1686 1689 11.6841663887 8.1176102726
1687 1689 14.3390408158 12.1457921892
1688 1693 8.28084046496 27.8699219652
1690 1691 7.59326432793 17.8349396634
1690 1692 10.7321145076 73.2317468718
1690 1694 5.94800651045 45.5354044183
1691 1693 7.96088768941 21.2907148245
1692 1696 9.90407928908 41.4432585738
1693 1694 7.37987874771 39.3401070437
1694 1695 8.32727978542 10.555746669
1695 1696 7.30036032043 28.3827105305
