0	 4186.4	 2396.6
1	 856.8	 581.7
2	 3235.6	 1004.0
3	 1081.5	 293.5
4	 1315.4	 1139.45
5	 2540.15	 1795.8
6	 4270.75	 2399.5
7	 4272.25	 2365.75
8	 3775.5	 1418.8
9	 867.75	 1285.75
10	 901.6	 1276.4
11	 987.8	 210.4
12	 3774.5	 1406.0
13	 3788.75	 1404.5
14	 1972.0	 910.4
15	 3605.2	 1369.8
16	 4219.6	 2172.5
17	 957.5	 1418.0
18	 3573.7	 1299.4
19	 4241.75	 2082.75
20	 3622.85	 1327.5
21	 2023.5	 1073.5
22	 3761.75	 1374.0
23	 3577.0	 2022.5
24	 2031.25	 975.0
25	 3754.6	 1339.0
26	 3537.8	 2011.2
27	 963.0	 1322.9
28	 3884.75	 1434.75
29	 2144.75	 1020.25
30	 3674.8	 2066.8
31	 3671.8	 2055.25
32	 3934.5	 1420.0
33	 1015.75	 1339.5
34	 892.4	 607.2
35	 3598.25	 2022.5
36	 710.2	 446.9
37	 1318.45	 282.2
38	 1178.4	 216.0
39	 1075.4	 1274.8
40	 2044.0	 883.0
41	 1194.6	 211.4
42	 2115.75	 939.5
43	 3962.8	 1377.2
44	 3977.25	 1365.75
45	 688.9	 340.1
46	 1255.25	 171.0
47	 667.0	 1189.75
48	 2135.75	 857.0
49	 151.0	 785.0
50	 3047.0	 1161.4
51	 522.75	 1120.0
52	 653.0	 1167.75
53	 305.25	 801.75
54	 312.5	 774.1
55	 712.5	 1140.0
56	 157.7	 701.95
57	 757.0	 1224.25
58	 3779.4	 1932.2
59	 3726.8	 1913.8
60	 2547.75	 1065.5
61	 3070.1	 1207.8
62	 873.3	 268.9
63	 887.0	 1215.75
64	 290.3	 914.1
65	 3804.0	 1906.4
66	 916.0	 1234.75
67	 3163.75	 1248.75
68	 1534.5	 483.5
69	 3834.6	 1937.05
70	 3215.75	 1251.25
71	 3823.2	 1908.6
72	 1573.5	 360.6
73	 248.1	 669.8
74	 3074.75	 1155.75
75	 3412.4	 1964.0
76	 3537.8	 1791.4
77	 1773.0	 533.5
78	 373.05	 792.2
79	 3565.4	 1816.2
80	 400.6	 760.0
81	 911.25	 1123.75
82	 1012.25	 1169.75
83	 3587.5	 1788.1
84	 3214.1	 1095.6
85	 1679.25	 501.3
86	 505.6	 776.0
87	 358.4	 732.8
88	 397.25	 728.0
89	 1668.8	 446.2
90	 961.25	 250.25
91	 460.5	 666.0
92	 489.1	 663.4
93	 3021.4	 889.6
94	 1146.6	 1413.2
95	 2905.8	 824.0
96	 1344.75	 443.0
97	 1340.8	 407.8
98	 1130.2	 1387.0
99	 122.25	 635.5
100	 2959.0	 853.8
101	 1339.85	 361.1
102	 117.8	 601.7
103	 1351.25	 353.0
104	 2964.0	 784.5
105	 2994.25	 869.25
106	 3854.2	 1692.8
107	 782.0	 224.2
108	 210.6	 636.4
109	 2635.4	 671.65
110	 300.0	 633.8
111	 1071.75	 779.0
112	 3038.2	 807.6
113	 3004.0	 796.0
114	 1452.8	 359.7
115	 3883.3	 1944.8
116	 3929.45	 1969.2
117	 3966.25	 2059.75
118	 3074.25	 1015.75
119	 3060.8	 999.4
120	 1349.25	 1565.5
121	 1540.3	 783.95
122	 201.6	 532.4
123	 1436.25	 1594.75
124	 3100.8	 926.6
125	 1443.4	 1504.2
126	 1324.4	 1460.4
127	 3056.1	 856.4
128	 1333.0	 1464.7
129	 1529.6	 426.4
130	 1521.25	 423.75
131	 212.5	 480.5
132	 1336.8	 1369.1
133	 3126.85	 842.35
134	 3130.55	 843.35
135	 2907.5	 1521.25
136	 3045.75	 1527.75
137	 3076.8	 1562.1
138	 3357.25	 1287.0
139	 4096.0	 1931.75
140	 1608.25	 366.25
141	 365.6	 591.4
142	 1412.4	 1394.6
143	 3297.8	 1242.0
144	 1410.0	 1387.25
145	 384.0	 577.25
146	 4259.75	 2043.0
147	 1180.0	 1321.0
148	 3526.8	 1270.8
149	 3292.25	 2142.5
150	 478.5	 596.0
151	 504.2	 560.4
152	 1207.5	 1345.25
153	 4111.0	 1832.75
154	 3153.75	 1485.45
155	 402.5	 526.5
156	 3489.2	 1198.0
157	 1233.75	 1236.5
158	 337.25	 507.75
159	 3518.25	 1195.0
160	 1116.5	 1198.7
161	 1513.95	 769.5
162	 1187.4	 1191.6
163	 440.2	 529.1
164	 1349.3	 741.6
165	 3924.9	 1802.6
166	 3944.25	 1788.0
167	 1193.05	 1218.95
168	 525.9	 477.4
169	 4044.0	 1774.5
170	 642.2	 797.6
171	 3661.2	 1227.4
172	 4018.75	 1698.5
173	 2901.75	 1993.5
174	 1319.8	 1273.2
175	 3931.1	 1278.2
176	 3882.65	 1627.5
177	 656.2	 755.1
178	 1720.75	 343.75
179	 1371.3	 1282.2
180	 3959.8	 1619.05
181	 1207.5	 1066.0
182	 564.0	 689.0
183	 2909.6	 1981.2
184	 1379.75	 1257.95
185	 2754.5	 1944.5
186	 3736.25	 1181.75
187	 589.6	 667.4
188	 3436.4	 1161.2
189	 1351.2	 1160.4
190	 776.0	 830.25
191	 3077.25	 2053.0
192	 1383.0	 1143.0
193	 4056.6	 1635.0
194	 3388.8	 1033.9
195	 396.25	 1088.0
196	 3288.75	 1003.0
197	 891.6	 798.4
198	 3054.75	 2018.25
199	 4182.0	 1607.2
200	 424.0	 1042.75
201	 2203.8	 1530.5
202	 376.8	 1024.0
203	 2222.2	 1531.2
204	 1088.0	 662.25
205	 3070.0	 1952.2
206	 3413.2	 1129.4
207	 3087.1	 1992.2
208	 769.3	 662.4
209	 807.9	 669.75
210	 827.55	 677.6
211	 3508.0	 1117.5
212	 2270.9	 1542.0
213	 3436.25	 1067.75
214	 949.4	 700.0
215	 613.5	 1094.75
216	 2703.75	 1905.25
217	 2659.8	 1892.6
218	 653.6	 639.35
219	 902.7	 1332.4
220	 571.7	 608.2
221	 682.5	 1241.3
222	 2270.0	 1400.0
223	 779.4	 1285.4
224	 895.75	 1252.25
225	 956.2	 1416.2
226	 1080.7	 1412.5
227	 981.0	 1323.0
228	 981.6	 1294.2
229	 947.7	 1276.2
230	 1098.0	 1349.0
231	 1035.6	 1297.4
232	 1013.6	 1263.3
233	 1017.0	 1285.8
234	 584.8	 998.2
235	 588.1	 1187.0
236	 699.3	 1206.2
237	 548.75	 970.2
238	 596.2	 1142.3
239	 585.1	 1119.4
240	 656.75	 1166.25
241	 668.5	 1147.5
242	 749.8	 561.2
243	 790.25	 1222.5
244	 852.4	 1228.8
245	 863.0	 1228.75
246	 2331.5	 1359.35
247	 649.5	 967.75
248	 2510.9	 1839.2
249	 984.75	 1204.25
250	 2366.5	 1565.0
251	 958.2	 1185.3
252	 807.0	 1132.5
253	 553.25	 486.25
254	 822.8	 1132.4
255	 966.75	 1132.6
256	 593.6	 481.0
257	 1053.0	 1145.0
258	 1174.75	 1447.75
259	 1279.7	 1482.0
260	 2822.5	 1939.9
261	 1184.0	 1395.25
262	 686.8	 535.2
263	 1183.65	 1380.8
264	 1157.0	 1364.75
265	 1292.75	 1422.75
266	 1298.0	 1413.75
267	 1201.25	 1360.5
268	 1208.3	 1353.5
269	 728.2	 540.45
270	 1299.75	 1364.5
271	 1386.1	 1522.2
272	 2443.8	 1526.35
273	 1329.25	 1459.75
274	 1341.1	 1436.75
275	 1373.2	 1433.7
276	 1303.2	 1382.5
277	 1412.2	 1459.8
278	 2429.0	 1583.0
279	 1437.6	 1432.4
280	 3938.3	 1477.6
281	 1409.0	 1391.4
282	 2953.25	 1909.0
283	 1144.15	 1244.55
284	 1260.9	 1285.1
285	 1180.2	 1267.0
286	 2994.8	 1911.6
287	 321.1	 905.8
288	 1095.25	 1156.5
289	 1142.0	 1161.4
290	 1207.1	 1215.4
291	 1203.0	 1186.75
292	 1225.2	 1121.6
293	 1323.25	 1319.8
294	 2928.2	 1615.2
295	 1344.0	 1257.5
296	 1342.1	 1233.5
297	 1410.6	 1336.4
298	 766.2	 561.4
299	 1394.3	 1243.6
300	 1428.2	 1240.4
301	 474.4	 928.0
302	 1296.8	 1206.5
303	 2862.6	 1873.8
304	 1357.3	 1161.4
305	 402.5	 1080.0
306	 451.4	 901.4
307	 455.9	 1093.65
308	 289.5	 995.3
309	 956.0	 611.25
310	 386.5	 1012.5
311	 489.6	 975.2
312	 2934.6	 1888.6
313	 666.7	 1065.1
314	 544.0	 1025.3
315	 635.75	 1003.5
316	 3001.4	 1895.2
317	 238.5	 860.5
318	 2912.75	 1862.5
319	 311.5	 960.75
320	 337.8	 952.2
321	 2181.45	 1262.15
322	 834.7	 550.1
323	 373.75	 911.25
324	 469.3	 900.45
325	 480.4	 897.6
326	 337.9	 872.2
327	 453.5	 892.75
328	 584.55	 953.1
329	 647.8	 962.1
330	 614.0	 949.75
331	 2260.0	 1334.0
332	 604.1	 935.0
333	 714.6	 940.3
334	 665.5	 920.5
335	 672.75	 922.0
336	 594.8	 870.4
337	 542.9	 850.6
338	 764.6	 872.0
339	 910.75	 1106.5
340	 942.75	 1084.0
341	 1018.3	 1113.8
342	 1022.75	 1083.75
343	 888.5	 1023.0
344	 946.0	 1029.25
345	 933.75	 1001.25
346	 986.6	 1037.95
347	 1083.0	 1028.3
348	 1045.3	 978.75
349	 1148.5	 1087.0
350	 1147.0	 1047.7
351	 1251.75	 1047.75
352	 1368.25	 1080.0
353	 1388.15	 1077.5
354	 1224.75	 1031.25
355	 1268.5	 976.25
356	 1311.25	 1036.25
357	 1342.0	 1005.3
358	 947.9	 973.3
359	 641.0	 922.0
360	 922.5	 892.75
361	 873.05	 857.0
362	 1086.25	 907.0
363	 1070.25	 862.25
364	 1224.4	 956.2
365	 1340.2	 918.4
366	 1251.1	 904.0
367	 1134.9	 852.7
368	 1220.3	 866.5
369	 1335.0	 883.25
370	 1381.8	 907.1
371	 1646.6	 1652.55
372	 1617.55	 1595.55
373	 1502.8	 1562.4
374	 167.25	 354.75
375	 1628.4	 1533.3
376	 1682.8	 1528.7
377	 161.8	 306.2
378	 1810.1	 1650.8
379	 2285.6	 1226.2
380	 1732.0	 1591.6
381	 1714.3	 1529.0
382	 1698.5	 1510.8
383	 1715.2	 1517.6
384	 1745.35	 1544.85
385	 1779.5	 1539.25
386	 1849.5	 1528.25
387	 1532.0	 1474.0
388	 2333.5	 1199.75
389	 1649.0	 1421.5
390	 1469.0	 1372.0
391	 1518.75	 1379.75
392	 1468.3	 1311.0
393	 1564.0	 1402.0
394	 1605.6	 1351.0
395	 1599.8	 1343.7
396	 1739.8	 1495.7
397	 1659.1	 1425.35
398	 2369.2	 1341.4
399	 1762.75	 1439.75
400	 1812.25	 1461.5
401	 1666.05	 1325.25
402	 750.8	 893.6
403	 1682.1	 1321.1
404	 2414.0	 1313.75
405	 1810.5	 1394.75
406	 1827.25	 1399.5
407	 1850.2	 1381.7
408	 1769.9	 1326.1
409	 1846.7	 1335.0
410	 1876.5	 1314.5
411	 3396.0	 2175.6
412	 1933.2	 1680.4
413	 2032.4	 1712.7
414	 719.0	 843.75
415	 3701.5	 1998.75
416	 1950.0	 1624.5
417	 1896.4	 1589.4
418	 1963.0	 1602.0
419	 1967.0	 1578.2
420	 2028.0	 1592.4
421	 1880.5	 1577.5
422	 371.5	 339.0
423	 2115.0	 1793.4
424	 875.5	 1109.75
425	 2151.6	 1807.4
426	 2434.2	 1250.15
427	 2049.5	 1677.75
428	 2076.1	 1646.7
429	 2079.2	 1621.9
430	 2113.2	 1663.4
431	 2147.4	 1664.4
432	 2173.2	 1659.6
433	 2161.95	 1553.8
434	 2115.25	 1690.5
435	 2485.0	 1255.75
436	 1938.2	 1548.2
437	 1918.0	 1492.25
438	 2009.9	 1515.2
439	 1897.4	 1403.3
440	 1945.2	 1379.0
441	 3357.5	 2079.75
442	 2396.6	 1225.1
443	 2022.25	 1467.0
444	 2414.2	 1222.4
445	 2112.85	 1549.35
446	 2088.5	 1358.25
447	 2116.75	 1312.0
448	 2156.8	 1373.0
449	 1488.4	 1290.7
450	 1457.9	 1249.4
451	 1494.0	 1232.3
452	 2428.6	 1127.8
453	 1557.1	 1269.0
454	 1609.5	 1290.2
455	 1547.6	 1198.4
456	 1444.85	 1176.65
457	 1514.0	 1148.5
458	 1532.0	 1157.9
459	 1608.0	 1101.75
460	 1627.7	 1284.9
461	 1639.95	 1257.95
462	 1672.5	 1257.75
463	 1672.2	 1197.35
464	 1694.8	 1284.9
465	 212.8	 248.5
466	 1749.75	 1236.75
467	 1701.4	 1136.0
468	 3414.4	 2051.6
469	 1691.2	 1116.1
470	 1691.75	 1110.0
471	 1776.75	 1135.25
472	 1789.7	 1110.35
473	 1730.5	 1191.5
474	 283.9	 224.8
475	 1589.2	 1035.85
476	 1573.9	 1021.7
477	 1580.65	 1011.7
478	 3437.25	 2095.5
479	 1495.75	 928.25
480	 330.8	 273.6
481	 1536.8	 963.4
482	 1533.25	 866.65
483	 1571.3	 956.0
484	 2550.0	 1505.0
485	 1651.1	 1042.0
486	 1711.9	 1044.1
487	 990.75	 1033.75
488	 1747.75	 1059.25
489	 1757.6	 1051.0
490	 1685.5	 914.75
491	 1719.45	 921.05
492	 1649.4	 896.55
493	 1745.0	 864.0
494	 1770.0	 845.0
495	 244.2	 195.6
496	 1849.0	 1209.3
497	 1941.0	 1305.5
498	 1922.0	 1208.8
499	 1967.75	 1245.75
500	 1829.8	 1175.4
501	 1802.2	 1101.0
502	 1888.2	 1110.8
503	 1943.4	 1128.3
504	 1896.8	 1084.4
505	 1958.3	 1109.35
506	 2029.5	 1221.2
507	 3261.0	 2006.0
508	 2568.4	 1449.8
509	 2151.75	 1082.25
510	 1199.05	 1082.0
511	 1879.0	 984.5
512	 378.8	 165.4
513	 1935.25	 1001.75
514	 2558.25	 1408.25
515	 1250.5	 1053.25
516	 1078.7	 286.4
517	 1933.0	 877.25
518	 2071.4	 1046.4
519	 396.5	 99.75
520	 2145.7	 1006.4
521	 2084.0	 961.4
522	 2162.0	 994.0
523	 2172.8	 1210.7
524	 3183.8	 1862.6
525	 2010.0	 916.7
526	 2028.7	 894.7
527	 2064.9	 852.65
528	 2151.8	 909.3
529	 2075.6	 876.8
530	 2088.4	 846.6
531	 2086.2	 870.25
532	 2112.9	 952.9
533	 2628.2	 1369.2
534	 158.75	 789.5
535	 163.4	 750.9
536	 245.65	 761.5
537	 319.0	 783.6
538	 143.9	 702.0
539	 147.2	 652.6
540	 174.5	 650.0
541	 222.25	 740.75
542	 306.6	 716.9
543	 1207.5	 1036.75
544	 2772.55	 1043.2
545	 404.5	 826.2
546	 341.7	 755.2
547	 376.75	 775.5
548	 538.75	 828.75
549	 1223.75	 1027.75
550	 441.75	 776.85
551	 494.9	 771.0
552	 492.2	 763.5
553	 482.8	 794.8
554	 3294.6	 1897.4
555	 3311.6	 2030.2
556	 438.7	 714.7
557	 542.8	 744.0
558	 497.6	 714.0
559	 464.75	 656.25
560	 127.5	 632.6
561	 173.4	 607.0
562	 248.2	 606.2
563	 255.7	 634.8
564	 3328.5	 1930.0
565	 261.25	 570.75
566	 261.25	 575.25
567	 309.75	 576.0
568	 143.3	 508.6
569	 194.2	 512.9
570	 233.9	 550.8
571	 306.1	 557.2
572	 1329.5	 1007.25
573	 367.6	 633.5
574	 366.0	 639.5
575	 375.0	 578.25
576	 1352.1	 1013.1
577	 521.5	 606.5
578	 481.45	 599.65
579	 358.7	 539.15
580	 333.6	 522.0
581	 400.3	 535.8
582	 1345.5	 661.0
583	 496.75	 515.75
584	 474.2	 498.2
585	 541.0	 659.5
586	 3460.8	 1952.6
587	 1543.5	 1294.75
588	 632.25	 748.75
589	 680.2	 839.5
590	 695.9	 799.5
591	 601.35	 709.65
592	 443.8	 104.6
593	 566.5	 678.0
594	 2785.4	 1464.8
595	 643.8	 682.0
596	 710.5	 704.0
597	 765.5	 797.5
598	 829.3	 804.6
599	 813.35	 768.9
600	 810.0	 781.75
601	 885.9	 937.5
602	 793.0	 700.0
603	 848.05	 747.55
604	 768.5	 690.0
605	 808.25	 675.25
606	 920.8	 737.8
607	 948.75	 743.9
608	 3642.5	 1258.2
609	 2775.8	 1376.2
610	 552.1	 632.1
611	 570.6	 620.1
612	 551.2	 179.2
613	 2640.9	 1036.9
614	 635.4	 558.0
615	 550.3	 479.8
616	 591.9	 477.4
617	 717.65	 515.3
618	 756.2	 606.8
619	 793.1	 608.7
620	 857.3	 562.4
621	 871.7	 638.95
622	 2822.5	 1392.75
623	 897.0	 570.5
624	 863.5	 867.0
625	 763.25	 558.25
626	 820.3	 493.9
627	 837.6	 497.6
628	 868.6	 550.9
629	 3448.75	 1885.0
630	 276.0	 455.25
631	 3435.85	 1926.1
632	 337.25	 450.5
633	 2580.25	 1330.75
634	 188.05	 311.25
635	 285.5	 307.25
636	 565.25	 458.75
637	 534.4	 422.5
638	 490.3	 419.2
639	 4192.4	 1812.9
640	 393.7	 314.9
641	 422.5	 304.15
642	 2625.5	 1336.75
643	 475.9	 332.7
644	 203.75	 299.75
645	 207.0	 242.75
646	 294.4	 261.4
647	 332.45	 223.5
648	 410.0	 232.8
649	 393.0	 220.7
650	 260.25	 180.5
651	 299.25	 170.0
652	 403.0	 141.8
653	 482.6	 259.4
654	 450.5	 205.0
655	 485.65	 231.55
656	 509.45	 300.15
657	 2580.75	 1165.5
658	 547.4	 285.0
659	 517.3	 223.25
660	 518.6	 214.4
661	 433.7	 161.7
662	 466.1	 162.1
663	 575.75	 330.75
664	 431.4	 89.4
665	 493.4	 77.2
666	 535.3	 132.8
667	 527.0	 93.0
668	 562.6	 70.2
669	 650.3	 444.3
670	 2557.7	 1135.6
671	 2373.25	 1769.75
672	 726.0	 440.25
673	 754.5	 402.8
674	 744.0	 370.2
675	 595.0	 301.9
676	 625.1	 344.0
677	 585.5	 290.5
678	 2696.8	 1158.6
679	 710.95	 333.65
680	 679.6	 275.0
681	 800.0	 430.0
682	 3290.9	 999.5
683	 813.0	 416.75
684	 924.8	 428.1
685	 2295.8	 1762.1
686	 2278.2	 1747.4
687	 783.6	 344.4
688	 770.5	 265.75
689	 829.05	 311.35
690	 644.8	 298.1
691	 881.7	 359.4
692	 938.4	 324.9
693	 620.05	 199.8
694	 638.25	 267.55
695	 582.5	 141.0
696	 1197.75	 909.25
697	 693.6	 180.4
698	 707.4	 187.1
699	 626.0	 142.6
700	 668.8	 99.0
701	 702.2	 129.7
702	 711.0	 127.0
703	 691.0	 80.4
704	 805.35	 205.75
705	 793.75	 185.75
706	 2782.25	 1245.0
707	 829.0	 198.75
708	 881.5	 231.0
709	 2770.2	 1231.6
710	 959.5	 219.75
711	 896.75	 195.25
712	 802.4	 122.0
713	 906.4	 148.8
714	 979.0	 820.75
715	 1050.75	 796.25
716	 1106.8	 798.3
717	 2480.5	 1813.75
718	 1229.2	 840.7
719	 2816.75	 1248.5
720	 1266.4	 838.25
721	 1046.5	 700.7
722	 1117.0	 716.25
723	 1345.3	 806.8
724	 1429.8	 821.4
725	 2740.0	 1824.9
726	 1377.9	 863.45
727	 1525.8	 788.4
728	 2664.7	 1805.2
729	 865.5	 459.75
730	 2715.6	 1794.0
731	 1314.3	 704.5
732	 1411.6	 694.3
733	 1520.0	 743.3
734	 1496.65	 696.7
735	 1009.2	 670.8
736	 2499.1	 1773.05
737	 1248.0	 682.45
738	 991.2	 558.8
739	 1252.7	 619.2
740	 1167.0	 576.5
741	 1309.3	 679.5
742	 1321.6	 662.7
743	 1398.25	 662.0
744	 1471.3	 669.6
745	 2591.25	 1754.5
746	 969.9	 388.2
747	 1547.2	 649.2
748	 1399.7	 564.15
749	 1465.0	 632.75
750	 2486.25	 1721.75
751	 1555.2	 593.4
752	 1598.25	 822.65
753	 780.3	 332.9
754	 1592.05	 810.2
755	 1713.3	 827.3
756	 1570.1	 796.5
757	 2608.8	 1740.4
758	 1701.25	 786.75
759	 1650.5	 1646.5
760	 1731.1	 803.0
761	 797.5	 349.0
762	 1805.75	 789.0
763	 1801.75	 775.75
764	 1571.0	 756.25
765	 1655.0	 755.75
766	 1658.5	 741.25
767	 1716.5	 739.8
768	 2678.2	 1765.4
769	 1736.75	 767.1
770	 1950.5	 782.4
771	 2007.9	 793.65
772	 2023.0	 819.5
773	 2738.6	 1776.0
774	 2149.25	 830.0
775	 2167.5	 834.25
776	 2127.65	 810.2
777	 1981.0	 721.3
778	 2179.8	 1027.6
779	 2052.5	 704.5
780	 2103.65	 727.9
781	 2227.25	 1056.75
782	 1602.8	 649.1
783	 1652.4	 659.4
784	 1713.4	 652.8
785	 1687.25	 593.25
786	 1739.6	 630.5
787	 1769.7	 600.05
788	 1828.05	 620.85
789	 1821.0	 594.75
790	 1989.5	 703.25
791	 1903.4	 671.6
792	 2027.8	 691.0
793	 2071.0	 696.0
794	 2160.25	 650.0
795	 1954.15	 625.0
796	 1981.25	 608.25
797	 1875.35	 576.8
798	 2019.5	 632.7
799	 2108.5	 566.3
800	 892.0	 286.0
801	 3578.1	 1817.6
802	 3508.65	 2317.0
803	 1095.55	 845.3
804	 965.0	 261.0
805	 1035.0	 529.0
806	 1001.25	 405.5
807	 1007.9	 440.5
808	 2244.8	 1662.6
809	 1023.7	 387.25
810	 1084.6	 437.45
811	 1090.5	 440.75
812	 1078.0	 426.2
813	 1094.7	 358.75
814	 1161.5	 414.25
815	 1168.5	 538.95
816	 616.1	 203.1
817	 1163.7	 515.8
818	 1168.8	 510.2
819	 1335.75	 540.25
820	 1228.6	 556.1
821	 1192.8	 430.6
822	 1197.0	 462.6
823	 1236.0	 420.5
824	 1176.7	 371.3
825	 2223.75	 929.75
826	 615.0	 187.5
827	 2211.25	 901.5
828	 637.0	 193.0
829	 1271.7	 343.2
830	 996.0	 290.2
831	 1015.1	 319.2
832	 966.1	 243.5
833	 1009.7	 271.8
834	 684.25	 259.0
835	 1110.0	 271.25
836	 972.75	 209.25
837	 1048.7	 199.85
838	 1097.2	 208.5
839	 2244.75	 870.5
840	 1128.5	 236.0
841	 1196.0	 183.75
842	 1192.8	 208.4
843	 1131.0	 166.5
844	 2339.25	 969.5
845	 755.0	 193.3
846	 1412.5	 493.75
847	 1503.8	 555.3
848	 1531.3	 530.6
849	 1500.6	 516.8
850	 1600.75	 511.5
851	 1509.5	 555.5
852	 1843.5	 1613.0
853	 1472.45	 483.6
854	 1727.0	 1594.5
855	 1479.4	 449.3
856	 602.6	 92.4
857	 1511.75	 444.35
858	 1723.1	 529.3
859	 1753.35	 1596.2
860	 2004.45	 531.35
861	 1682.0	 478.65
862	 1732.8	 488.4
863	 1740.3	 487.8
864	 1873.4	 483.4
865	 2359.0	 1074.5
866	 1390.0	 433.0
867	 1369.0	 370.3
868	 1352.5	 357.75
869	 1373.6	 380.8
870	 1426.0	 401.5
871	 1444.9	 402.3
872	 1409.75	 346.5
873	 2515.5	 1674.75
874	 1746.05	 1503.2
875	 1379.4	 300.4
876	 1412.0	 317.3
877	 1460.8	 312.6
878	 700.5	 134.0
879	 1523.2	 427.0
880	 1596.8	 431.3
881	 1532.25	 374.0
882	 2422.0	 1022.5
883	 2411.65	 1004.05
884	 1726.1	 413.8
885	 1754.6	 432.6
886	 1510.9	 343.1
887	 1817.5	 1540.5
888	 2751.9	 1674.8
889	 1633.0	 323.85
890	 1698.5	 352.25
891	 1592.55	 304.95
892	 1850.5	 1521.5
893	 2503.0	 1095.0
894	 2590.8	 1643.0
895	 2545.2	 1628.8
896	 2509.75	 1609.75
897	 1477.8	 1498.2
898	 2808.0	 1989.0
899	 2909.5	 1985.7
900	 2740.0	 1961.0
901	 2965.75	 2047.0
902	 2394.0	 951.5
903	 954.4	 248.5
904	 3083.6	 2037.5
905	 2982.9	 2012.5
906	 3014.2	 1985.9
907	 3057.0	 2015.5
908	 1592.0	 1459.0
909	 3084.25	 1958.5
910	 3079.6	 1989.8
911	 3026.8	 1939.0
912	 1850.5	 1530.4
913	 2845.5	 1829.5
914	 797.0	 170.6
915	 2596.0	 1906.0
916	 2717.2	 1849.8
917	 2512.4	 1835.3
918	 2683.2	 1840.7
919	 2897.1	 1915.6
920	 2809.8	 1929.3
921	 2995.9	 1898.6
922	 3109.5	 1886.75
923	 2819.2	 1885.8
924	 2811.8	 1886.8
925	 812.8	 80.8
926	 3032.0	 1812.25
927	 2842.6	 1857.9
928	 2850.05	 1835.3
929	 3091.6	 1827.7
930	 2946.75	 1884.25
931	 3088.0	 1886.0
932	 2909.75	 1865.75
933	 860.8	 168.7
934	 2233.6	 837.4
935	 3077.0	 1813.5
936	 1579.0	 1346.2
937	 2251.75	 743.25
938	 3167.2	 2044.5
939	 3243.8	 2096.8
940	 3312.5	 2087.25
941	 1664.5	 1474.75
942	 2879.0	 1745.4
943	 2912.6	 1754.6
944	 2331.8	 739.8
945	 2281.6	 767.2
946	 2844.85	 1731.3
947	 3343.15	 2134.9
948	 3369.0	 2129.4
949	 3394.0	 2067.45
950	 1759.6	 1481.8
951	 3404.0	 2095.8
952	 3476.8	 2130.0
953	 3433.6	 2086.9
954	 3147.75	 2019.0
955	 3170.1	 1986.8
956	 3237.35	 1942.95
957	 1044.0	 793.5
958	 3191.5	 1916.55
959	 1049.0	 800.75
960	 2234.65	 655.2
961	 3113.6	 1736.0
962	 3235.0	 1844.2
963	 3258.4	 1858.4
964	 3124.4	 1734.0
965	 3306.3	 2035.6
966	 3349.5	 1976.4
967	 1830.75	 1423.25
968	 3184.6	 1814.0
969	 3421.0	 1926.8
970	 3431.95	 1928.45
971	 3448.75	 1953.0
972	 3321.15	 1878.35
973	 3387.1	 1907.3
974	 3313.25	 1862.25
975	 3388.25	 1868.0
976	 3480.0	 1886.5
977	 3483.5	 1856.75
978	 2310.4	 658.4
979	 2243.6	 1778.4
980	 3207.75	 1786.2
981	 2414.55	 1840.2
982	 2171.75	 831.25
983	 2447.05	 1765.95
984	 982.7	 739.9
985	 2414.5	 1742.5
986	 1715.25	 1351.0
987	 3308.25	 1810.0
988	 1117.25	 768.5
989	 1072.9	 769.75
990	 2609.0	 1795.25
991	 2670.65	 1807.65
992	 2746.35	 1830.25
993	 2787.6	 1828.2
994	 2695.7	 1781.0
995	 2713.6	 1784.6
996	 2517.75	 1775.0
997	 2522.0	 1748.5
998	 2482.4	 1735.9
999	 2590.8	 1745.8
1000	 2675.25	 1715.0
1001	 2193.8	 1686.0
1002	 2222.3	 1692.5
1003	 2245.8	 1709.5
1004	 2190.95	 1672.45
1005	 2176.65	 1643.85
1006	 2307.5	 1606.25
1007	 2289.75	 1594.75
1008	 2403.25	 1631.0
1009	 2456.0	 1638.0
1010	 2422.0	 802.0
1011	 2636.0	 1694.25
1012	 2523.5	 1663.0
1013	 1264.65	 723.1
1014	 1220.25	 710.25
1015	 2542.75	 1581.25
1016	 2651.5	 1627.7
1017	 2695.8	 1627.6
1018	 2720.75	 1590.4
1019	 2838.2	 1776.05
1020	 2946.7	 1806.2
1021	 3080.0	 1811.9
1022	 3036.0	 1785.45
1023	 3089.5	 1776.5
1024	 2798.6	 1750.45
1025	 3072.5	 1767.75
1026	 3115.4	 1732.3
1027	 3240.5	 1820.0
1028	 3143.5	 1790.75
1029	 3207.2	 1799.2
1030	 3138.5	 1819.7
1031	 3320.25	 1816.25
1032	 3418.3	 1815.6
1033	 3327.3	 1806.4
1034	 3200.15	 1740.6
1035	 3259.75	 1727.75
1036	 3272.3	 1770.8
1037	 459.8	 275.4
1038	 1558.25	 807.5
1039	 2883.5	 1710.25
1040	 2903.75	 1707.25
1041	 4023.4	 1701.0
1042	 2865.0	 1710.95
1043	 1501.75	 778.25
1044	 2877.2	 1654.0
1045	 2887.1	 1653.4
1046	 3043.2	 1706.2
1047	 3097.4	 1699.8
1048	 2992.2	 1695.6
1049	 2986.0	 1675.25
1050	 2859.2	 1704.2
1051	 2925.5	 1626.0
1052	 2826.0	 1595.5
1053	 2929.0	 1620.4
1054	 3164.7	 1656.9
1055	 3223.05	 1663.65
1056	 3158.75	 1680.25
1057	 3316.6	 1666.0
1058	 3109.4	 1620.2
1059	 3206.5	 1595.25
1060	 3270.5	 1643.7
1061	 3469.0	 1622.25
1062	 3421.85	 1609.2
1063	 3055.1	 2002.8
1064	 1833.25	 1173.0
1065	 2927.25	 1647.5
1066	 3681.6	 2412.6
1067	 2556.5	 1082.0
1068	 3512.5	 2333.5
1069	 1976.6	 1649.0
1070	 3913.0	 2404.45
1071	 3869.0	 2508.2
1072	 3818.65	 2293.25
1073	 3872.5	 2319.4
1074	 3078.25	 1659.5
1075	 3917.4	 2312.2
1076	 3906.75	 2272.5
1077	 3920.2	 2289.8
1078	 3503.0	 2225.5
1079	 1998.0	 1566.0
1080	 3536.1	 2195.7
1081	 3580.75	 2198.0
1082	 2033.25	 1569.0
1083	 3690.75	 2249.5
1084	 3708.0	 2243.5
1085	 3502.1	 2159.1
1086	 2933.0	 1636.35
1087	 3604.6	 2143.2
1088	 3680.75	 2127.75
1089	 606.25	 455.75
1090	 3624.65	 2091.5
1091	 3618.4	 2180.6
1092	 3743.8	 2261.7
1093	 3809.6	 2259.95
1094	 3880.75	 2206.75
1095	 2933.25	 1622.0
1096	 2099.0	 1712.25
1097	 3873.75	 2201.75
1098	 2119.75	 1803.75
1099	 3833.1	 2105.3
1100	 2145.6	 1811.0
1101	 2962.8	 1590.0
1102	 4101.5	 2662.75
1103	 4056.0	 2534.0
1104	 3945.75	 2495.5
1105	 3936.5	 2520.0
1106	 4137.0	 2654.75
1107	 4165.0	 2612.4
1108	 4160.5	 2599.0
1109	 4198.65	 2645.2
1110	 4226.2	 2564.8
1111	 4188.2	 2554.2
1112	 3218.5	 1686.5
1113	 4188.25	 2434.75
1114	 4209.55	 2464.1
1115	 2768.4	 1553.25
1116	 3948.1	 2332.1
1117	 3986.95	 2317.7
1118	 3213.2	 1661.4
1119	 1229.25	 559.25
1120	 3955.4	 2226.25
1121	 3992.1	 2122.35
1122	 4085.5	 2399.0
1123	 4181.0	 2383.5
1124	 4187.75	 2389.0
1125	 4253.95	 2389.1
1126	 4249.5	 2399.75
1127	 4246.75	 2372.75
1128	 4185.1	 2341.8
1129	 4246.75	 2307.0
1130	 4251.6	 2361.5
1131	 2122.35	 1631.45
1132	 2815.4	 1089.2
1133	 2148.4	 1669.5
1134	 4128.0	 2087.5
1135	 4183.0	 2176.25
1136	 4170.75	 2146.5
1137	 4222.95	 2274.05
1138	 3154.2	 1609.4
1139	 4138.5	 2101.0
1140	 4230.5	 2079.25
1141	 3488.25	 2034.3
1142	 3501.75	 2045.0
1143	 3587.6	 2013.5
1144	 3675.5	 2059.75
1145	 3602.3	 1980.6
1146	 3648.0	 1989.75
1147	 1890.0	 1537.25
1148	 3582.35	 1965.5
1149	 3523.7	 1921.9
1150	 2765.75	 1002.5
1151	 3766.7	 2013.7
1152	 1916.3	 1505.8
1153	 3791.6	 2039.4
1154	 3828.4	 2051.9
1155	 3800.25	 1964.25
1156	 3685.3	 1937.9
1157	 3736.8	 1935.4
1158	 3772.75	 1943.75
1159	 3687.8	 1899.7
1160	 3837.2	 1947.2
1161	 3857.75	 1844.75
1162	 3490.2	 1790.2
1163	 3532.85	 1760.25
1164	 1303.7	 610.4
1165	 3608.5	 1842.2
1166	 1468.7	 1319.6
1167	 1952.7	 1539.7
1168	 3591.5	 1689.25
1169	 1393.7	 577.0
1170	 2520.6	 824.7
1171	 1407.25	 567.5
1172	 3713.1	 1757.55
1173	 3778.5	 1797.5
1174	 1953.75	 1459.75
1175	 3792.75	 1804.25
1176	 2994.0	 1780.0
1177	 3658.55	 1719.2
1178	 3812.05	 1661.15
1179	 3874.5	 2054.2
1180	 4015.0	 1966.0
1181	 4035.0	 1983.0
1182	 3685.8	 2405.2
1183	 2567.4	 625.35
1184	 4067.8	 1841.0
1185	 4182.25	 1937.25
1186	 4250.5	 2057.25
1187	 2618.25	 708.75
1188	 4095.1	 1899.5
1189	 4083.6	 1846.2
1190	 4167.7	 1828.6
1191	 2846.4	 1544.8
1192	 1609.25	 794.25
1193	 1693.25	 783.35
1194	 3882.0	 1669.4
1195	 1708.25	 783.75
1196	 3954.3	 1668.6
1197	 4003.7	 1630.15
1198	 4114.7	 1662.9
1199	 4054.5	 1636.75
1200	 4185.25	 1651.0
1201	 4141.6	 1634.3
1202	 1734.75	 805.75
1203	 514.5	 204.3
1204	 2205.15	 1472.75
1205	 2241.0	 1507.4
1206	 2237.5	 1478.7
1207	 3704.5	 2308.85
1208	 2330.5	 1496.1
1209	 2349.4	 1499.7
1210	 3645.75	 2279.25
1211	 2199.0	 1389.75
1212	 2210.5	 1375.1
1213	 2271.5	 1384.25
1214	 2311.1	 1459.3
1215	 2279.35	 1384.1
1216	 2349.5	 1399.25
1217	 2370.6	 1535.5
1218	 2467.3	 1528.6
1219	 2397.75	 1459.25
1220	 2392.0	 1470.25
1221	 2405.0	 1374.7
1222	 2447.6	 1433.4
1223	 2517.9	 1396.1
1224	 2212.75	 1308.2
1225	 2190.25	 1265.5
1226	 2280.4	 1328.7
1227	 2329.0	 1317.5
1228	 2296.75	 1276.25
1229	 2258.1	 1284.1
1230	 2305.9	 1303.5
1231	 2335.9	 1249.0
1232	 2199.0	 1224.0
1233	 2218.9	 1197.6
1234	 2252.75	 1208.75
1235	 2141.7	 1328.9
1236	 2282.1	 1205.8
1237	 1722.25	 705.0
1238	 3457.5	 1980.0
1239	 2257.25	 1113.5
1240	 2344.55	 1319.35
1241	 1465.1	 1307.9
1242	 2688.25	 666.5
1243	 2387.1	 1257.4
1244	 2457.0	 1252.3
1245	 2398.75	 1227.5
1246	 2389.35	 1165.55
1247	 1721.75	 733.25
1248	 2451.15	 1180.65
1249	 2530.0	 1510.0
1250	 2616.5	 1508.5
1251	 2533.4	 1504.6
1252	 2631.75	 1573.0
1253	 2629.5	 1522.75
1254	 2699.2	 1532.0
1255	 1515.9	 1253.2
1256	 2595.6	 1469.45
1257	 1496.6	 1228.6
1258	 2645.6	 1441.7
1259	 2678.25	 1380.5
1260	 2752.4	 1513.9
1261	 3805.6	 2338.2
1262	 3808.8	 2340.5
1263	 3850.25	 2352.75
1264	 2806.9	 1527.5
1265	 3040.5	 1531.5
1266	 3048.5	 1529.6
1267	 2842.1	 1480.5
1268	 2738.8	 1444.1
1269	 2734.0	 1439.3
1270	 1191.2	 1399.1
1271	 3319.3	 2182.5
1272	 2830.75	 1460.5
1273	 2819.8	 1406.0
1274	 2565.25	 1360.0
1275	 2555.0	 1228.25
1276	 2552.85	 1141.35
1277	 2085.5	 801.25
1278	 3141.6	 1541.8
1279	 2607.85	 1241.5
1280	 2746.9	 1304.25
1281	 2716.3	 1285.35
1282	 3893.8	 2284.3
1283	 2874.0	 1348.5
1284	 2965.8	 1476.8
1285	 2736.4	 1180.4
1286	 2783.8	 1226.6
1287	 2771.1	 1180.7
1288	 2792.25	 1201.5
1289	 3906.75	 2269.0
1290	 1562.25	 1199.75
1291	 2811.05	 1200.9
1292	 1989.5	 738.5
1293	 2860.0	 1176.25
1294	 3564.75	 2256.25
1295	 2283.9	 1116.1
1296	 2937.5	 1455.75
1297	 2203.3	 972.7
1298	 3046.5	 1518.5
1299	 2175.4	 959.7
1300	 2184.3	 860.5
1301	 2199.25	 854.0
1302	 2220.8	 881.0
1303	 2281.1	 856.4
1304	 2072.95	 758.1
1305	 2366.75	 1052.25
1306	 2407.6	 1064.0
1307	 2379.7	 1046.4
1308	 2460.7	 1047.7
1309	 2456.7	 1061.0
1310	 2483.2	 1042.0
1311	 2111.5	 753.0
1312	 2498.2	 1016.7
1313	 1646.25	 1259.25
1314	 2421.55	 915.9
1315	 2448.2	 886.2
1316	 2502.0	 886.5
1317	 2430.7	 849.15
1318	 2208.5	 743.5
1319	 2274.2	 832.7
1320	 2313.7	 738.5
1321	 2202.25	 720.25
1322	 2265.3	 687.7
1323	 2319.2	 681.4
1324	 2311.5	 668.75
1325	 2352.5	 806.3
1326	 2365.4	 821.8
1327	 2379.75	 771.05
1328	 2401.0	 774.4
1329	 2481.7	 788.0
1330	 1603.8	 655.2
1331	 3673.0	 2189.75
1332	 1705.5	 1288.4
1333	 1607.0	 648.25
1334	 2515.75	 1076.0
1335	 2523.0	 1080.0
1336	 1801.25	 1273.25
1337	 2657.8	 1041.0
1338	 2688.75	 1017.0
1339	 2602.7	 950.1
1340	 2538.2	 926.7
1341	 2614.2	 941.2
1342	 2679.3	 991.5
1343	 2736.1	 1089.9
1344	 1757.5	 681.6
1345	 2770.75	 1085.25
1346	 2789.1	 1062.4
1347	 2850.5	 1067.75
1348	 2857.8	 1052.8
1349	 711.3	 1145.2
1350	 2780.5	 928.25
1351	 3490.85	 2102.8
1352	 2515.2	 824.9
1353	 965.8	 194.5
1354	 2645.2	 779.8
1355	 3390.8	 1445.4
1356	 1635.6	 1152.8
1357	 3391.1	 1489.3
1358	 1665.0	 1148.6
1359	 2868.15	 847.15
1360	 2873.2	 786.4
1361	 2783.35	 829.6
1362	 2697.4	 683.6
1363	 1221.5	 1400.75
1364	 2954.25	 1533.5
1365	 494.5	 71.5
1366	 1697.4	 1110.4
1367	 2615.0	 1475.7
1368	 1679.25	 615.5
1369	 3133.25	 1573.5
1370	 3095.0	 1580.9
1371	 2982.4	 1515.2
1372	 2927.2	 1475.9
1373	 1568.0	 573.75
1374	 3192.5	 1498.0
1375	 2908.8	 1421.2
1376	 2923.2	 1397.0
1377	 1713.75	 1089.5
1378	 3246.75	 1526.0
1379	 3313.1	 1550.3
1380	 3387.2	 1482.5
1381	 3066.0	 1376.6
1382	 2990.25	 1400.75
1383	 2933.75	 1379.0
1384	 1577.5	 1072.7
1385	 3096.0	 1452.0
1386	 3012.9	 1307.3
1387	 1713.2	 568.2
1388	 3316.8	 1363.6
1389	 3362.0	 1382.0
1390	 3331.45	 1360.1
1391	 1608.25	 1041.0
1392	 3153.25	 1378.75
1393	 1568.0	 1021.8
1394	 3706.0	 1550.5
1395	 3746.75	 1554.5
1396	 3764.7	 2104.6
1397	 3768.6	 1514.3
1398	 3777.95	 1471.7
1399	 3900.75	 1576.75
1400	 3971.7	 1582.5
1401	 1608.9	 964.2
1402	 3942.5	 1539.25
1403	 1959.5	 673.0
1404	 3964.0	 1498.7
1405	 3054.1	 1330.2
1406	 4097.9	 1507.9
1407	 4012.5	 1482.6
1408	 3592.6	 1427.6
1409	 3655.1	 1385.0
1410	 3709.05	 1422.4
1411	 3704.6	 1410.5
1412	 3778.0	 1406.75
1413	 3873.25	 2074.25
1414	 3611.65	 1325.5
1415	 3785.8	 2332.8
1416	 3592.0	 1294.5
1417	 3848.0	 1451.25
1418	 2141.25	 696.5
1419	 3919.2	 1428.2
1420	 3960.05	 1382.45
1421	 3981.3	 1363.0
1422	 2787.65	 1419.95
1423	 1595.2	 928.4
1424	 2962.0	 1032.3
1425	 2985.5	 1089.75
1426	 3211.6	 1302.4
1427	 3045.8	 1063.0
1428	 3039.6	 1035.8
1429	 3062.0	 1204.4
1430	 3054.8	 1165.6
1431	 3176.6	 1245.7
1432	 3201.0	 1264.9
1433	 3113.5	 1139.5
1434	 3103.25	 1077.25
1435	 3169.0	 1134.6
1436	 1896.4	 615.8
1437	 1665.95	 1085.2
1438	 2913.2	 1006.9
1439	 2957.45	 909.9
1440	 2961.75	 849.75
1441	 2968.05	 794.9
1442	 3017.0	 883.2
1443	 1870.4	 572.4
1444	 3031.7	 834.9
1445	 2991.5	 814.0
1446	 3065.2	 1012.2
1447	 3136.4	 1002.9
1448	 1694.5	 995.75
1449	 2915.75	 1693.25
1450	 3057.2	 842.9
1451	 1139.0	 1389.5
1452	 3118.05	 868.55
1453	 3497.9	 1178.3
1454	 2038.5	 637.75
1455	 3588.75	 1239.25
1456	 3399.4	 1084.0
1457	 3378.0	 1061.2
1458	 3978.75	 2489.3
1459	 3283.4	 975.0
1460	 3296.4	 947.4
1461	 2401.6	 1486.4
1462	 3931.5	 2466.9
1463	 3455.8	 1143.5
1464	 3496.25	 1148.75
1465	 3434.9	 1074.5
1466	 1701.25	 867.5
1467	 4116.7	 2681.15
1468	 3441.3	 1848.2
1469	 999.0	 483.0
1470	 1032.25	 461.75
1471	 3452.7	 1294.5
1472	 4162.3	 2680.4
1473	 3684.8	 1584.2
1474	 1772.0	 894.25
1475	 1741.0	 861.6
1476	 880.4	 861.2
1477	 2569.75	 1363.5
1478	 4199.95	 2669.7
1479	 1384.5	 1580.7
1480	 1156.0	 345.75
1481	 4231.5	 2552.75
1482	 4254.5	 2537.45
1483	 1855.0	 1075.75
1484	 4264.75	 2445.75
1485	 1130.0	 1328.5
1486	 3963.8	 2382.0
1487	 1187.2	 514.8
1488	 3926.0	 1548.2
1489	 1274.2	 543.7
1490	 1916.25	 1077.0
1491	 3838.3	 1533.1
1492	 1956.25	 1079.5
1493	 2788.3	 1112.2
1494	 1202.8	 463.25
1495	 3912.9	 1509.7
1496	 2088.25	 1208.75
1497	 2929.25	 1637.75
1498	 1226.2	 381.6
1499	 1221.0	 351.75
1500	 1245.75	 437.5
1501	 4000.55	 2203.2
1502	 1975.6	 724.0
1503	 2160.4	 1142.6
1504	 4084.4	 1518.8
1505	 3926.8	 2286.4
1506	 979.3	 242.1
1507	 2363.2	 831.0
1508	 1367.0	 1278.8
1509	 3551.0	 1413.0
1510	 701.25	 398.75
1511	 4119.6	 2343.2
