0 252 6.61428014266 9.11354067594
1 99 5.59016990662 8.54400374532
2 266 3.49604755724 26.0468742954
3 142 4.6110625267 3.35149220497
4 8 4.79971365129 28.75
4 129 5.21693503188 10.0560926806
4 269 3.780417247 109.028013642
5 264 5.52100944519 30.0752389849
5 6 5.36399338037 22.7846439516
5 150 7.90569400787 6.4536811201
6 7 6.61583679979 26.8668719309
6 69 7.37215279989 25.7963239981
7 18 6.88307354811 40.4532624061
7 69 4.22462160806 82.8505344941
8 272 8.26375126768 54.951060711
8 18 9.64156803517 31.3837990562
9 97 6.818085076 6.71466291346
10 256 3.83330480856 59.5723963515
10 91 4.73606777191 2.41867732449
10 231 3.80010832279 54.2956029527
11 270 4.0615530014 2.02237484162
12 16 4.55562093608 34.2212858898
12 249 7.3385414477 60.5358745495
12 246 7.65098418739 21.1228881692
13 97 4.08504754616 9.97246208316
14 51 2.74266533891 19.9413397552
15 16 8.51517609077 10.0839921865
15 43 4.56521498101 55.7552629625
15 220 5.03196960532 74.2522263585
16 17 5.06588519992 47.5521030029
17 24 6.99166161077 28.7607835788
17 48 4.25111229556 96.3491936259
18 133 8.07193044849 78.6639069568
19 104 4.95270111748 49.453662166
20 51 5.2051072189 13.127286789
21 152 17.5614139132 33.3433618236
21 62 5.22635253505 48.0884601542
21 23 19.1049728394 8.55131568824
22 176 5.43763017654 3.79637985455
23 74 17.904207261 68.0375899792
23 50 4.25606774015 139.81181658
24 244 3.93976356019 21.8112341021
24 133 4.79357260898 48.5391483033
25 202 9.57376798523 14.0431481975
25 28 9.31181228691 246.728688513
25 118 11.4224069531 63.0217416405
26 241 2.77320111427 30.7337045024
27 242 4.52030831897 117.974162552
27 28 9.85992778445 19.3493275185
27 133 8.22405373531 72.8077528758
28 85 5.25718287432 90.3569726142
29 111 5.4148210327 50.5743017747
30 33 14.9009654643 18.8342279983
30 235 14.3815917373 35.7387390999
30 31 4.23485610274 63.2879591847
31 35 3.47393279983 34.0230858594
31 207 2.93025370095 33.5977695297
32 240 7.50272464752 6.65018796727
33 249 4.91653496565 57.2852421177
33 37 15.2236659082 79.1765210519
34 146 2.87281580528 15.4604570119
36 103 4.57691310114 17.8272223104
37 53 15.6593199198 37.5905262284
37 38 5.16412364606 66.5230223306
38 40 4.83943515881 30.2442143227
38 209 4.88696817697 54.1101885046
39 159 5.09709656993 11.1
40 209 3.45856875118 97.7085225087
40 151 3.91715921648 94.3049466129
41 55 4.5615530014 7.48414991833
42 159 5.21924693537 14.3576522177
43 249 2.75201552978 25.0546310638
43 100 4.5 3.17804971641
44 58 7.61889275479 13.8263312717
45 79 4.83207472033 34.3580670047
45 236 2.92636111842 13.3840949601
45 151 4.84637858874 96.7020752785
46 160 3.96719316261 83.9976564526
46 155 12.0256472612 45.9296759488
46 165 12.4599947269 59.5193545782
47 217 5.36314866381 41.8612589395
47 230 6.50643689908 34.1651171104
47 231 9.61016186828 12.7725645604
48 50 6.08593355446 25.6414845824
48 85 9.57629780691 23.1152358112
49 186 4.72211359502 65.5702452554
49 188 15.7403116766 10.5695774942
49 178 12.9309249282 43.4144608599
50 220 8.46791149165 7.68248750939
51 54 3.43720134735 25.6700652041
52 59 4.90090249786 49.4273730158
52 54 8.41971129068 20.8485942208
52 55 4.94975038005 82.6880521854
53 152 18.4071819798 11.5157288003
53 220 5.04560722797 86.6460760796
54 64 7.47780653371 39.1507233337
55 58 5.20710923221 46.3745940217
56 223 5.0175521662 25.4873385741
57 147 5.5 4.09420321919
58 68 8.88597372621 20.6127632544
59 73 4.8502727785 47.3273705164
59 60 4.79626486616 21.5824002372
60 76 5.0 3.17647603485
60 87 3.44037935497 10.0480925896
61 263 4.70261719344 25.2981431662
62 151 5.35942349562 36.7790890133
62 175 5.302775383 7.07424907676
63 64 6.53273289069 37.9295995767
63 93 5.02247609956 11.1081176214
63 197 7.62142474061 68.3540411608
64 67 4.84588286796 155.244873151
65 253 3.78498006398 67.5263320343
66 105 5.27612523185 8.84590300648
67 136 5.02413230589 10.9553960884
67 123 4.28605018209 10.3306055102
68 114 8.70087718964 11.1664676599
68 77 11.6632404035 21.0535644783
69 246 7.31086326366 22.7828327629
70 106 6.5 7.70146090037
71 106 6.54951000214 3.35410196625
72 92 8.01679029422 140.2318916
72 101 8.33863900525 28.9359176186
72 197 7.3402818942 40.3402038591
73 141 8.51567633815 58.6065493992
73 77 9.34586677694 19.5070455086
74 83 20.8859755958 15.2168591746
74 228 4.23774271575 67.9803401054
75 113 28.2468241622 23.2842297852
75 214 17.6136665344 26.6938663367
75 78 24.7721550151 14.5814504736
77 180 4.40176877509 68.2514835004
78 121 19.4113580451 19.4277689551
78 118 5.41302163261 42.2618326626
79 190 4.6237311551 175.914550048
79 111 7.59085126849 31.5009989422
80 107 3.16048172951 13.1852992422
81 179 3.9798104772 24.3602563743
82 88 4.7416150322 43.7034869815
82 90 4.2261663231 70.3373216073
82 181 7.52219879677 19.6669486464
83 113 22.1291976171 71.4030219627
83 86 4.95691419567 117.184379532
84 160 4.83479524683 33.7047501348
84 161 4.07236725109 54.8394568208
84 166 4.52503190896 68.0890960433
85 86 7.67432819777 84.8610744655
86 247 4.67017119557 36.2703851442
88 92 10.4758645275 53.9821505719
88 141 10.3443674915 27.0558628545
89 233 5.5 13.9283882772
90 94 4.89019147845 48.2737654013
90 142 5.18797464345 28.7367360708
92 94 11.5253841113 13.5884461651
94 95 11.8806922533 51.2163661733
95 145 4.37227060339 75.1685605822
95 143 11.5034214455 44.1634140781
96 233 7.63441371918 5.40231431888
97 99 8.7147769928 5.96657355607
98 112 4.54190216981 23.6081507913
99 252 7.23988538953 29.3837282008
101 104 9.31759506051 27.2043902154
101 103 4.46675516365 51.7819476364
102 242 5.27369848491 151.058283454
102 122 8.34843330812 28.711048617
102 157 4.6641373323 126.816412581
103 105 5.43024412658 25.7259763375
104 108 7.52524791131 38.1778709413
105 250 6.77663848648 15.4529283269
106 107 7.48034395923 9.38600560893
107 108 4.6060896416 44.8835258085
108 110 9.07658552059 14.9802417764
109 230 3.86166455005 11.0761989989
110 112 8.09252379929 45.9971201607
110 124 7.49833030796 59.0779161136
111 113 17.1404924136 34.7044800112
112 115 8.44035077567 19.6749076694
114 148 5.06150722562 28.6473112975
114 158 2.67250218018 24.6052625932
115 130 8.20595102869 27.3041945859
115 205 3.26722013188 38.8423094061
116 247 4.91199435725 19.9152490441
117 130 4.19444623762 71.2708453125
117 211 3.61803388596 3.01496268634
117 134 3.60631528142 19.8412442914
118 229 10.7962563651 8.7745453644
119 216 3.96378418219 33.3497236071
119 250 4.89444934159 19.9966744814
119 262 7.16787961937 45.5407694796
120 145 4.58983535698 7.560259761
121 225 14.0098733155 8.51663502508
121 218 4.70796027555 89.0705563038
122 157 7.99404894575 157.381079389
122 239 3.68357887358 24.909443951
124 250 4.53605039167 42.8091695785
124 125 5.1214742137 30.383959584
125 128 5.2671701648 56.5132089206
125 127 7.01301044002 15.822020812
126 234 7.30102813565 19.8100025667
126 243 7.66480608166 30.7428023553
126 245 5.13989542558 39.2390112006
127 172 5.04951000214 6.67026985961
127 143 5.08116581772 87.1772906209
128 138 4.6617450147 34.3428334426
128 155 5.01742443486 106.75029274
130 131 10.2922766419 12.2953168764
131 132 7.234294679 43.3255209034
131 138 4.52744576398 57.0039033751
132 139 8.10709626578 68.1997014264
132 134 6.319857775 39.8084472094
134 140 5.22269257907 59.7111089755
135 241 4.54397981362 32.5802943055
135 243 4.93668257317 46.740068331
135 231 5.07760878349 35.7870437449
137 189 5.25476362163 6.11453276289
138 237 4.66461148328 56.4286263431
139 210 9.00068325322 17.4300052512
139 198 8.33725606106 83.5047682264
140 251 4.31841091413 13.3823911121
140 238 3.59627005958 31.9514471664
141 268 4.64077130832 46.3370801842
142 267 3.67557433035 13.4940288298
143 154 11.7998783866 55.3458289767
144 242 4.88092690701 12.3709336754
145 147 5.26152659644 42.5250102381
146 147 7.32674011178 6.05432899997
146 149 4.31333314078 25.985654663
149 160 4.79687170853 87.467736626
149 154 5.02343256874 58.906380485
152 233 5.37915994144 55.4312411912
153 246 7.16142739142 26.9519428465
154 155 13.7706186098 9.55475161659
156 245 4.4175234859 54.5060776428
157 159 10.0570268877 11.6871986206
161 163 8.75523309995 7.75190485386
161 174 8.17989589716 15.2844818504
162 163 6.72336244583 3.25
163 164 4.35980550031 24.9319411786
164 169 7.43574626397 25.1935627493
164 167 4.79924992001 5.89626271057
165 198 8.21116472815 104.241965254
165 166 13.0104566272 18.0670643755
166 177 13.1269590732 40.571996538
168 199 7.88269519806 4.13400532172
169 200 6.98983232663 26.8269455627
169 188 4.8682121056 74.0707769637
170 171 8.47723167796 8.47879283494
170 196 4.78203279456 41.8127372938
170 189 5.0735489049 30.9332833525
173 266 4.33021706026 65.7291835127
173 227 5.35915650193 28.4917531928
173 223 4.7447047858 64.2714613037
176 259 3.98029092402 22.6283908695
176 182 3.14528848124 44.6338301269
177 178 13.4068839296 26.5428467749
177 179 3.91834006205 64.0257229962
178 187 4.46750162001 48.1236168632
179 184 4.22270563974 42.3447779936
182 184 4.37419759834 24.4601985977
182 198 3.64088883544 59.2165517402
183 203 5.10113618194 9.19918474649
184 185 7.04096059789 12.5356966436
185 226 4.80984022338 83.9759006389
185 215 4.36501448712 70.8224023513
186 203 5.19418360834 54.5809490573
186 215 6.62688358058 36.7439841538
188 191 15.6792449951 7.26722092687
189 191 4.71118500192 46.2277243654
191 201 13.6061757153 79.7147690016
192 240 5.28740285267 28.3278519817
194 195 6.43525016576 12.77084318
194 196 6.59540915926 17.473638999
194 199 6.98182887901 85.2141762583
196 201 4.17414235884 73.0595126462
197 252 5.0477306785 28.8211727728
199 213 4.70983804233 35.3441997016
201 204 13.6676803262 24.0434709832
203 232 4.02219938747 59.4758854634
204 234 5.12917193308 84.520766679
204 235 13.9619119592 85.9200753277
206 260 4.44164096244 15.7473277111
207 209 5.03705385097 37.5203262547
207 213 7.28841844096 41.9597791804
208 219 4.80593979349 6.34199750935
208 213 5.92933216121 29.6697447282
208 235 5.0454774308 37.1890039226
210 226 8.94148550906 65.8550157854
210 212 5.25347857809 64.1311156928
212 257 3.92955582421 26.5147199805
212 223 5.3851647377 71.8891507809
215 217 9.71699047089 6.91104188961
217 224 7.45473329733 79.8888263016
221 224 8.17478637366 27.3213563312
221 226 9.19982018712 61.1166341102
221 227 8.12770807961 55.83479244
222 248 5.10991691183 65.057125092
224 265 2.99535226822 11.0825312993
227 253 9.19971843536 30.7884969481
230 232 4.46591320519 33.9606966913
232 234 5.08477099875 20.8101537717
240 247 5.29878322947 44.4364715071
241 256 5.46493490997 13.8012740757
243 261 4.63752918024 32.0596268707
245 248 6.80663571321 19.6773186979
248 264 4.50625277873 66.4271038592
253 255 8.44981048197 31.4945429223
254 256 7.3541021347 5.22230791892
254 271 5.28188968301 13.3131688425
254 255 3.52265681209 42.3455238438
255 258 8.2776366139 20.3580704781
258 272 8.60386069467 59.944961288
258 269 3.8708877423 30.9975078542
260 264 4.90424244346 37.1622456264
260 261 8.02394207054 12.000731378
261 263 6.86422372958 46.4209507489
263 272 7.37386958527 26.7336011275
266 269 4.16515105486 54.047299389
