0 42 5.32842731476 2.43310501212
1 423 3.98390269959 8.01654539063
2 45 3.19859558087 30.1382133635
3 53 7.43599891663 5.98539890066
4 20 2.98214637773 23.3022200453
5 428 6.51869423711 6.01948880139
6 428 6.51481062731 7.52633417292
7 455 4.07031922046 33.1833473461
8 65 5.11624147778 19.1816574668
9 233 11.6302105455 20.8552546764
10 140 7.40992940823 26.8226186584
10 171 4.57960360925 49.8169147981
10 148 9.17420888192 19.7422235187
11 430 8.20628738403 4.57001094091
12 238 7.71658394607 26.5759648706
13 431 3.71119699206 21.7353369065
14 387 5.14555894493 18.0440311443
15 51 3.8636987185 32.0837827351
16 54 4.20566548153 14.7184875667
17 237 5.28884873046 16.2861837199
18 442 9.91836718963 9.20168471113
19 424 11.8407707214 30.2483057377
21 66 4.17625590131 12.1582052532
22 64 3.92409586906 2.683281573
23 66 6.85081714363 5.6139619893
24 65 7.77204990387 6.40780773744
25 247 3.72647034557 47.9753834624
26 138 3.78216409192 25.2231044878
27 254 5.01427392469 11.9738256209
28 256 6.7426404953 4.06970514903
29 452 4.15602876445 11.5042779922
30 452 6.78003281822 22.517512085
31 453 4.01966807229 28.1256111045
32 474 4.57491632482 8.19943370874
32 180 6.49746079888 23.8935851957
32 175 8.06960362718 27.7399277413
33 458 12.4858875275 6.17454451761
34 458 9.23155117035 14.35
36 460 3.8643283844 8.56635861962
37 261 5.04951000214 5.15388203202
38 267 6.03553390503 4.2240383521
39 462 9.76268944796 8.50807899151
40 461 4.93344611353 10.5076162853
41 115 6.24442577362 6.77790528113
42 43 2.07349997926 20.1233356189
42 44 7.83472912736 8.1331925713
44 48 4.07337499521 34.7381634517
44 46 4.79739375015 31.3041174175
45 46 6.68384725585 7.06436268383
45 47 2.98729621045 20.2716482411
46 48 4.15414494177 35.8444253524
47 57 7.7583133468 26.5279687553
47 54 7.74199423384 17.3048369351
48 49 9.16706943512 7.35527021937
49 74 5.42887650952 20.0550855902
49 50 4.06732683973 36.0552976353
50 57 10.0844220602 14.8962936731
50 73 8.58419156746 16.6723609546
51 52 4.85046976904 15.927727396
51 60 4.89374881253 30.0101649446
52 56 4.7814738684 25.2759915369
52 55 4.70602026617 63.4189765334
53 54 9.35318851471 6.12066172893
53 55 8.1625970231 20.7204112537
55 56 5.19258213043 21.7082933461
56 59 8.98630851669 10.1648577436
57 76 9.46781292016 40.4202911472
58 83 6.73355197906 3.24229856737
59 61 7.73452999423 35.8816500638
59 62 3.25725474005 53.4780301368
60 61 7.67496468369 34.5458324911
60 93 8.1821847802 34.4434757454
61 63 9.5505416024 21.8522494719
62 76 9.7556278315 8.47064744829
62 78 8.64683241748 37.5989671454
63 117 10.3790489669 27.7749738135
63 77 10.7589952999 28.9881641298
64 72 5.20649396816 43.0795775281
64 67 3.16742643262 18.2263532441
65 68 7.7437124554 27.2555399833
66 67 7.825586171 6.05866599922
67 70 5.32842731476 29.7207419154
68 74 8.84299574166 44.4980844716
68 71 11.4631334071 17.4424435032
69 138 5.24209213257 18.8986772024
70 72 7.72053542365 38.6028857547
70 71 10.3937934393 28.0616773943
71 154 8.85398331557 35.2784548861
72 141 8.12620207517 19.3284777455
73 75 7.7119367386 31.9868328418
73 74 10.0990200043 6.67701280514
75 82 8.39587792063 26.8313233892
75 83 5.12052687059 36.2016919494
76 79 3.7649766603 34.1848285062
77 80 4.27609092776 31.7640493779
77 78 11.3169027636 15.5044842526
78 88 10.7386467305 51.8610269038
79 82 4.20466002728 23.4323571597
79 86 3.88156075368 39.4013270092
80 146 6.18252897263 4.42747106145
80 122 6.97084115737 21.9238208885
81 84 4.64990105171 8.73769769989
82 86 7.97117490226 18.689623075
83 85 7.62086211596 8.60236190091
84 155 2.39690827565 27.346479126
84 85 4.47729889805 21.7461892264
85 156 3.88201186117 40.1176810087
86 89 9.14278682477 13.0923529538
87 88 4.50295427896 26.279745052
87 122 4.93997872811 26.8565169
87 189 4.34276154596 53.2385393909
88 90 11.3162570087 9.98397594936
89 91 6.92288488209 54.1331335551
89 157 7.30284195411 29.12820077
90 91 7.37516824339 21.9528966202
90 188 10.6155205582 14.5263065775
91 158 4.08124327383 28.5780510182
92 269 5.29232413205 11.4256340656
93 96 4.25330680616 67.4316745109
93 97 10.2468347549 2.3769728648
94 354 5.19258213043 7.68586364698
95 98 2.94956600658 26.4246459954
95 99 3.24584087512 28.7268320012
95 101 3.85077294088 37.8332316174
96 97 7.64585900795 31.230933592
96 98 8.40512466431 7.64852927039
97 117 4.3390160826 67.4629672575
98 99 7.79300406603 17.2143638374
99 100 9.02631433015 11.38522702
100 101 5.60805797577 29.3833711476
100 102 8.39761595328 20.4500063945
101 107 6.95717845522 22.8887459659
102 107 4.30385728142 69.7484434896
102 119 9.54314845781 26.9884736789
103 104 3.64007438817 33.3364888025
103 106 7.5915860795 11.7087564921
103 130 3.77734177366 7.35161622027
104 105 5.01494712711 21.1966529137
104 108 9.55633163452 8.34505841801
105 106 9.41265917296 7.59633060301
105 109 5.13805872491 34.8181186071
106 501 6.83831071854 10.4327609002
107 108 10.5084232006 13.5063194599
108 110 4.68078522828 31.8228272406
109 114 4.97598474172 26.5115297312
109 110 7.06732080594 20.9400282679
110 128 5.21436134936 53.7871964319
111 144 4.61665673861 40.5682437418
111 115 8.62952859767 8.54322272612
111 116 5.60805797577 18.9884833518
112 172 4.5413813591 7.28010988928
112 243 6.49135755069 28.9210379914
112 116 5.32846518127 23.9178280787
113 377 5.3851647377 43.1882507171
113 379 18.1705293769 20.4981237026
113 366 16.6048564267 15.7533829691
114 115 7.78963298223 15.2815516164
114 131 6.96711104543 51.2673274118
116 182 6.30788660049 4.00780488547
117 118 10.6511644499 46.436083605
118 121 8.09706919823 55.0615804722
118 119 12.5016126633 9.75
119 127 11.0537532067 55.7851615383
120 412 5.13755704563 27.6993137977
120 403 5.17040666518 29.1844360772
120 411 10.445639307 11.7201532545
121 122 7.89704405175 44.0095205226
121 124 9.7668851724 13.6713187092
123 302 5.04622473691 10.9441223919
124 192 7.18164848642 66.8585887404
124 125 7.15209603516 15.1566053663
125 211 4.87397688586 25.6868099019
125 126 5.16543271436 37.6611713615
126 203 4.80539528631 36.6258447002
126 127 7.79104685177 64.3900874362
127 128 11.6030022791 24.8799431776
128 129 12.8611995085 27.8983160389
129 131 12.009850336 29.6003844908
129 135 11.262812376 34.0695526959
131 132 11.0941403975 20.5964909796
132 248 11.0300822095 49.0886973105
132 133 8.12166432011 27.5872045668
133 136 4.81244947989 50.4998763385
133 265 9.57857409938 30.4859079364
134 298 5.12701112294 25.5421404995
134 203 8.60882188571 38.5212732444
134 135 3.78201336516 35.732618152
135 136 11.8363321159 7.85797191316
136 137 11.8878421738 10.5097140799
137 210 9.35479462179 34.2831150846
137 277 3.65623625137 80.6397551126
138 139 9.27086198513 16.8248619943
139 140 6.96931929465 24.7596362883
139 142 4.74264030381 41.8550474853
140 150 4.66984572924 40.6006769903
141 154 4.13926170481 76.5322845322
141 142 9.70879173279 6.0827625303
142 143 8.70245624026 23.0330715994
143 150 4.99929244579 20.453364776
143 151 7.62888358242 31.413620906
145 294 4.68025745467 8.47947666533
147 169 4.94873281123 44.9365031574
147 468 3.16620078486 54.721982053
147 149 11.9825412447 7.82214092887
148 378 9.19258213043 12.50249975
148 149 12.6032772064 10.8656569061
149 364 4.65332816776 26.2278538853
150 152 2.91603121181 45.2582865341
151 153 7.66097417471 28.034267302
151 361 4.5615530014 18.5151964613
152 171 11.0061408657 15.6457672854
152 175 11.6541372563 12.3975459508
153 167 11.5797109386 42.6988831042
153 175 11.522829859 26.2018339292
154 155 9.73639743485 10.1258206682
155 156 9.39880376714 22.1025379382
156 160 9.41688086178 24.1317277862
157 160 8.12536158712 50.0071586155
157 159 4.9513843403 32.133549446
158 444 4.85706421316 12.1997091021
158 159 3.58568383178 25.736791576
159 165 4.65601996159 33.9287957603
160 162 9.34596783331 27.9935177898
161 447 5.54951000214 3.1184932259
162 164 13.1197600155 18.9323356995
162 167 10.7249743735 37.3241824046
163 464 10.6665978152 12.6018866246
163 164 13.6801661122 16.869030162
163 165 13.2649648351 27.8740303992
164 178 8.76190994845 37.1988170409
165 166 13.4656127193 7.91988475764
166 466 5.467708452 14.783859442
166 196 13.4865239016 33.7678220473
167 176 8.9517936325 22.5341497233
168 169 10.9604349186 22.8936966398
168 170 9.91758889394 29.3831538379
168 173 10.5767393079 23.2630218173
169 477 9.62978709716 51.4789804368
170 473 4.74684458019 15.1863425485
170 171 12.0 5.92663479557
173 475 7.19258213043 9.22279784014
173 471 7.19258213043 4.18688428309
174 392 4.57411350648 74.8754706219
174 363 17.2826667943 6.87254320244
174 367 17.8814795527 40.6283662062
176 177 4.81316724337 22.429896048
176 183 5.01512559633 50.8661076515
177 181 9.02948565997 14.3257239283
177 478 3.36552337798 16.5391723348
178 186 5.25320907471 36.1001385039
178 179 6.93905453769 16.8498961301
179 483 4.62252044678 4.21544778167
179 183 3.6888031474 24.6525421416
180 481 6.30788660049 5.76281181369
180 476 2.85549109779 27.2701312536
181 482 5.32347088708 19.4118767085
181 183 3.00477616841 50.4809209377
184 350 4.67537273473 8.64798662595
186 187 9.98566847254 22.5974403298
186 485 7.38745124012 27.8014741261
187 200 5.31761428345 47.8941541318
187 486 5.802775383 13.3809566175
188 195 9.04152297974 8.95879456177
188 190 10.636275676 33.0739782112
189 191 7.25922679901 5.81485167481
189 190 4.28588436246 42.2812407667
190 198 10.7652710674 36.422391766
191 194 3.19053118546 30.550719416
191 199 3.68634656238 59.3066725321
192 193 4.84779076099 35.4643835418
192 194 9.43398094177 7.82703647621
193 204 3.52106358005 40.6751301437
193 214 4.54460212143 28.3014152442
194 201 8.67671393443 53.5083042635
196 489 4.5024614958 16.4506838764
196 197 11.9361899634 24.1638744874
197 200 7.92100763324 32.7970878998
197 198 14.5764748542 12.4328096549
198 199 14.9802057938 21.9441168029
199 201 16.5089120429 38.2669258956
200 223 8.32275053528 32.9961416477
201 202 15.9141601562 17.8622845185
202 216 15.1526945035 33.1490777023
202 228 8.42125728686 52.9838079874
203 204 10.0409115815 14.4184115123
204 207 7.96636606039 17.79249165
205 208 7.62310552597 3.71651718683
205 209 9.27092075348 6.85952545687
205 207 4.33996133589 41.0242260511
206 215 8.66243379994 14.1253225697
206 214 2.50473698549 25.8428057192
206 207 9.00041934668 10.8944121132
209 210 7.44752808599 24.1219596059
209 213 3.44568864341 39.8134077957
210 212 10.9225561579 10.670866547
212 280 5.2540533569 45.7546997885
212 213 8.72485533823 19.9132447576
213 219 10.3880761298 23.3057216123
214 216 3.10784476869 30.2502892548
215 217 9.8428940809 38.9035551526
215 219 4.23500892662 69.4583464356
216 218 15.8071906582 13.5371890289
217 218 15.7443836897 16.0562460864
217 220 17.296693053 27.0887237386
218 241 9.95678600318 22.3539516226
219 242 8.82866049178 34.9331070793
220 232 9.1829905314 53.7369317526
220 233 16.6072976929 36.4411230621
221 305 5.19258213043 10.4452142151
222 242 14.861541748 15.5520095165
222 234 19.2170802531 16.6254974119
222 359 17.9217591106 25.4563554115
223 224 8.35071227945 11.9748737342
223 500 4.60786360299 45.1511607127
224 225 8.02995091321 15.5158989395
224 490 3.55447115641 27.6980724037
225 226 7.97255940526 8.77315237115
225 228 5.12068035428 25.7531373483
226 227 5.60805797577 33.1798131399
226 497 4.83468926552 8.63720813362
227 228 10.60890424 15.6007676412
227 229 7.89823440529 20.2692004793
229 230 4.45426622671 31.4869705995
229 231 3.97989782173 36.0695542667
230 232 5.52646615748 32.9415011801
230 231 7.0720075914 10.425214932
231 237 7.9701533275 7.30929254886
232 235 7.50340055153 25.6450281938
233 234 16.3153830838 15.428403801
234 235 4.10245577815 76.8878536254
235 238 12.5287708341 29.8025064515
236 237 7.91205692291 4.99624859269
238 240 8.13698713837 39.8793702731
239 312 4.99574931642 17.4958685045
240 362 7.98454734991 22.3782700623
240 387 8.33721556695 14.3030672882
241 499 4.77724834551 17.7200451467
241 502 7.46344041824 9.50328890437
242 445 5.28756633345 19.5338655245
243 248 8.23990361161 31.6885554639
243 246 5.5530087563 36.5538301687
244 245 7.2526285685 20.3919794493
245 246 5.43829547489 17.8427156005
245 247 4.76355947021 28.9743077014
246 249 3.75518062307 44.233239241
247 253 8.0426507207 12.9059271155
248 250 11.0861971985 14.9051107266
249 250 11.5214016731 18.5379238737
249 251 13.1399468307 26.155522016
250 265 2.82905286444 59.7361135746
251 274 8.54946193 40.7120608405
251 252 10.641275501 23.207206384
252 257 11.6628540284 37.063133182
252 253 5.332683729 40.4771540502
253 256 7.13216686729 28.4405394252
254 259 7.47017833604 15.6915127029
254 261 5.019087664 34.7698504455
255 492 4.18943406249 12.6305523328
255 258 3.90019619502 26.4210005407
255 260 5.00908964239 13.8654398406
256 259 7.01787895674 35.1626778302
257 300 12.3185987841 18.0829676736
257 287 5.26803848296 41.9750096005
258 264 10.0963446708 34.1719851907
258 300 9.46922882705 14.2116696052
259 260 8.12207236477 9.06940248887
260 264 5.20920576961 48.5173760632
261 262 7.71644447771 13.9420188983
262 350 7.55185526531 9.65798773543
262 263 7.30769849963 40.0955449184
263 264 11.0158686762 23.0044546227
263 304 11.1553948505 18.4299907232
265 266 11.921836853 6.65676347785
266 267 7.76191543258 30.0228174088
266 268 9.50621192126 33.7834761154
267 274 7.90633235969 15.4557684623
268 281 9.41647545666 37.7922391122
268 277 7.47595608144 20.1673485874
269 274 9.23757213852 13.4419743771
269 270 5.50946761359 14.6988961466
270 275 5.08082543336 16.3931759458
270 271 5.46498584747 10.6800046816
273 280 3.58400058484 32.7395421382
275 283 5.24209213257 31.630997455
275 287 4.4469750181 25.8808373979
276 280 7.5244348806 13.9491972132
276 277 7.20145831966 19.8912952322
276 279 5.17943237206 29.5242696777
278 352 4.04240607151 31.2593088574
278 438 9.03553390503 7.00071424928
278 279 8.54970275488 27.2245953794
279 284 8.71043123307 9.88881747989
281 284 5.35555127901 34.2242604011
281 282 10.2546791432 20.8171746156
282 283 10.9090894648 11.9792904789
282 285 5.42523598834 34.8126413821
283 293 5.5 21.1624667749
284 354 5.12946145697 27.9507155543
285 294 3.05913199079 22.9843360751
285 286 9.09512426036 8.59219592643
286 355 4.92414117932 30.3842064237
286 356 7.90460196098 29.2337618125
287 289 7.61729522541 36.1937245586
288 297 8.27494386987 55.4325183636
288 290 4.3922247015 56.9277838276
288 300 4.86127161623 37.3232501264
289 296 8.05798666328 55.4489839101
289 293 7.74355686305 15.1937687364
290 304 4.81799315854 32.1578139804
290 291 7.42581900578 15.9675485698
291 292 8.05481488095 21.500327144
291 303 5.28569315874 27.1262166676
292 297 9.19204481639 16.7328449636
292 327 7.62164981944 55.5542959305
293 294 4.47646087517 20.5576276513
295 341 4.07588297369 24.430907484
296 368 5.3165405227 34.9454759398
296 299 7.59279713408 13.4740427512
297 299 5.33821840152 33.2680402188
299 371 7.63965226654 35.6787414957
301 350 4.71742533115 16.3693066012
302 306 6.50899940857 12.970604414
302 310 4.49393655216 87.9826720046
304 307 11.8847864916 11.8815080814
305 306 8.39527379564 6.82889217229
305 307 7.80020403563 39.6910107488
306 309 5.60805797577 30.4181278188
307 308 10.9937104262 47.0613052038
308 322 8.71585521986 52.2906083128
308 311 13.1962578346 17.9926610979
309 310 4.90854994761 27.3165202534
309 311 5.06429450625 40.8449813319
310 318 5.30388492195 30.1837704736
311 324 11.1058106302 24.0734070416
312 313 4.69728309056 29.2761750462
312 467 6.16227769852 3.75366487582
313 316 4.68276641469 45.4428212152
313 317 9.25017791286 10.4678919163
314 325 4.55988614551 15.3613466945
315 316 7.82623767853 8.81419309977
316 319 9.8621711731 6.24119379606
317 320 11.1862449646 8.50705589496
317 335 5.60805797577 31.1186840981
318 320 8.72569348803 32.9205227077
318 324 5.56737759302 39.6333508551
319 336 4.96129347712 39.1647199057
319 321 3.97508327228 27.5718364027
320 326 4.61461326896 57.3993071865
321 336 7.07166135585 24.3624145553
321 335 8.77200126648 5.4083269132
322 331 9.38227004651 32.7903029794
322 327 5.60805797577 30.7962660074
323 324 11.8167866944 16.4445847673
323 325 9.43269308529 11.9102648456
323 326 10.8135574935 33.6349541287
325 329 4.5767472912 24.0176558425
326 332 11.9658594131 5.83630876496
327 328 7.18747758865 6.37887137353
328 330 3.64056926137 17.2280486688
328 370 3.77530770496 41.7290675702
329 465 7.76195566856 30.7106721904
329 332 2.90156525332 40.9623792321
330 374 6.58674730077 32.9283968793
330 479 4.11100411236 13.7044281713
331 465 10.2718219896 14.9108329392
331 375 5.47645020967 29.2473930462
332 333 12.239840698 24.617445539
333 419 11.7064120369 20.853684976
333 334 7.59579462807 39.217602442
334 365 4.84883615044 9.1426122924
334 335 4.77933762346 39.4200456621
336 338 8.40732163388 21.4384172435
337 338 4.91992621743 28.1135198792
337 340 5.56810017041 28.3797903445
337 398 3.79140629455 10.2236154852
338 339 10.3191728592 6.64266512779
339 344 10.3665757418 25.505137831
339 396 3.58113884926 10.9772492001
340 346 4.44270459461 29.8919293773
340 341 4.6872218606 24.488125133
341 342 8.23628351311 29.2593276963
342 409 7.81133460999 8.52247029916
342 343 9.63471031189 7.47880338022
343 346 5.30892954522 35.547327607
343 348 8.24200955245 19.2354778013
344 432 9.40659205453 73.0048833839
344 345 5.44804667239 19.9809909664
345 488 4.16253200368 59.7282017116
345 443 4.80813242463 50.6873067079
346 432 5.23690645246 70.160173888
347 436 4.59667986885 12.374368413
347 410 7.80289149469 8.56799138816
347 348 9.91455744476 10.5334132124
348 349 8.57425498962 6.33817797163
351 352 4.89223904914 24.223769583
351 354 5.24378305495 15.7394571308
351 355 3.55927448748 23.8426298385
352 353 10.7670444599 28.7791357904
353 360 18.9726009832 20.201909413
353 359 16.8685034962 23.762072535
355 358 8.32254219055 8.33681593895
356 358 5.01049145711 33.9998897057
356 357 8.01804489371 27.4429690776
357 368 8.13123142856 8.66675293976
357 366 4.1788219663 65.9248201083
358 363 4.98142779995 40.2273078281
359 362 9.78349978809 60.561288616
360 363 18.2514230888 27.2235095282
360 469 5.60805797577 21.1823629466
362 389 9.79451802846 14.1787240586
366 367 18.1926387378 19.680588158
367 393 10.4262465161 55.6478286074
368 373 4.78698248005 26.0358612287
369 372 7.65526485443 5.0931326313
370 371 9.24341583252 6.81212154912
370 374 8.15752974498 13.7525392848
371 372 5.2785212342 19.0709858162
372 373 5.31696715816 15.8819175296
373 377 5.32576280713 18.0846047078
374 376 7.12526351023 28.6587773437
375 416 4.90058518531 31.2829825944
375 383 7.34897246626 41.036176443
376 480 6.44775653596 4.50385449444
376 382 9.02570482719 16.1036588644
377 380 4.95963830764 21.8612099391
379 472 5.26418042923 67.2384748489
379 385 17.6086549535 18.5134570654
380 484 6.51637935638 3.54682957019
380 381 4.50546714779 13.6194444631
381 384 5.19258213043 34.5144897108
381 382 3.6355905385 35.1313805414
382 383 7.76556726635 20.1507233948
383 386 5.60805797577 45.4110118804
384 385 19.11769104 10.1118742081
384 406 18.5969262893 21.4769962921
385 405 9.19561684819 57.625480253
386 407 19.1905272998 17.3608932161
386 406 18.5227783303 18.4521835633
387 390 4.95846038747 28.3802510065
388 389 10.526789119 12.2069450894
388 390 8.370396089 17.6720747232
388 391 8.41189003475 41.3842505259
389 470 5.52100944519 18.741664814
390 397 4.52722610228 57.9285854945
391 392 9.2509098053 8.39181148501
391 397 7.52272003565 13.413362077
392 394 8.06826022299 31.6309826351
393 472 5.28530186765 25.5028870305
393 394 5.22998018952 26.776445983
394 399 7.40367555299 20.4800143092
395 472 7.95206927773 7.35657213147
395 402 6.25484948749 27.3627546106
395 399 2.47505186777 25.9591259402
397 400 5.15343706318 43.9670899651
399 400 9.55915726728 13.453505561
400 401 13.0668556993 12.6422341981
401 434 3.89314027796 44.1583998513
401 491 9.1551020983 9.48315256674
402 434 8.28671018768 10.056393775
402 403 6.60253296991 18.1946681222
403 405 5.37399767593 24.2347871813
404 412 7.07574893703 17.4134196435
404 405 5.5750809516 24.681369492
404 406 4.97227147366 67.7592201835
407 424 19.8640812315 24.5923769818
407 408 5.21278995713 68.9263018408
408 412 6.41131975784 32.6318334806
408 446 8.65005477103 59.7788313627
411 434 10.303141876 44.9732849798
411 493 9.72462801925 17.1803762497
413 496 4.08942691551 10.8251598457
414 416 7.21863632658 22.1879159072
414 417 8.03112888336 4.82312139594
414 465 8.09690092576 39.0418145763
416 422 7.88912722777 19.2332137879
417 498 2.92080974579 13.4450734472
417 418 7.56013973548 38.9060418788
418 419 5.44263346829 43.6904165693
418 420 10.8291182046 15.2767388146
419 443 12.4281053964 18.9677531882
420 426 7.4054958723 14.799869621
420 421 4.93630630763 30.8986827668
421 427 8.99179090489 11.5306479944
421 429 5.01264319679 35.4621858631
422 494 5.0 12.6643293246
422 423 5.10317758444 26.3001992503
423 425 5.55631303005 34.2116939072
424 425 19.7027695677 18.5988809707
425 454 20.5945444188 89.2814874885
426 428 4.65939875113 14.0787386426
426 427 4.0717647717 48.6586829824
427 437 3.44106559302 41.2715701179
429 488 11.6722917623 33.8223954653
429 443 13.627440462 20.2317954632
430 433 7.77785714329 20.7889049824
430 431 6.79040511745 25.5088897765
431 439 14.6983889322 26.5786499076
432 441 16.3828929438 33.3562179155
433 442 8.77427271243 54.900783265
433 487 8.66499233246 6.1400325732
435 440 18.5866427811 37.5256950819
435 488 13.8154686847 34.6316977024
435 437 4.97894098356 34.2205275816
437 457 4.5766235641 34.3597397365
439 441 21.4352622707 17.0318079847
439 442 15.3815697345 14.3938267019
440 441 20.1656816779 41.1469672963
440 459 27.9340384107 23.3769368525
446 449 8.59326995482 49.0243944699
446 451 4.20429616902 36.7092971875
448 449 7.25550564916 25.7378893048
448 450 6.96529358662 24.8226063837
448 453 4.420930658 29.6438863849
449 454 11.5568209211 71.9696940153
450 460 8.70384285382 11.0834418189
450 462 8.25865062626 30.9206518744
451 452 5.60805797577 9.24175308045
451 453 6.56466591271 18.5018330934
454 455 25.605571637 18.4742698724
455 457 26.2920531489 8.00920654553
456 457 25.934541254 27.8476717442
456 459 26.0869009081 29.664715051
456 463 11.4017797121 103.696249861
458 459 21.8744912925 26.9565240082
460 463 7.36054756189 30.7647819979
461 462 4.10132609732 30.6941769722
461 463 7.57861332885 31.2376514644
