0 288 5.30024093774 302.069252591
1 1651 5.29596882061 120.764496068
1 1686 5.69734211172 37.7419567275
1 1654 5.44419829318 81.3252534355
2 8 3.93993720987 77.34186303
2 1697 4.22765108671 11.4770688357
2 7 6.3668817858 10.2387814192
3 1545 6.06488108932 231.68109552
3 4 8.12610214974 21.9984228088
3 1705 6.03112888336 8.55131568824
4 8 6.882059164 49.9621349332
4 12 4.49305756668 82.3328922471
5 1721 5.12511222384 128.675097123
5 13 5.33424648427 115.415940982
5 1719 4.27030766962 90.5925184484
6 829 5.97035537515 45.5966579174
7 9 4.0749466294 56.6666603531
7 1651 4.2461840331 50.4741710957
8 11 6.51678229034 45.4335183891
9 10 7.31554425594 7.64460457912
9 1701 5.77245714744 30.3961291315
10 44 3.34696536844 22.4243257908
10 41 4.49661445618 5.90338885726
11 83 5.77630692811 42.0648172864
11 47 4.70710381089 9.47288722634
12 13 4.19429707149 58.7705450783
12 95 4.7947782422 41.2545175854
13 14 6.5423464845 25.3801116865
14 16 6.3930778474 147.999673042
14 15 5.90628001983 36.0682791821
16 18 4.58151772813 65.612266318
16 23 7.15747294262 203.867012097
17 42 3.84398118851 43.043753037
17 125 5.54342827758 42.7584297674
17 127 4.46848650866 28.9461106904
18 19 4.6001566248 32.9859501457
18 157 5.73478829033 65.621697957
19 152 6.5202608166 9.34021858471
19 141 6.15622133568 6.62300721437
20 24 5.80917250882 39.4867488389
20 1569 5.33288680634 105.390373304
20 168 6.23660170454 7.52498304048
21 731 6.42140834408 145.979759524
21 37 25.4604226599 261.661798465
21 23 24.2955547024 47.3119792757
22 510 3.90907301425 62.8740488544
23 249 23.9625757784 162.193495536
24 1580 3.91060288481 34.4944150376
24 171 6.53403811111 22.3777107435
25 29 5.14609955737 65.6678488601
27 1490 5.31085841265 40.4252639335
28 176 4.95935843798 44.0559097523
28 29 4.02268514976 32.0105673174
28 175 2.59637791993 32.3419455491
29 30 6.1743165981 24.5869875307
30 177 4.86500750056 76.7987950055
30 43 6.55106320634 71.3539038369
31 1285 7.387611866 4.93077073083
32 192 4.31443548866 26.7243742573
32 33 5.97144017447 57.3855585363
32 1581 4.48901996313 34.9734718985
33 35 6.28723918793 50.179256739
33 198 7.43453374246 8.35294463406
34 35 7.55766605077 7.63430177789
35 199 4.72252407878 17.909870412
36 57 9.12150349741 249.128437272
36 1579 7.79503052044 110.258679753
36 1583 5.81747728288 58.9896282318
37 1570 9.08897111709 289.230943735
37 38 29.224981308 14.5344418537
38 46 6.64288577183 176.427166078
38 54 30.6234671175 36.7520395282
39 822 5.94016774964 46.1262992128
40 49 5.63389708502 104.530673708
40 45 4.78167628124 40.078721736
40 185 4.06200355979 36.633414291
42 155 5.08956406811 35.9137293985
42 43 5.36428543207 25.0666410693
43 49 6.77236254339 44.0822490314
45 189 3.55346735777 18.7612617645
45 46 5.17170377497 63.2828458369
46 52 6.7088588377 58.8136895113
48 825 4.48159952217 52.9951859878
49 50 6.67149112005 93.2718618302
50 78 12.2643368505 88.0399804285
50 111 13.7660743659 233.112095011
52 235 5.24439355153 37.2962541956
52 237 5.17251701814 25.2911482233
53 232 5.66480618551 19.2924468986
53 242 8.09019584345 27.4965217638
53 54 6.47936262557 183.941815231
54 56 29.6395872841 88.7031610147
55 257 5.72780609131 15.0752280248
55 58 9.60977172852 29.0269271539
55 210 6.5939692143 63.740922468
56 57 30.8729599563 46.8138461416
56 66 7.88350570162 80.6193258841
57 64 39.0165791785 104.367902711
58 64 38.0650188042 123.138837587
58 1584 7.06810433748 273.571416227
59 60 4.84143846128 17.9061564734
60 267 4.5972501221 39.3740278197
60 66 7.46805855658 84.9420339211
62 122 5.43310373994 73.4684617855
62 110 6.0333093493 102.230892113
62 63 8.77952437121 10.7407747664
63 273 4.19561872727 26.992595169
63 274 6.66911424908 7.36980995832
64 65 43.5740909828 42.4490602967
65 122 7.1379076752 132.063303343
65 126 28.5280386902 44.8649685791
66 251 4.19276012598 52.4000221169
67 73 5.62247704708 95.6421565752
67 69 5.70480258153 81.5336099855
67 93 6.7748105695 10.0836938495
68 702 4.61882921368 51.6105338974
69 1635 5.19893189112 76.1750271077
69 1596 4.39691989747 36.5498158379
70 1495 4.07233232964 28.4956024104
71 72 3.68944733174 56.2021879851
71 75 5.55971713217 82.5201108809
71 342 4.61819788272 119.071529604
72 289 5.59471016165 7.84689382651
72 74 4.05460773783 47.0498015507
73 297 3.76431879983 40.5477883479
73 75 5.03664197448 42.6305539844
74 90 6.05422129574 65.8474763677
74 76 4.1804527687 73.9554772507
75 89 5.67625034672 67.0881409192
76 304 3.6797695363 12.4838211271
76 77 4.26505313485 44.5870273822
77 80 3.99173784333 47.8659266462
77 309 5.85486030579 9.36307112355
78 467 5.57348970949 111.318324243
78 1703 11.6051437436 577.527555394
79 318 3.51430952745 4.04772311693
80 321 7.55326466874 14.2047814126
80 82 4.79639492066 32.9677354276
81 92 1.61319215223 5.31098345761
82 90 4.79975454087 76.3884513698
82 91 5.04473695791 36.0979606453
84 329 5.25794508427 8.07659571699
84 467 6.75981397759 16.0620891313
84 87 5.31106394949 76.1615171396
85 840 4.34934326028 23.1126673236
86 373 5.24242973694 34.1897866232
86 102 5.26261220579 48.6895043188
86 319 4.31655445967 31.8810290986
87 101 5.7601524847 28.3975523093
87 317 5.2556376107 69.7432251707
88 1072 8.03553390503 4.47353327919
89 1722 9.21037602564 216.344005856
89 94 9.17282783065 126.839422782
90 94 5.66942782051 62.4907877201
91 345 4.83983917447 104.960026043
91 467 5.60404811829 73.076459317
94 106 9.26075711391 271.784178665
96 1498 4.79693409989 37.3842732613
97 921 5.55153367818 61.1685110428
97 669 11.8807351577 79.8243446066
97 703 12.0039775162 75.0844084442
98 1202 4.38021979382 27.6631841401
101 106 5.78080808422 107.072591626
101 102 5.50473040287 50.0110201224
102 103 6.05995376811 20.3429863421
103 376 4.7803454895 86.4149170474
103 114 6.18692055801 57.9314424666
104 109 6.65931539753 22.3535768977
105 114 4.1425373425 49.4944388543
106 140 9.33099701244 258.87752956
107 1203 5.88358517055 27.1552844302
108 522 5.66227769852 3.0
110 128 18.9561573112 204.103128572
110 111 17.6693009899 46.0963546004
111 112 6.75214404447 143.441593863
112 114 7.83310782517 31.7720044935
112 115 4.88579078727 44.6348347659
113 419 3.85155883029 30.1999665865
113 116 6.51486934421 13.1114346944
113 118 4.4770178542 36.0567103141
115 138 5.2345818573 34.2556758409
115 119 4.85227647875 69.8262627619
116 356 6.70591742382 43.6815633593
116 417 5.21648370197 14.5504076544
117 214 4.18171675118 20.6849908866
118 430 4.78130124583 123.538723608
118 119 7.68692485715 15.8639610307
119 120 9.82992553711 7.30547739713
120 121 5.62744819586 60.6816467522
120 140 6.64972488075 63.7824600546
121 131 6.29263193052 122.591013752
121 142 6.37076969829 106.338373911
122 279 4.00613451608 47.520693186
123 735 6.96807337128 7.85956846687
124 1578 5.95221038732 968.787604089
126 440 8.8137971214 46.2016643188
126 128 29.0786930856 51.5652741794
128 129 30.943108605 29.7082538332
129 134 18.2183265686 28.1369863347
129 135 22.8822346701 54.568954646
130 1307 4.36870309151 11.1385040973
131 136 5.87582819959 61.4532385047
131 134 6.82465506427 102.231294043
132 1206 4.2601800417 21.9562353507
133 543 5.47800386931 43.1511180065
134 451 4.83004517106 46.6751729162
135 136 12.3892219265 122.958554937
135 434 24.4869752393 54.2901399907
136 143 9.67370984747 12.4448027111
137 214 2.53222023372 17.2315700007
138 457 5.58312809351 24.4440971199
138 455 4.15408880425 13.3858992688
139 1498 5.36898655788 33.1452639543
140 142 9.78609199365 126.57805892
142 143 9.87527651445 62.0534044191
143 148 6.11466524623 73.4401116557
144 1393 4.35848137287 80.8521880895
144 1390 5.58115332424 91.20498254
144 1383 4.18266257667 132.473725392
145 1206 3.51515162421 15.919959628
146 343 7.90813715717 516.800718871
147 468 7.21627014827 43.0678516749
147 474 7.79472494108 36.7230173052
147 148 12.0005657569 22.1829915301
148 151 8.3972262675 114.02302854
149 266 4.89734401304 56.3458377352
150 481 5.15768144147 82.9591938522
150 434 18.7538948136 42.096691199
150 151 8.58585795041 33.6979950519
151 158 6.86132351894 104.64381926
153 489 4.76240611302 55.3638901213
153 154 4.7650668142 55.3990360572
153 159 5.00191282329 39.2293969617
154 492 5.08097322333 4.74368341057
154 493 6.73709583282 3.5
156 529 2.86556667209 8.43436285732
158 160 5.13085493248 34.0073603076
158 161 5.61956018098 190.099881144
159 160 5.12952270357 20.570643858
159 502 5.85486030579 3.76430604494
160 161 4.78793695306 60.9870161124
161 504 4.23689010939 11.8140803647
162 1502 5.78724856169 33.3293948658
163 1490 3.79176144738 56.7671567142
163 1492 6.42280488932 79.6171809604
163 1487 5.3322174127 93.5314156538
164 1504 4.71762328637 40.3697828575
165 856 5.92502720822 9.99194308257
166 1511 5.8894329542 38.2819153977
167 910 5.26638031924 13.6068114639
169 741 4.44012041357 8.78679259125
170 1217 5.49027688704 7.76733607191
172 1580 5.36840407222 6.83621791846
173 538 4.40184083211 21.1682800434
174 988 6.84873438202 62.9966381771
174 957 7.9080369678 18.4051008692
174 1022 6.21865314536 93.598924304
178 1424 5.80174646136 78.2312789504
178 1401 6.11766817238 49.8161303069
178 1403 3.73386951045 28.3697651432
179 540 5.15056657612 35.8187709843
180 537 4.83355886528 21.1416153168
181 183 3.31294775791 4.47161143776
182 421 4.45191785288 54.0711958702
184 611 4.08544614629 42.7968687309
187 1226 4.87708544055 29.0317423829
188 859 4.94859851669 24.9932208874
190 1228 4.96570768525 29.3425436367
191 540 4.71669005409 15.0237650024
193 1162 6.13866606743 33.5203754113
194 1229 3.86665925341 10.8436486089
195 537 6.1813942834 46.2902020314
196 1607 4.22866601899 28.016919152
197 863 4.23888982768 31.562696812
200 1416 4.17434087297 10.4398782408
200 1108 5.23606777191 3.2596012026
200 1413 4.74184836683 66.8860329886
201 1504 4.09911442807 9.91540627159
202 1233 4.56231460972 77.5744014734
203 1509 2.9924951224 13.9289882731
204 852 5.45564884172 87.1732202973
205 1229 5.17433900217 20.9804439151
206 543 4.16900382385 15.4359662233
207 1231 4.83650033345 75.5127648608
208 1258 5.79536001778 72.455708745
209 1509 2.46265081567 19.5406729228
211 549 4.96556137876 45.2365171027
212 1265 4.96278005458 33.1378959434
213 874 5.77162888609 37.3201205293
214 522 4.61345828212 19.1921752754
215 1265 6.60824871888 21.5014641383
216 566 5.22550853921 30.3107495923
217 1426 7.23362869774 100.479490594
217 459 7.72805320261 94.8261549364
217 218 4.80433946663 48.3524826059
218 1192 4.97665201658 36.4690040179
218 1441 5.14207549675 34.9473204677
219 1142 5.6298279532 43.8310288134
220 1244 4.302775383 3.061045573
221 881 4.73741327047 6.19045685601
222 875 3.55787494861 30.1535561507
223 1520 4.78397543865 44.4522590178
224 1520 4.81169512535 21.5272190528
225 557 5.5413813591 2.30488611432
226 875 4.41127236244 45.7608625461
227 1577 4.11893659304 118.600749158
228 557 4.38224887899 31.6600315198
229 1179 4.59098177104 75.6044167509
230 559 5.66323783136 7.53747901198
231 1248 3.95600170768 9.36241954714
233 1275 4.67655104078 58.4973141684
234 564 4.86159978107 20.5238385148
236 884 4.24590475692 41.6754542899
238 886 5.6122674942 8.61002322877
239 887 5.15017179402 7.56266533279
240 887 5.85415733987 13.1770364712
241 453 5.29407922018 9.22303776935
243 1248 4.68609334086 24.9471585041
244 1254 4.04249498666 15.7756659628
245 1448 5.79830963607 72.7826200358
245 1467 6.60183054461 186.904178925
245 1388 7.48382194736 61.7433003524
246 453 4.25117398008 18.0233560398
247 890 2.99170416075 10.78018376
248 1254 5.3541021347 8.33561635394
249 1545 21.2757803661 110.07891836
249 1540 8.4155941799 175.836402336
250 1119 5.40188870025 21.6212780222
252 567 5.66227769852 4.6872166581
253 567 3.73216409385 11.1299971371
254 1181 5.39382713869 65.0564648678
255 1259 3.39816876495 25.8965936183
256 891 6.21170936049 6.05218826801
258 1262 5.44409500286 14.5790138123
259 1259 6.94151057796 9.59729875866
260 1188 5.06231231077 24.6929043141
261 1189 4.42038289985 20.849530376
262 573 5.17683008758 9.38647428467
263 323 2.61803388596 3.47311099736
264 898 6.63039883877 42.151208656
265 725 6.45460937949 160.88129705
266 546 6.85548205308 21.1430952131
266 526 5.94028887889 77.6151345745
268 1272 3.74408382791 37.7436951063
269 1457 3.27370202054 25.4482003279
269 1470 5.17006668925 74.1698026018
269 1455 5.09418329897 33.2008677568
270 1267 5.96716863736 18.5623863087
271 1493 4.4892489383 121.748780307
272 907 7.59517356629 39.2983628779
275 1260 5.37132171995 11.2146736274
280 577 5.25991858422 6.9656327469
281 1526 4.60948063974 75.8325480555
282 577 4.75255741506 13.0431805825
283 906 5.75579188067 19.4053332381
284 1272 6.36384010315 2.51246890528
285 1526 5.29251594834 8.0695599164
286 336 4.15514382383 66.8180539137
286 1290 4.58826415601 63.0338978798
286 1291 4.77497502091 52.7951293025
287 1271 6.03553390503 3.68951216287
288 555 6.79515983726 37.6210667685
288 556 5.29430533046 49.5798386221
290 908 4.45255746413 27.2930074656
291 593 4.91243281848 15.6441054084
292 909 5.15328935893 12.8787616433
293 560 5.40275673476 63.7732247261
293 555 5.94186892224 78.5312923225
293 559 6.69857649834 39.0473509414
294 624 5.48495145564 67.1976805585
294 1024 6.48795374807 18.0011194212
294 1026 5.20460348816 32.5722372933
295 935 5.43350652538 13.1089307737
296 912 4.87007049503 16.428690716
298 1278 6.64053690971 6.71907361255
299 1279 5.97018627368 11.1518685977
300 568 7.0095958403 40.8043391079
301 924 5.38888037658 42.7148880209
302 917 5.64144328926 7.67556088482
303 918 6.25497009908 8.8503309399
305 917 5.33830928802 4.58802789878
306 925 4.77321663586 114.852633491
307 1609 7.03061269185 103.615595728
307 1658 13.3790359497 11.7957619508
307 1661 11.4737583262 200.147488717
308 1613 5.71332276653 9.03602825079
310 1539 2.90050028643 31.0985700442
311 918 4.68575767404 8.83047110983
312 1091 4.04346919292 40.4334508114
313 1279 6.39419892755 7.55800254405
314 588 5.72395798403 45.9376198276
315 1539 4.51273851231 18.787647867
316 922 4.76710039444 14.356539924
320 1663 4.29525927156 59.0349240139
322 578 6.5621959611 5.39735657085
324 1049 11.2384251525 75.9514377523
324 1045 6.16681227427 118.404600829
324 1031 11.4399976799 60.8668343994
325 590 4.740144352 57.7167492459
326 697 2.85367789261 11.085445201
327 591 4.40328988481 32.9412637961
328 1288 4.90905677679 33.5994782834
330 593 4.73739869085 11.2488804261
331 1544 6.5555305481 19.8573034423
332 923 3.29268247661 25.6341214252
333 1291 4.23901674985 78.7698213364
334 1291 5.68620613195 4.90855162598
337 1548 3.82270566983 34.7548049818
338 1288 4.2848653247 21.0824641101
339 604 5.03066791199 17.8428338944
340 1548 3.89698731763 44.0861184384
341 604 5.89598757129 17.9862444107
343 1688 8.05810972728 1151.27181302
343 361 6.69674343514 11.2681532777
344 1316 4.20830031355 51.8560406899
346 605 5.89813429437 14.4809312593
347 1320 5.46430144873 28.6560565907
348 946 3.74463881277 33.3711774685
349 1552 3.90398520112 37.4205144071
350 1320 4.86198969514 42.3585270621
351 947 4.59912496094 21.3189406855
352 937 6.97537480768 26.4976828216
353 1297 7.32842731476 7.2124891681
354 593 5.30387141458 21.4072307628
354 594 5.38156797372 49.7004199729
354 1015 5.38434825746 69.478526677
355 1298 5.16227769852 6.58634952003
357 1298 3.99511185482 25.833835032
358 1299 4.06455314874 14.7887076788
359 946 5.77714737154 9.15267148904
360 1303 6.4790696921 14.8929475624
362 1304 5.95685720444 2.22036033112
363 1271 6.59504143757 87.7303003144
364 1170 5.8267687341 12.8128949048
366 948 6.15244415729 17.2036322723
367 1303 3.75274075913 32.6990992994
368 948 5.90512466431 6.95071938723
369 1558 5.18777003085 31.8690610568
370 1516 5.21078170757 44.458406294
371 1525 5.77200174332 9.08322629906
372 618 5.47764663521 53.2112001329
373 400 4.001399331 41.3644148428
373 394 4.21157671145 68.8879469126
374 1329 4.64181404718 62.6177672097
375 1307 3.78148539045 9.9022774335
377 618 4.83059154051 39.1998794108
378 397 6.68570025497 11.173183205
379 384 7.74937884961 94.6208955031
379 609 8.55778669346 50.2290564966
379 607 7.188121653 72.8445105463
380 930 5.80271967704 57.4832403913
381 612 5.05606230738 6.61843123478
382 642 3.77195199886 26.3687981021
383 399 6.53723049164 6.47475868276
384 640 8.30156661612 89.6167885328
384 645 9.48629803324 60.385141146
385 627 6.07775354385 5.34883164813
386 963 2.82300976152 27.3367859112
387 626 3.95254035409 20.0125239559
388 962 6.52102708817 4.53982378513
389 628 5.90512466431 9.40850678907
390 627 5.66227769852 4.71274866718
391 966 3.54234486731 13.4299418156
392 994 4.45806314835 40.4158556312
393 398 4.00550643075 22.4339195954
395 1620 7.03112888336 4.69813792901
396 966 5.41547584534 2.79508497187
399 632 7.00538038594 99.8044086206
399 541 6.218743289 35.8715044045
401 1564 6.98815358413 14.1601249192
402 626 4.30475025602 37.1516222969
403 1322 4.17923205986 48.0660771813
404 1098 4.21393236908 35.3695286177
405 1372 3.6493929554 43.0172782132
406 969 4.79760410342 28.6450412064
407 1566 4.74336454052 103.735068675
408 1205 5.12718822747 72.3195911621
409 1098 5.99070453644 8.27481117609
410 1322 6.23992053869 39.0684935881
411 637 3.24092200202 13.8538930389
412 1286 6.77200174332 11.2477775583
413 637 5.71570107452 14.0838138497
414 969 3.60526130929 24.8968698869
415 974 3.85359789402 18.9960297493
416 638 7.53152098756 10.2846554998
418 986 5.04276620903 43.8962362823
420 646 5.55798262454 16.9622741174
421 1518 7.6246120825 165.704979019
421 1503 5.46450011761 247.438106005
422 1327 4.28680909617 25.3522725679
423 974 4.34100522791 60.3301209117
425 972 7.02164554596 6.90796641567
426 1707 6.0 5.52177507691
427 644 3.70955099785 36.0843770162
428 1580 4.27006609444 56.5905757756
429 808 5.99638427671 16.5440678085
431 1563 5.30012440541 121.652796575
432 1573 4.28988225727 50.0712909002
433 646 5.49994939278 33.6637437662
434 469 21.9874729169 69.9789405168
435 986 5.69866912103 66.0351244446
436 651 5.1941780725 14.8390729238
437 983 4.59810799123 105.757376809
438 651 3.55734798072 4.45996463002
439 1033 6.71128416293 14.6137984628
441 649 7.46173083965 40.6490000122
442 1001 6.82742247258 105.816233657
443 1313 5.69032676091 9.52888436598
444 1338 5.11050914481 37.6076216317
445 656 4.77457044673 100.105201936
446 1619 4.59767223753 42.386631856
447 1338 4.59708911046 17.6755890276
448 1581 5.22383022308 4.60651712251
449 661 3.90098538444 28.5505341566
450 659 5.10055343078 41.6921566826
452 1520 5.18201302664 57.9171575223
452 1555 6.19039813051 64.2710260232
452 453 5.31012574066 26.0215635459
454 904 11.0917573032 79.7637921307
454 652 7.53554709141 119.197274094
454 916 11.4309855951 69.6873926559
456 1343 5.85535041512 8.37711644003
458 666 7.18424146371 9.49578363887
459 1586 5.28407098397 69.4150775215
459 1590 8.74900794078 12.0208085626
460 1344 5.23606777191 7.01783442381
461 660 7.61392025296 19.3128631409
462 662 5.78944185814 17.4182350686
463 661 6.56749066449 13.9065422564
464 994 4.94410485989 38.6218217983
465 993 4.90432173824 28.9994452005
466 666 4.32512976263 10.2821116644
470 1592 6.69351843595 17.0754702963
471 1591 3.59942065066 31.5406894608
472 1591 5.65311577842 11.50940772
473 1000 5.8541021347 3.31058907145
475 1000 5.41565465927 4.60678846921
476 698 4.86523337933 108.00981599
477 1067 5.77299238051 10.6420127327
478 673 5.48693986514 15.6139031944
479 1352 5.71888473794 48.2617371178
480 1593 4.70861811616 66.2906620067
482 1354 4.27753992261 65.3652286077
483 941 6.03553390503 4.25
484 673 4.60297783616 43.8366040257
485 1352 3.85133408994 11.5010968539
486 941 5.47290009021 12.1608456955
487 1598 4.45900051344 11.093467104
488 1363 6.32266484449 73.2426536722
490 680 8.86205344945 19.7425573452
490 681 6.21521210295 57.8242471719
490 696 8.11549258759 93.218843929
491 1709 3.64987078492 59.1079736654
494 700 5.99815392428 86.6377914717
495 1017 4.97648219144 69.7658360497
496 1355 5.45983178972 17.3338328219
497 1357 5.32842731476 2.68001865665
498 1464 3.77206705122 4.55463412107
498 1148 4.33601301067 23.5993130702
498 1463 3.81720685959 5.05593710404
499 692 4.25702659958 27.4349176434
500 689 4.33209345871 52.8440224101
501 1399 4.47071117412 15.5057354135
503 1361 4.11398835994 40.5490249795
505 1146 7.3948358093 25.5584653376
505 1147 3.95831317642 30.9087379052
505 1164 7.23616877962 31.7500556084
506 1018 6.24218239613 24.8728632693
507 508 5.59351008742 58.6286812866
507 516 6.01335797556 100.612155376
507 510 5.59773489883 78.1901960822
508 509 5.57282614463 36.7017944797
508 511 4.9872866906 60.3268277887
510 517 9.19083495897 15.2082795818
511 530 6.85121370227 173.334776555
511 514 5.69104548578 57.6391647769
512 1017 6.54330749292 25.3804855994
513 1038 6.84926795959 3.64588809483
514 515 8.9209559641 78.6018050743
514 534 8.60657142691 68.7592261725
515 516 8.29968503324 35.9099244342
515 550 7.09282817639 130.778970179
516 525 8.90484585205 50.5828668034
517 518 5.9024974962 18.1609547639
517 519 6.72664021756 72.0486543478
519 520 6.16121190428 65.9940134024
519 524 6.35107375181 97.9171968834
520 522 5.86073876924 23.4177663286
520 556 6.16778565782 70.6901566271
521 1039 5.19330539512 51.6216660214
523 1612 5.77890710738 8.44067644462
524 525 9.33686303935 102.438634014
524 526 9.15716737638 38.4250243982
525 542 10.9818076187 18.4548861143
526 527 8.86003018052 57.6899940153
527 562 8.782973455 60.5296587589
527 563 6.42284279022 41.588408142
528 529 5.03572372265 45.8434323313
528 531 5.90541120504 40.9267899196
528 532 4.7066561846 29.8711376306
529 530 6.15372502422 17.606159013
530 533 6.14604251216 64.0232652391
531 608 5.66484340291 78.5636161479
531 538 7.95831574769 21.3662756326
533 608 8.72224715246 80.7576984368
533 534 8.42467753023 86.9331376657
534 621 6.57702678101 109.741935185
535 694 5.1240220007 24.9533258934
536 1021 6.07141547921 15.6408809679
537 541 5.57320311455 55.2509959812
538 607 5.44325034687 104.258804129
539 873 5.28644067255 21.3692825762
540 629 5.76018877771 96.5390309999
541 621 6.79720517313 24.0788611748
542 548 5.96791770789 89.2907440339
542 550 8.2234208291 97.0169733767
543 545 6.17306431644 24.3803495991
544 1363 4.85734370785 77.1551732649
545 548 5.97499807305 22.7978177757
545 549 4.26936107103 42.2077469799
546 586 6.67973611228 102.240754628
546 549 4.42763729889 40.6599892748
547 967 5.73735026656 45.5294107821
548 553 6.39311334008 66.5920836377
550 625 9.83048997787 39.3731419764
551 689 5.00649804939 7.90771910128
552 553 4.21683942473 37.5091372534
552 1204 6.03526189719 86.5287113706
552 671 5.29005994501 19.0962969999
553 672 5.3304910671 43.1136465578
554 691 5.92920684814 5.21392366649
555 557 5.0049208206 33.7646846857
556 562 6.51573679726 53.9004815812
558 1576 5.44698844877 76.3497141862
558 1562 5.16472782025 31.0664664913
558 1243 6.88412440789 90.94030415
559 569 6.70293464065 86.8373691866
560 562 9.4979580629 77.0408234979
560 565 9.69399371923 106.879247204
561 1613 6.30623812305 11.4565967583
563 584 6.92673153127 116.866816117
563 564 4.94031985759 77.2521777855
564 580 4.49801937044 51.3925061129
565 581 7.3914375484 92.3157288706
565 574 9.41568700483 33.2670602137
566 568 6.02311295952 40.2345125542
566 580 6.95451099903 31.6507329941
567 568 4.64078809386 36.2895163998
569 571 6.31500768895 106.145065586
569 574 6.43217556058 70.2820581067
570 1368 5.53645747007 88.0571886951
571 573 4.92198412213 40.6819354246
571 726 7.10374564742 254.22279484
572 573 7.02654407619 10.2504271252
574 576 9.39231244504 56.8436332336
575 1615 4.70409311718 55.3306967305
576 579 9.29526613803 100.832804681
576 591 6.52140165417 77.6479447232
577 578 6.08842891013 25.379936885
578 590 4.67273734678 43.3854479744
579 594 6.17093322293 83.3463089834
579 747 9.38540305886 117.387520954
580 582 6.79953492357 53.2125571712
581 590 3.92936090511 30.9062904364
581 583 7.97158951564 56.3786826912
582 584 5.81025240269 51.5730817043
582 587 7.03190556268 38.914872438
583 587 6.12973146178 80.3062269734
583 598 8.17031201321 29.6943870106
584 585 7.22609398678 24.3458125279
585 682 5.98445593381 78.4687500654
585 675 6.445252801 75.6643429676
586 672 7.00925459733 68.0233860082
586 675 8.67473726436 17.4212183861
587 588 4.68388519575 56.4447654324
588 682 3.79965857 51.5207774991
589 1615 5.33198813511 8.95011123696
591 600 5.60584906679 74.1277958198
592 1168 8.6671946264 32.3756268521
592 1173 8.23191952579 77.5087639934
592 1199 7.12789259726 78.2955371754
594 596 6.27983241548 44.8754861402
595 1614 5.24069543134 27.7657264303
596 602 7.0446891597 20.1522503987
596 599 7.1792904976 66.6007375326
597 1617 4.92301304705 9.99038884709
598 600 6.46950258389 81.3661819387
598 680 8.23828648578 76.0109113486
599 600 8.85241317749 8.38152730712
599 681 6.23047945663 85.2216676495
601 1619 5.46823849817 49.0319095462
602 603 5.76867908567 35.7664173099
602 605 4.26528000425 53.5016685665
603 952 4.95007345923 21.3883417978
603 803 5.93068160584 52.0991610625
604 606 4.93623137265 27.4700150297
605 606 5.31102351474 23.5861647493
606 687 4.94625364483 43.9130507198
607 639 5.75877922515 163.316803695
608 609 8.61248439089 24.6593543277
609 615 7.15235681297 70.9109073155
610 611 6.10498372821 10.0257367634
611 612 5.11104946947 16.4887320557
612 615 4.51965850768 57.7458831312
613 1103 5.37313489453 43.9118679763
614 709 4.25091644087 17.2402590576
615 617 7.12202427871 28.0733387327
616 1025 3.77512157903 40.2913857687
617 620 6.40530177601 33.2179076168
617 630 6.56564680964 61.4922637814
618 620 5.36312048877 30.9428282447
619 1425 3.69098781202 12.3049274439
620 653 6.13722758531 75.8770481303
621 623 6.72612216426 62.4770287239
622 1025 5.52671268159 36.3153852663
623 626 5.11725015242 41.4663644921
623 629 6.33995503178 38.8302989148
625 671 6.16758620635 61.2719997587
625 703 8.50750051312 247.803200499
627 628 6.55735059982 29.4738959503
628 633 5.66131061608 35.6444195016
629 630 8.97652942374 15.2956809408
630 631 8.33442522836 30.9578148896
631 635 6.39587581117 84.1799209875
631 652 8.42666357026 25.6070939095
632 634 5.62888545 20.2572907298
632 635 6.44812471376 50.7022217305
633 634 4.80068523825 28.2183264455
633 637 4.93411951937 38.2315900753
634 657 5.20436177899 53.2842277898
635 656 6.52742040385 31.9336392479
638 641 7.36340824176 10.0213117098
638 639 6.76299325408 47.4936846375
639 640 8.52997970581 4.88262224629
640 648 7.00516781124 63.22383172
642 648 4.55399624794 38.6645906658
642 644 6.66815798808 16.2434660452
643 698 6.51509032226 63.1212999602
644 649 6.00442451843 46.4830206937
645 653 5.61034691517 63.8124271015
645 902 8.51085529102 90.2009575765
646 898 5.42096301632 93.9624642346
647 1640 4.94456477266 136.972700914
648 649 6.19602892898 82.9522696251
650 699 5.81691106217 67.2218045811
651 660 4.89732792732 19.6899910984
652 655 4.64954710066 81.4886131421
653 654 8.86755937256 8.53580299372
654 660 5.34188852442 35.5758961191
654 655 4.90403208266 34.2720915963
655 662 6.2767776679 28.7002862343
656 658 9.23422685067 7.05963509875
657 659 6.3456030899 30.8192943392
657 658 5.81342171759 43.080930813
658 669 6.09400026539 96.6389871537
659 666 5.36937491602 29.9622990833
661 662 5.4847807487 21.2797022217
663 1373 3.76905892579 26.4614104751
664 667 5.70462677238 11.5307582229
665 1383 5.69056877891 49.5095080428
668 1373 5.24338992799 15.2719892028
669 916 11.9750160455 20.9313989465
670 1623 4.13113006632 99.1455828308
671 674 6.92834295944 49.4055276911
672 674 7.22123831896 49.8138452576
673 678 5.54756906207 63.9244145618
674 676 7.27599897483 71.3327489234
675 677 7.59777947092 87.7215433581
676 699 6.10498991425 49.3185376467
676 698 5.0300836652 34.0591306421
677 701 7.33230065398 73.2405657737
677 678 4.54411080645 44.1699993094
678 700 5.37755144433 42.8165290538
679 707 5.30823920418 45.863301931
679 684 6.52159705584 64.3867811017
679 701 5.84870852493 66.9027973215
680 683 6.36967414401 78.577909873
681 686 6.45158382914 44.1803250152
682 683 6.58893763249 47.1382175844
683 684 6.89437648749 29.5760611012
684 694 5.0629473932 61.1297801469
686 690 6.50950448518 27.5703847523
686 689 4.05766844879 40.2652744336
687 688 6.87536882261 47.8263377362
687 690 6.60710213267 25.7975259672
688 828 6.88031362588 115.236409954
688 804 5.569024265 52.2480444934
690 691 5.0809352913 29.9524427321
691 695 4.97672782956 36.9632446189
692 1600 4.74335874754 26.3491690061
692 1605 4.28615186441 77.6930991524
693 1038 6.59655977589 6.76489826303
694 709 4.03592140958 29.2017257018
695 713 4.39891807514 54.6200109617
695 697 5.97264011697 61.2320135897
696 712 5.9423128393 83.4796705253
696 722 7.73157145034 143.543995501
697 720 3.91852298092 85.1768997352
699 700 5.24310339835 37.3633559391
701 706 6.99180185884 111.855355572
702 1176 6.11658351803 93.5442090142
702 1168 4.8775958509 54.0482310061
703 705 12.5898727359 34.233964785
704 705 12.1008294648 95.7941280805
704 706 12.4861464338 130.945200782
704 978 7.83428997583 146.039279813
705 929 5.9529387615 96.885493195
706 1572 13.3745517033 25.0204313989
707 714 5.43749729853 51.1573900835
707 708 5.76052540451 20.0163436537
708 709 3.64931163669 36.5917500506
708 710 5.77597996078 23.9210606586
710 715 4.68402623506 23.9154215988
710 711 5.15522163411 41.572282036
711 723 6.23936161129 12.2584133868
711 716 5.21895963753 35.5196452785
712 713 7.19456799884 13.8090014059
712 719 5.55469855889 56.4862602842
713 720 6.26039064085 64.7730125981
714 728 5.32123455734 44.9641174638
714 769 6.47007973152 8.46934983235
715 768 4.06681109328 36.506781432
715 716 4.68715185849 51.2471530685
716 802 6.96072895578 10.3321337787
717 1043 5.17155150053 99.8714961935
718 1185 7.95532616985 109.199421519
718 1213 7.94774273855 78.9070201966
718 1183 6.41859527443 53.1114058731
719 793 6.5 4.59673797382
719 795 7.16227769852 4.43198601081
720 800 4.76279995171 15.8205013288
721 984 7.01041881593 131.010882009
721 722 15.8601626255 12.2179592019
721 1572 12.7549622515 168.621283756
722 832 13.2619864772 156.079514545
724 725 8.80788612366 4.03887360535
725 740 4.2686783315 321.086770177
726 729 6.51020522086 70.8429183467
726 727 5.5974994365 111.056097533
727 734 5.61921373383 162.018831249
727 853 4.27618937471 8.16115628925
729 747 8.59566428663 128.577637783
729 732 9.74341583252 51.9534647545
730 1377 4.82250787542 68.9144970301
731 1569 4.14822290685 85.4719054793
731 1566 7.31065061164 25.4216700785
732 749 6.54857619032 67.6491989528
732 742 9.49469619734 163.978628449
733 1185 5.05387538469 47.3701050231
733 1188 4.81645995592 63.8254914929
733 1193 6.91101328779 55.0676842946
734 745 4.62227468 75.1562194145
734 740 4.31488495952 34.1361160422
735 736 4.32272025924 51.5527462583
735 740 9.20289886196 13.1191721243
736 737 8.73907470703 6.35609943283
736 932 5.94013147631 5.85629181955
737 738 5.4312495028 36.8995054967
737 741 7.80167268051 14.8191038251
738 770 5.5380959648 192.064332539
738 981 2.78761335805 73.9388895297
739 1377 5.60119204223 6.93830741178
741 943 4.54217584303 6.3940597665
742 745 9.1748349419 32.9964930034
742 758 6.93464570381 81.368878788
743 744 5.60557277744 11.6911329547
744 971 6.14005470276 6.01331855135
744 755 5.92924593542 27.6960179031
745 772 9.07341040839 157.713478968
746 773 5.99185662454 20.2852220792
746 982 5.24383869117 26.1540815587
746 759 5.17906443569 75.7849759656
747 751 8.92716904429 89.8439340501
748 753 5.77198990914 63.4205998043
748 1034 5.23998628756 66.5537903734
748 750 5.67662152472 34.14627531
749 761 6.61392391268 56.0149274807
749 755 4.0454852207 37.1465678827
750 1009 6.03945853343 15.2562863232
750 1085 4.79926566847 86.6236298469
751 752 5.58287150724 87.4621541208
751 811 9.16279111958 132.426605075
752 803 6.16981707364 24.5086469914
752 1047 4.45354443222 50.0511397164
753 761 5.73337766703 52.1082697238
753 754 5.98111609751 56.0671002572
754 808 5.70157273388 26.4173202659
754 1097 5.3495635905 22.7219329152
755 757 5.20330337 49.1989650614
756 1114 4.89168086981 9.21837840455
756 757 7.06145890351 14.8608271511
756 758 4.9890724934 69.8568974638
757 762 4.35368883749 60.5036744722
758 760 8.45514818682 20.586413036
759 760 6.32208255335 26.3894841369
759 767 5.75058549076 75.6289552926
760 764 7.83345471752 80.6860725371
761 815 7.76906123672 168.300569414
762 763 6.45341736327 20.8173139185
762 1171 5.1668575446 32.7195204335
763 1131 4.72521479139 50.3736104618
763 766 5.92781720846 38.3903155836
764 817 8.41848503307 46.9626299231
764 766 5.42167809108 60.4987796068
765 1433 4.8185779031 31.7721935079
765 1211 5.26974490091 44.8787690977
765 767 5.75550996445 39.3995785519
766 814 4.26697254413 57.2242915798
767 783 6.16477043681 31.2550642742
770 778 5.12187887899 137.241453618
770 775 4.8295182027 61.7160274789
771 1256 4.23394257898 9.15498645676
771 778 4.40747271711 122.199001534
771 1253 4.58528675435 7.10262975904
772 784 6.8109503233 100.593120167
772 775 8.91565904374 108.717375627
773 1234 5.1260648898 22.3775336392
773 783 4.46389433591 56.1021425866
774 787 5.21741346822 63.1364419434
774 1309 4.37789014323 58.2285517252
774 1277 6.09328153104 11.3624576392
775 776 9.23558733787 58.8058147539
776 777 5.27302021426 55.609855814
776 782 9.22648082042 185.248832655
777 787 6.15326387545 72.8766483653
777 798 6.84793536 118.374699541
778 780 6.11904546267 221.49758866
779 1382 5.30779325357 41.5266283276
780 1345 5.67047046041 81.0995820182
780 1343 5.56891449175 163.169672124
781 1050 5.0638276812 18.6080900634
782 1345 8.0013638551 149.517249839
782 1359 8.88241927053 295.651196178
783 785 4.72937651687 45.5019926251
784 785 7.85791167343 13.8865574969
784 786 7.70289225275 37.0565922057
785 789 6.5502250802 60.3213121201
786 787 4.43838831843 55.2191107685
786 791 8.36257815752 83.5175560492
788 1052 4.36414951056 25.4431879167
789 790 7.22249919257 43.200107692
789 846 4.52922035359 81.8769360679
790 818 6.57255602024 73.6120451132
790 845 4.88616676945 55.4178333522
791 849 7.4356151908 117.784709569
791 1450 4.21334734099 51.2372663813
792 1465 5.8541021347 5.13638978272
792 1450 5.63087036287 16.7611197835
792 1414 4.13106085813 67.9147350891
794 1356 5.50948341877 76.1800041483
794 796 8.41744581593 6.77886063783
794 798 6.33073789688 74.4141268548
796 1505 3.87562742134 46.0417876174
796 797 4.02741414783 19.5140205672
797 1489 4.75169621689 9.44840951336
797 801 4.33050611716 100.105603392
798 799 7.17770554299 37.7995062177
799 858 6.81526045775 61.3937768225
799 860 5.81349513362 148.872791461
801 860 5.2136285439 50.7917699396
801 1524 6.7015619278 5.23450093132
803 804 5.998284613 36.1883164912
804 805 6.58532646879 17.2944715654
805 809 5.17709319048 86.7983640643
805 1531 4.57211806785 60.2674043824
806 808 4.3330169425 41.9514986762
806 1182 5.24099248783 63.4397326492
806 807 5.32453312142 55.5011128478
807 811 6.71888062466 20.0241449553
807 821 5.23079338243 103.246863899
809 810 5.6952974758 48.4904320699
809 813 3.78278270145 50.0470055558
810 1684 5.93378927304 9.52353564967
810 1693 5.15461119107 11.0003549805
811 812 10.8580031551 11.9435371132
812 813 5.38031007805 55.9277373075
812 830 8.56177521064 95.4090595694
813 827 6.91069756346 40.1978024424
814 816 3.83674544456 22.7419969488
814 1608 6.20365905762 3.35410196625
815 821 5.14989400981 65.0696560846
815 837 7.40205430381 79.0803145905
816 1618 3.93771697208 14.63162865
816 1631 4.19339784334 6.49985185818
817 818 8.99612215317 21.8599444637
817 819 5.5104441992 87.5497156988
818 850 8.6148122824 65.374736303
819 824 5.18700377086 29.0715791235
819 1669 4.39014891699 47.5056765169
820 1387 4.9677984213 29.375568778
821 822 5.01480179809 54.9805638474
822 830 5.35230754398 66.6739411955
823 1387 2.7509906271 20.7769997098
824 825 5.78778872069 39.293265122
824 1639 4.03806436627 51.22101298
825 838 6.08235738207 21.9150989593
826 1055 5.07865885324 27.5949981963
827 829 5.71417618517 58.5296511641
827 831 5.86544353344 81.6876858055
828 833 6.53493849923 124.907072147
828 829 5.25689644223 60.3146938169
830 841 8.23767579691 129.358558105
831 1715 4.50274383708 81.5036106182
831 1711 5.31265235354 41.2952857949
832 833 14.4452429221 26.0988724154
832 1006 7.40919173292 265.809028717
833 834 14.155305555 107.88539374
834 835 14.5989270063 78.3931357552
834 1134 7.34376105609 132.140369782
835 841 16.0945990674 30.5266827259
835 1135 6.75598754468 121.085549476
836 1058 5.26019354882 61.6228935381
837 843 7.00193869907 143.065275345
837 838 5.04698683393 57.1790620687
838 840 5.56762536761 72.9679769292
839 840 5.5713941219 35.9546325221
839 842 5.78111510308 15.1618031357
839 869 5.8646613886 47.1790130081
841 843 15.6574330756 104.397260879
843 844 15.6677818298 18.233211456
844 1137 5.90945940591 83.4435219653
844 879 15.5218945353 166.490923382
845 851 5.70450839772 63.1891756187
845 846 7.6243299526 10.6800905808
846 848 5.11131385018 49.6288974764
847 1391 5.15154361725 5.3949050038
848 856 4.63677051533 71.9486299589
848 1469 5.14442438242 58.3555837303
849 897 8.33012365098 93.1852443666
849 858 6.50757345624 44.3055879
850 868 8.22667633873 99.104558946
850 852 5.42258618835 67.995384057
851 852 5.43447198821 30.5633946611
851 854 7.02620883443 29.7467022335
854 872 6.53520127117 80.7975785693
854 855 4.55298263566 51.8654486504
855 856 4.79931545528 33.2975116691
855 873 3.608731806 67.3528457631
857 1062 2.98371190138 29.0510502993
858 859 5.68402695922 75.4762285519
859 864 5.80939312219 37.5828006489
860 861 6.81459134466 29.3989969433
861 865 5.73375135524 60.3160873889
861 862 4.37999551032 68.2023522189
862 863 7.20810816923 7.82671403638
862 1357 3.76911602657 32.0420593595
863 867 5.49662339386 74.5153850298
864 865 5.99041005914 68.3555190373
864 886 6.14256458301 78.9252830318
865 866 6.93795312834 75.2794699167
866 867 5.67216127186 21.6167483971
866 894 6.69687975626 135.864457776
867 1401 5.04805815226 52.2517676284
868 869 4.07682984668 38.7426284102
868 870 8.46418624038 83.4633001806
869 1603 5.20314551762 62.3736288255
870 882 6.91353571073 57.4091176222
870 1574 5.44494034395 65.4684989353
871 899 3.09588376828 30.6536001203
872 874 4.74659529317 60.5733926612
872 1574 8.60851518684 7.32654341895
873 874 6.2015670459 27.0798006057
875 1574 4.27690012166 45.2867311065
876 1642 7.03112888336 5.39560005931
877 1064 10.5192022324 9.88458395685
878 880 5.03535772662 49.7705557474
878 882 18.1139339878 17.0579773464
878 879 16.2281685718 63.0377376567
879 1168 7.57852241439 225.304991605
880 881 3.45702254336 32.9442613869
880 1177 7.20140251055 76.8325283029
881 1176 5.08765705742 80.8811691182
882 883 17.4865885815 79.9597658467
883 1179 4.68406359151 80.1004288557
883 893 16.5081666194 113.211543648
884 1652 4.76407806049 31.9509930118
884 897 5.55446078012 95.2416998808
885 1396 4.69406491027 79.6058484386
886 1652 6.41212255216 22.2815877437
887 890 4.80691066064 58.343899462
888 1643 5.16635848117 76.8545104274
889 1209 5.75539691283 85.8117050011
889 1213 8.45775575235 23.3988299225
889 1222 7.06763225423 58.8564104266
890 891 6.88715334237 8.38734728719
891 1652 5.11413067412 63.1559150591
892 896 17.4440812649 163.128454747
892 897 7.28678334383 146.590785494
892 893 18.0773578818 14.2176979479
893 1185 7.29103799258 93.9509752361
894 896 19.9248355452 14.8060692427
894 1424 17.8641537561 61.653387743
895 1067 6.42313600533 23.5831032744
896 1190 6.59401521154 103.504351882
898 901 8.61992472574 42.8844931046
900 908 5.68480387952 57.6557243628
900 901 9.3812716753 55.6219607941
900 903 9.35641470745 44.7135404355
901 907 5.73944079897 40.756771549
902 904 10.9177436755 83.1130154636
902 903 9.46534234817 48.8725944015
903 911 6.41734190528 89.2696304464
904 915 7.83309295925 112.285261899
905 1075 3.96303492183 31.9674982221
906 912 5.64193734573 40.8191337471
906 914 3.76677715887 90.4211792996
907 909 7.24744830366 51.6257622842
908 910 8.66296779268 11.287913326
909 934 8.72895383737 62.6108119341
910 934 6.59480137844 65.2550386053
911 913 5.17270641112 35.1791292766
911 935 8.19613519147 16.7413390953
912 913 6.55212649983 17.5278109853
913 914 5.71826376112 27.4642765457
914 938 4.61931665966 46.0460625616
915 938 7.80516570805 37.9055856074
915 940 8.02800899768 36.5085975762
916 925 6.94689411045 83.8436704159
917 924 6.49339826337 51.5301634377
918 922 6.65782064367 15.1782730339
919 1285 5.94704843928 21.489018525
920 928 4.09084589102 43.0775549668
920 1696 4.78823785495 31.8327809973
920 923 4.04373669119 32.4622477787
921 923 3.77732940256 22.8235223984
921 927 6.03757250699 35.1104721409
922 931 5.09812232755 38.5417718545
924 939 6.20781971004 54.1406928861
925 926 7.54465942837 33.9841213341
926 954 7.80202261049 65.8344343505
926 931 7.10235722982 20.1534719966
927 930 4.4645139729 37.6082000215
927 956 5.3673931775 61.1486659392
928 929 6.59741294141 17.968112885
928 956 6.34273060268 61.0128249304
929 976 5.27863233874 46.9807778723
930 931 3.63015124016 33.239962603
933 1070 4.330484417 60.0973551598
934 937 8.04608114392 22.5240552843
935 936 6.93555730211 19.3601704946
937 942 7.14310430661 33.0787391498
938 945 7.07625604685 87.5360172678
939 940 7.35396316316 54.9907458874
939 950 8.08958828276 9.06375746169
940 946 5.20649768659 80.8490227772
941 1468 5.8664849673 175.94006195
942 944 8.40623952182 68.1695059141
942 1010 6.77009893189 114.750590668
944 945 10.5226802826 10.4510161862
944 1010 5.99418635687 56.257723405
945 1014 9.67580865435 90.9769267371
947 948 6.36927143338 37.3797181658
947 950 5.02500294747 51.2700425892
949 962 6.91254385257 12.7286522455
950 953 8.34223274373 25.852691804
951 1074 3.81090638686 18.4502161154
953 960 6.48973459879 73.9985399563
953 954 6.35408970068 77.0334721626
954 955 9.58581432714 13.5986109458
955 964 6.85292980637 83.0989131002
955 965 7.07226057551 39.7636916749
956 957 6.59767671529 40.8845219601
957 965 7.66991800114 70.0745191846
958 1228 5.57314504149 31.2458645473
958 1158 6.33813202556 64.8979521421
958 1231 7.53344466399 18.2297890088
959 1357 5.93425623949 30.77059797
960 962 5.11251541906 39.2039219226
960 963 4.03649192203 36.9728944874
961 1398 6.04547064314 43.3358360645
963 964 4.98879561605 19.7169731872
964 1016 6.60037855275 71.292195348
965 967 5.20769355626 49.9761406847
966 967 3.12360324215 24.817102119
968 1398 5.59708690643 5.53759875758
969 973 4.57476217051 34.9870505439
970 1075 7.18944706078 21.470287685
972 976 5.18181511034 35.6820544359
972 1098 7.63389392495 33.4440835595
973 974 6.03081563767 22.1317719502
973 977 6.32474084458 43.1801535141
975 1407 3.54039390398 16.2913436322
976 988 6.13887900852 72.6647886187
977 978 5.72794741307 68.3752436072
977 980 4.12258925143 42.742793894
978 987 8.21935778315 35.2987933735
979 1572 7.16483876053 100.42944824
979 980 4.56520702927 67.9331074821
979 990 7.29927549117 60.3548414492
980 991 5.0926976171 84.8045951606
983 986 5.97719696788 25.473919029
983 990 6.00654037759 88.2609350076
984 1005 7.61189232472 170.570755302
984 1001 5.2971350579 58.0483543937
985 1648 5.97302754302 70.3625450536
987 989 8.28170445691 32.1740654385
987 991 5.96343139322 81.9558899608
988 989 6.45665396109 63.441486461
989 995 8.13151078657 63.9754507027
990 998 7.97042240494 83.9867919175
991 1066 6.50971426385 87.857188824
992 1407 5.91877760106 7.08560426354
993 996 5.01789244278 31.9369128345
993 997 5.11616476266 18.9067316671
994 1026 6.46905079834 22.0382806407
995 1049 7.03792500114 171.700161795
995 996 6.85978668859 31.8508935346
996 1065 7.42751309642 51.7118449019
997 1218 5.0266318036 10.469814018
997 999 5.03031094678 19.7192713612
998 1000 4.57320125722 43.5347934263
998 1004 7.76076181305 40.9212813974
1001 1007 6.70644762868 113.845317234
1002 1399 4.80394960736 98.1777173499
1003 1079 5.2701821276 41.0221434219
1004 1070 6.98937506851 37.756448559
1004 1005 8.80321650834 17.1213294512
1005 1084 6.98159549299 61.034124025
1006 1008 6.6116260533 66.877056912
1006 1227 7.87091095946 82.4433052487
1007 1008 7.14359723019 18.6599192905
1007 1086 6.66562108266 50.0712524896
1008 1041 4.17880350282 42.6137249057
1010 1036 8.30922651396 158.14341174
1011 1609 5.08893087998 58.6831685606
1011 1612 4.74812378135 43.8592490008
1011 1607 4.9213168325 33.8072230919
1012 1403 4.07464478389 14.6571556928
1013 1701 3.57593969326 20.3052440938
1014 1016 9.82485289337 120.966162624
1014 1017 5.77537521385 67.5362451741
1016 1020 9.81640629536 42.9724621124
1018 1036 6.22688472417 57.1158297267
1018 1021 5.54388787532 70.49465026
1019 1403 3.88103813229 29.3605591359
1020 1040 5.9673610444 131.536546052
1020 1030 11.024282187 70.0938733377
1021 1037 5.60246526332 65.9945971448
1022 1024 7.40391963852 21.3320163993
1022 1030 6.15055536131 127.90128862
1023 1408 3.4643149818 45.8918100004
1024 1025 5.52527856728 32.8564070515
1026 1027 5.73129460085 50.9929624046
1028 1659 7.93801936663 11.6791782035
1029 1659 6.6151933807 8.56595823356
1030 1031 11.3124621756 17.6522204886
1031 1042 6.30592475012 106.692584812
1032 1033 5.23722855633 34.0502265154
1032 1074 5.65637304732 27.071215404
1032 1065 5.51586421986 51.9087842306
1033 1035 7.12140312765 18.7161423815
1036 1037 8.89499751782 54.1679427565
1037 1040 6.20205439976 48.8737909191
1038 1039 5.75370772053 18.3275877047
1039 1042 5.82893199453 57.3388870825
1040 1044 8.9542140276 130.929345706
1042 1043 7.80525103593 15.8731759458
1043 1044 6.73444356141 35.4570580179
1044 1046 9.38031110301 84.2609892358
1045 1058 5.05121728144 44.1053181649
1045 1046 6.17151801247 49.8505653194
1046 1059 9.27429192664 110.025926615
1048 1050 5.8029778784 16.7149034012
1049 1054 9.84885787964 56.0416140025
1050 1051 6.55658333693 19.7170029143
1051 1052 3.48802219991 43.1509553921
1051 1058 6.76918554963 22.6616598875
1052 1060 4.39846316172 37.5265685412
1053 1090 6.06555347874 12.0333974604
1054 1056 5.63777553848 83.360587411
1054 1078 11.0819913061 122.33069369
1055 1056 4.99702442612 57.3410631739
1055 1061 5.66650975151 39.6547943818
1056 1060 8.85487270355 5.22015325446
1057 1663 5.73413925161 49.3245396169
1059 1064 11.7664401469 22.0221976789
1059 1060 6.91667271875 78.4767154107
1061 1062 6.18660458121 51.6029340653
1061 1102 4.86717901216 36.3219749463
1062 1063 4.46843227298 39.7836896887
1063 1064 11.763528042 15.696959706
1063 1107 9.76300649529 133.363379385
1065 1069 7.16549416327 44.4468511874
1066 1067 4.74194443887 46.4445577612
1066 1069 5.68999182259 47.8590149263
1068 1082 2.95968779604 20.7773024627
1069 1076 7.55262411315 57.2678483475
1070 1072 6.58652931904 48.0648337323
1071 1072 7.37482847649 23.0912981041
1071 1076 6.44046294907 45.3766413307
1071 1079 5.75765587748 28.4242428049
1073 1081 4.9688312836 47.2590895001
1073 1082 5.37797890317 64.4402494067
1073 1084 4.8913500982 52.0124968459
1074 1075 7.85676355722 6.74096890326
1076 1077 6.92010122335 72.6946026471
1077 1083 11.9031175526 82.7091093516
1077 1078 13.0234986442 15.0611224194
1078 1100 6.74207771005 68.8439873573
1079 1081 5.57626755972 29.9365022874
1080 1091 6.90758430768 9.84475500352
1081 1082 6.34993256794 51.8167303911
1083 1106 6.08787038108 65.9214550428
1083 1092 11.2939136618 97.4818341298
1084 1087 6.91255257348 35.9717354451
1086 1088 6.68904126186 47.5271041728
1086 1087 6.62053706811 43.6445367997
1087 1092 7.02745595176 119.120346544
1088 1096 6.61173048901 43.9660307703
1088 1090 4.75944769259 46.2107697681
1089 1436 5.62957787748 12.8608176756
1090 1096 5.08755403644 148.851647112
1091 1095 5.10751857958 30.4065553504
1092 1093 12.8532137593 14.7958108814
1093 1112 5.93462033142 76.6447922283
1093 1094 12.1099652884 45.2968793435
1094 1099 11.9059970377 77.2616066973
1094 1095 5.18790842833 49.3280157492
1095 1096 7.71765364718 21.1884197902
1099 1121 6.68066695091 92.298186492
1099 1235 11.5553982695 52.4052897454
1100 1104 7.03618790166 28.2468343411
1100 1101 5.15317380305 32.1802286332
1101 1125 4.92401133138 46.2350115873
1101 1102 5.66614113782 22.124970974
1102 1184 4.63146614625 63.0535665592
1103 1152 5.7808955855 60.6535739194
1103 1104 5.279863708 36.379376038
1104 1107 6.70862193048 77.713559779
1105 1106 4.5572478733 61.4866520421
1105 1230 3.63640040711 21.4589029753
1105 1111 6.23828754066 63.7082288933
1106 1109 6.85716307761 42.2229431647
1107 1110 9.42227988413 109.806022148
1109 1110 5.72439079089 68.6778196505
1109 1111 4.94317023869 25.1751060968
1110 1124 8.252854453 66.8029204713
1111 1220 4.5342331161 35.0288184058
1112 1115 6.49762967827 48.0678417777
1112 1117 6.15373325686 44.0653815779
1113 1268 4.50018517554 16.5858873427
1113 1117 5.98559805534 33.115046556
1113 1238 5.39288316815 24.433926529
1115 1250 4.40725354225 38.1187337561
1115 1124 4.85801071067 66.969550682
1116 1121 5.06675178838 66.2761240238
1116 1314 4.94958328667 80.1002620053
1116 1117 8.64584117227 9.6796775666
1118 1670 4.387761372 35.5623389681
1119 1123 5.18234703854 56.9429957657
1119 1122 5.18123138371 34.9540437204
1120 1418 5.56921890407 7.51915851526
1121 1123 6.83794851683 23.8822818881
1123 1126 5.51957095847 62.6057959985
1124 1126 8.30278295996 169.177750316
1126 1270 8.21887613845 149.8300463
1127 1336 5.56406492964 10.041125551
1127 1129 5.15887622663 31.7378145272
1127 1332 5.39834594727 3.55035209522
1128 1337 2.80309175152 12.1433283166
1128 1130 5.59340894716 26.8852143862
1128 1339 4.49432799512 17.7248677608
1129 1130 7.60767854079 7.70459495359
1129 1350 4.3234132298 8.47688374832
1130 1133 5.8821053946 36.5389000988
1132 1672 4.56813346132 8.52808184059
1133 1153 5.32827964872 143.96595211
1133 1134 5.56815357676 49.5504999329
1134 1155 7.84651062615 73.1061533216
1135 1144 6.33493063857 37.2621695669
1135 1394 7.10442681945 8.25473062923
1136 1155 4.86176700511 62.3678958292
1136 1660 5.56538139931 150.340746463
1136 1221 4.30509661246 38.5806264443
1137 1138 6.97941601468 12.4782399217
1137 1149 6.44466163084 89.2655906029
1138 1141 4.37209955858 23.9882536099
1138 1143 4.20389989342 62.7065973506
1139 1144 6.28493838379 43.692596222
1139 1402 7.2594172994 54.6148296145
1139 1412 4.86313715542 47.76192394
1140 1672 5.96114994804 40.5239621868
1141 1427 5.8541021347 4.7
1141 1431 5.59016990662 3.92937654088
1142 1434 4.01405187682 12.3639863733
1142 1143 5.17596160974 32.1481053445
1143 1150 4.99164998188 62.5712850239
1144 1146 7.2615610223 27.8776562348
1145 1670 2.66839485583 26.1479043227
1146 1400 3.94874563415 15.5185297417
1147 1148 4.4099815147 41.0319475419
1147 1567 3.98611602569 21.7821589324
1148 1149 5.97859784778 35.938100487
1149 1151 7.33091456109 24.6463315174
1150 1481 5.78839701594 15.9667739839
1150 1167 4.44403312514 87.9353820998
1151 1166 5.89657752792 60.7146911805
1151 1167 5.2008402903 22.6853825981
1153 1160 6.32122142533 80.9172583441
1153 1384 4.27950992616 84.052232971
1154 1423 6.03553390503 4.52769256907
1155 1161 8.35320872488 99.8714948081
1156 1423 5.70994476041 41.584901093
1157 1161 7.09122542179 73.3396977558
1157 1164 6.65571658258 62.9401247561
1157 1221 4.34537659343 43.0107103459
1158 1160 6.4300344227 33.8783320528
1158 1227 6.54186793197 60.3208283125
1159 1160 4.68010640924 32.7963537444
1159 1506 5.43310061593 80.3715827219
1159 1162 5.67552820432 43.5947274182
1161 1233 8.37918619137 100.325706476
1162 1556 6.93144668251 13.4167946347
1163 1195 5.27021628189 26.1979754065
1164 1165 6.29401202169 40.2062660082
1165 1170 5.93731598205 70.1119306306
1165 1166 6.80100250412 29.770151768
1166 1173 6.96871707447 67.5451333623
1167 1587 6.75672746971 4.57232953651
1169 1682 4.42826891252 27.3570973307
1170 1622 5.66042641235 12.5741033085
1172 1242 4.44507499347 39.8820765636
1172 1243 6.72312059808 63.6899205218
1172 1174 5.51601821701 73.7810246762
1173 1174 8.22586328659 21.0939894573
1174 1245 7.37297670632 78.1000761195
1175 1425 5.22367250166 6.10903696587
1176 1655 6.06765934761 7.35073777847
1177 1180 4.58099918815 110.611511642
1177 1198 7.02064596498 114.666586758
1178 1430 5.27211862327 6.60850698565
1179 1181 7.61025853192 14.4832635656
1180 1181 7.5168789832 9.65301533014
1180 1183 5.55621977983 80.3685842051
1183 1201 6.20033069939 92.4400147062
1186 1187 6.5413813591 2.85043856275
1188 1189 5.12347198298 39.088216063
1189 1190 5.24968627635 51.7951358645
1190 1191 7.53297445908 28.463173259
1191 1432 6.19512326425 37.7539439101
1191 1219 7.93132231033 164.32975994
1193 1194 5.89846940469 33.882091214
1193 1196 4.73744452779 159.92400864
1194 1196 4.55692101063 29.6703056318
1194 1214 5.85419408667 91.4365768291
1196 1217 4.16651613111 62.6300334752
1197 1676 4.62084934575 16.6778175766
1198 1200 7.67572508506 38.7754810308
1198 1201 6.70144749834 27.2918941289
1199 1200 7.16329425626 76.0010037019
1199 1205 5.01619984118 31.0434819279
1200 1208 7.47600067276 87.3015392845
1201 1202 5.70216102214 21.3569838045
1202 1203 4.29887844478 39.2987169303
1203 1207 5.03094842834 28.9539538603
1205 1246 6.05549629066 73.551531186
1206 1207 3.99590320071 21.3644259937
1207 1209 5.13528835739 32.9243383007
1208 1289 6.988584738 31.1116621404
1208 1287 6.12859547321 78.7501174008
1209 1290 6.51910758248 51.3730541987
1210 1648 5.68520075067 57.0363508819
1210 1538 5.97758444184 187.846362042
1210 1638 5.14617393831 45.2092938061
1212 1664 6.1182748142 34.6354176499
1213 1214 5.82249594707 74.5302994695
1214 1215 6.54652588272 25.2640735968
1215 1216 5.6462774547 41.4784636059
1215 1224 4.99852051144 51.5474257988
1216 1225 4.8925653325 37.3870128765
1216 1217 4.3973552455 40.3050789326
1219 1656 7.44831275041 167.181556999
1219 1225 5.26082230127 70.331058515
1221 1522 4.72059571398 44.7146274995
1222 1224 5.51770871807 76.1748383092
1222 1297 7.64416230056 41.2271484568
1223 1386 5.00928685906 14.5117134825
1224 1300 5.82466028438 48.4650167191
1225 1226 4.6115639511 41.0686451436
1226 1301 5.1298494929 36.0286413904
1227 1235 8.0808345913 112.059640711
1228 1229 7.60977220535 6.71360558865
1231 1236 6.15154660639 62.946278816
1232 1429 3.9292624685 31.6833166215
1233 1240 7.12090967282 69.9180496543
1235 1237 12.6991111668 24.024925818
1236 1239 12.1807023748 58.9996607501
1236 1237 12.4435731328 60.7530752165
1237 1261 6.47029608207 103.109311525
1239 1240 12.0247130357 57.5577051869
1239 1264 6.62001376464 77.013923754
1240 1241 12.734104809 40.1364047236
1241 1249 12.0541689425 84.3090231029
1241 1274 5.73671502429 77.2706100003
1243 1249 7.38287692199 82.6707804067
1245 1251 6.81872908547 101.360637393
1245 1247 6.22606065091 42.1057563223
1246 1287 6.59645759702 72.2078283687
1246 1247 7.38756798814 32.5684552805
1247 1248 5.17191944513 46.7828582251
1249 1252 11.9538642062 63.1136849699
1251 1252 11.8807245755 23.7358814617
1251 1293 12.2012066055 136.756356152
1252 1276 6.15990103267 89.5706322527
1254 1255 7.38523101807 4.67359604587
1255 1280 4.11701009561 99.2238042012
1255 1281 4.52949037682 33.8513433826
1257 1588 4.58738348824 37.2085354116
1258 1266 5.1088452772 35.0416832381
1258 1261 5.727762433 48.7506811369
1259 1260 8.07988834381 7.78845299145
1260 1262 4.47941343332 38.2386092869
1261 1262 9.77200126648 7.36698717251
1263 1264 6.05620322628 42.544138176
1263 1265 5.47251497314 37.6930609674
1263 1267 5.1710368547 26.3757393804
1264 1266 6.90045620186 36.2179851096
1266 1270 6.12428978786 57.7178199833
1267 1272 6.14103999012 25.0581601109
1269 1441 5.42845885969 43.9875019772
1270 1284 8.72647838237 148.967495696
1271 1286 8.41421619677 404.627325615
1273 1274 6.15530666658 43.4583213076
1273 1275 10.1980010093 8.6590652982
1273 1278 5.9782362491 44.007611874
1274 1284 6.4738666147 93.9484243324
1275 1276 5.376203007 54.0566437586
1276 1280 6.51380760186 102.696503686
1278 1279 6.75957938463 21.08119093
1280 1282 5.2448081622 45.2410792141
1281 1282 6.73519905075 18.1607724112
1281 1315 5.220742723 44.6263524817
1282 1283 5.4757649531 21.6122008084
1284 1324 9.36982353019 274.47558577
1285 1638 6.33562577452 95.9653982115
1286 1326 9.53057266091 158.271284845
1287 1288 5.01412509 38.6683645804
1289 1290 6.59352428364 18.4860723232
1289 1295 7.10375699366 85.223441611
1292 1683 3.4922593161 26.9637538574
1293 1315 6.4059676244 86.6075772451
1293 1294 11.9691406176 67.541733078
1294 1319 6.06127638159 68.3626325269
1294 1295 12.3057295627 51.8911996939
1295 1296 12.2165703404 44.0941800973
1296 1321 6.60721723814 110.460548842
1296 1305 12.1762601554 73.1212628761
1297 1305 7.28166344507 71.1927728701
1298 1299 4.12493686155 33.8683379233
1299 1300 4.92994947606 40.8027088971
1300 1302 6.55547697119 24.181784167
1301 1304 4.01856881332 33.860218653
1301 1302 5.78666556325 31.7247580573
1302 1406 6.32698191754 69.5156838323
1303 1304 3.35739355639 37.9315095032
1305 1306 11.9072790396 82.775102233
1306 1308 6.08634712412 62.2326473649
1306 1406 11.5985260738 48.2919969208
1307 1330 5.58482402939 46.9036090218
1308 1313 4.77088381705 35.2989130318
1308 1331 6.60036372572 42.1245860964
1310 1656 11.2535107287 61.2118012234
1310 1333 6.34476403992 99.0023771774
1310 1406 11.4725594523 82.021700033
1311 1443 4.60050750726 13.8698473265
1312 1313 6.85183568252 33.5664561085
1315 1317 9.32737470344 9.07828296871
1316 1317 4.90988693599 36.5829329003
1316 1318 4.20385509901 42.4923170981
1317 1324 6.50704746497 86.3163781372
1318 1322 6.36383309679 26.4720088604
1318 1319 6.94093070839 24.8994723658
1319 1320 4.18186142713 34.3724285593
1321 1323 5.77215876026 29.8028354865
1321 1325 6.19832262197 104.689690364
1323 1329 6.19479115399 50.9878547768
1323 1327 5.41115025877 29.040091698
1324 1325 9.32647279073 115.703063114
1325 1328 9.0053300955 33.8045224957
1326 1328 4.68732363262 56.8877402625
1326 1680 8.19981806715 530.597873215
1327 1561 5.04409858004 10.4611512097
1328 1340 9.17753906476 200.038101296
1329 1330 4.92080101264 38.9222623311
1330 1331 5.63899404678 57.2838102124
1331 1335 7.53440580126 39.76248463
1333 1675 5.44698340426 69.1793190799
1333 1334 6.60593508233 25.4783832401
1334 1338 5.77318265256 51.3558827796
1334 1335 5.69931563793 83.066935616
1335 1340 6.30889364452 57.0027173856
1340 1679 8.91759582365 287.675638535
1341 1687 5.37195620824 21.3321078439
1342 1688 5.52718470656 13.1429601877
1343 1344 6.04096370703 22.9181404232
1344 1348 6.35588728282 93.9217509946
1345 1346 8.47179645794 182.927681139
1346 1347 6.25246988664 80.2186242769
1346 1349 8.49771962729 74.7109913824
1347 1360 6.94843067775 121.553278947
1347 1361 5.64493977348 76.1726950889
1348 1349 5.160647726 72.6343558888
1348 1375 5.78209911038 621.809400517
1349 1351 9.1280567798 15.7859416104
1351 1353 5.321508092 65.3744090008
1351 1371 8.47265084211 180.179222428
1352 1353 4.40866290254 33.4446676185
1353 1354 5.82703918515 27.8933848622
1354 1362 5.69625458578 78.1445306489
1358 1360 6.55578108478 55.9656617849
1358 1399 4.5205534325 65.761799182
1358 1359 6.38587363714 44.4198488375
1359 1437 8.20402286016 269.604609503
1360 1410 5.71770354733 121.197186664
1361 1365 5.56309823682 62.6130454163
1362 1364 7.14865658792 29.4408948665
1362 1365 5.18365791766 57.875166478
1363 1364 4.80566574887 54.293760774
1364 1369 6.45837595105 100.107889727
1365 1367 6.70492675096 76.2780909704
1366 1451 5.51020116425 40.7694946772
1367 1368 4.08628334117 51.1797994183
1367 1411 7.27272265292 22.7746972532
1368 1413 7.12495500988 8.45222725393
1369 1380 6.40159100347 95.2627345973
1369 1388 8.4801603982 62.3969337218
1370 1456 5.25984312392 99.4297575877
1371 1376 8.34540767243 372.564615389
1371 1379 5.63456457569 86.3295979374
1372 1379 4.55282987693 48.9879205145
1372 1373 5.47262951462 34.7650563878
1374 1466 3.76716966417 41.3263862757
1375 1500 5.99790402113 120.783480416
1375 1378 4.95869917286 96.8923777369
1376 1393 4.66421979194 74.93306531
1376 1378 9.38216412409 18.4364280457
1377 1500 4.11981950204 27.7192445805
1378 1487 8.40945340432 213.504986349
1379 1380 6.1978646278 32.8911031975
1380 1382 4.42032965784 45.933508474
1381 1698 3.54489740803 36.3187675611
1382 1386 4.74747105627 76.155267691
1383 1385 3.92903080106 61.5799358906
1385 1389 6.57693823641 81.9623776339
1385 1390 6.3505574465 75.4712156462
1386 1387 4.37346346093 30.6574434065
1388 1417 5.24035664533 64.2089815097
1389 1448 6.58494880148 47.960347476
1389 1391 4.97000684924 59.1896136833
1390 1461 6.72986137055 172.486895667
1391 1392 3.02372403796 30.1336856831
1393 1395 5.83219489105 79.383085578
1395 1460 6.37075910602 97.9789486298
1395 1396 4.94649111592 59.4559921785
1396 1397 3.99669533828 52.3780023719
1397 1491 4.34806149976 85.5522764472
1397 1462 4.58495813033 79.5005960769
1398 1401 5.44073679212 45.8663512029
1404 1453 6.03553390503 5.17880295049
1405 1453 6.03553390503 3.66230801545
1407 1408 6.17101781602 40.8477851277
1408 1409 7.19184282286 23.7610877413
1410 1418 6.3139870326 117.804220743
1410 1411 5.74683232157 46.0073556078
1411 1420 7.30599202293 94.3370509575
1413 1417 3.32097764371 84.5351105386
1417 1422 6.44317851323 53.5623510461
1418 1419 5.80520807464 17.3026938001
1420 1421 5.46119127452 63.130776787
1420 1439 6.46547198023 127.044904302
1421 1422 5.18893533506 35.4085109172
1421 1423 5.32606830339 37.5142623504
1422 1451 4.75497626024 74.3991707449
1424 1426 17.4970221357 127.752406007
1425 1428 4.61562181925 35.6185681737
1426 1437 17.8050830494 48.6418095585
1428 1429 4.0029575021 36.3056056861
1428 1430 5.87698812743 21.6670828626
1429 1436 5.45004819076 35.993182327
1430 1432 6.1936990229 57.3025992102
1432 1586 5.20125173512 87.9451484767
1435 1456 6.88501658704 6.72970651295
1436 1586 5.47765335827 37.4542318188
1437 1439 19.3877267284 126.25086409
1438 1698 4.21541895978 51.4868640639
1439 1440 19.9189893593 26.3650856268
1440 1468 18.011181069 125.908366112
1440 1446 6.61559093277 144.808252379
1441 1442 4.37133584101 25.5804496211
1442 1443 4.74313261197 45.9213846306
1442 1444 6.23500623205 49.3649619483
1443 1445 5.39711016985 58.9787939862
1444 1588 5.68685245916 44.4706092059
1444 1589 5.31177656481 29.7065744034
1445 1589 5.21414827349 70.6152593571
1445 1446 5.82929030964 28.9985666112
1446 1447 7.56940081776 17.0704646814
1447 1507 4.65739639289 109.454147604
1447 1597 7.81275368273 55.9110798081
1448 1455 6.02091096626 155.181876151
1449 1458 3.96966871405 9.45753035822
1450 1477 5.09393173064 53.5984585935
1451 1453 5.50102130725 41.6129535448
1452 1647 4.39286927595 129.011273799
1454 1466 7.17168988224 5.3895901379
1455 1456 4.61753801702 50.071975239
1457 1466 4.90913957441 119.13060203
1457 1486 4.4703110508 147.887467386
1459 1701 5.32640899773 12.5992227451
1460 1461 5.58586762553 42.3016679948
1460 1462 5.22541862143 71.0230430382
1461 1479 6.75579604449 196.752608632
1462 1601 5.27424893387 190.405749151
1467 1468 17.3801359887 51.9941714678
1467 1470 16.9116773611 113.607487414
1470 1478 17.3053518296 81.421278657
1471 1472 5.10695282173 36.954719338
1471 1521 4.90631816852 62.5305083309
1471 1476 5.3824649922 34.4144430891
1472 1599 5.40566210932 58.3820726511
1472 1598 5.87138983793 43.6719607494
1473 1536 4.982116515 17.4434660126
1473 1474 7.41343784332 4.55109876843
1473 1476 3.48628578716 51.6839187768
1474 1475 3.27902711073 34.8123546051
1474 1565 4.11892967434 14.2915533717
1475 1537 4.9876503226 30.1923164725
1475 1571 4.5962402981 6.96461959118
1476 1529 5.58332575732 33.873672552
1478 1627 6.49894078158 199.795787766
1478 1479 16.7143585517 120.564707009
1479 1533 16.0365697282 200.980965816
1480 1704 5.28385734028 55.2983599977
1482 1616 4.6018081795 7.85016219091
1482 1585 3.83630236689 37.4608549459
1482 1484 4.35829666756 56.1439072508
1483 1484 6.76089053058 27.4197353546
1484 1626 5.19661573585 35.6030268998
1485 1488 5.89397327574 135.397562432
1485 1657 3.99274314155 131.923363318
1485 1500 5.86561707031 117.070627161
1487 1499 8.41889096614 379.402792123
1488 1714 5.15294301302 99.180971235
1488 1503 6.9269081062 521.385364231
1490 1495 4.68914623805 112.984181906
1491 1492 3.57125283613 37.2956464198
1491 1493 3.97166126932 68.2837985455
1492 1494 6.05270353167 77.2073555916
1493 1501 3.98614700266 22.8535081982
1494 1530 5.91392392027 188.96006247
1494 1495 4.94468510735 57.1364235531
1496 1706 3.96486515749 20.6717678314
1497 1706 5.58759044965 4.85106346512
1498 1508 4.32880076771 74.2780166004
1499 1513 8.2938484509 119.689070987
1499 1541 6.55830978402 300.009121915
1502 1508 5.7212857339 70.927122334
1502 1510 5.22078952471 66.3564135131
1503 1512 8.23144687457 180.538061961
1504 1511 4.97882969601 51.2313708294
1508 1513 4.95509452493 61.829468904
1509 1510 5.57341190248 19.5751248295
1510 1516 5.05373246142 97.1488191358
1511 1514 4.92090233526 55.7825203824
1512 1515 5.2100594966 40.4372370496
1512 1549 8.86405924122 223.976954137
1513 1540 8.59771653258 258.650285423
1514 1516 5.29130490684 50.0337551531
1514 1517 5.64535074878 66.1118186795
1515 1547 4.43415585453 56.841129589
1515 1517 6.25732017283 56.2014851442
1517 1528 5.78818967415 118.498012246
1518 1523 7.52473189914 79.8940904412
1518 1525 5.38476776743 211.431597231
1519 1699 5.86114831659 40.7323391619
1523 1560 7.86015985794 176.229040162
1523 1555 5.31902666012 43.9000302329
1525 1560 5.87603301218 122.440929915
1526 1543 5.30815966228 151.279217926
1527 1718 5.03681340911 54.37716885
1528 1540 5.06310575317 52.9932735166
1528 1550 5.15538212318 50.1171435122
1530 1532 16.2684343638 84.6433758723
1530 1533 16.6926512965 44.9004878227
1532 1534 6.36396121979 14.6696966567
1532 1535 9.37947056408 31.0720401093
1533 1629 6.1308465752 181.067639173
1535 1538 4.91839788233 87.2296093155
1535 1541 16.6041168405 206.438911495
1538 1637 3.85497160797 49.5285675071
1539 1637 4.40357066505 57.9445596136
1541 1542 20.757151792 22.9676084315
1542 1640 6.5322216959 204.187419142
1542 1543 18.9100070025 123.96513653
1543 1544 14.3246528816 56.391937318
1544 1545 18.5370252326 52.4841755474
1546 1692 6.93940505435 110.105740038
1546 1708 6.14396736248 60.3104276027
1546 1695 5.40334422902 144.706070838
1547 1548 5.34912942309 48.9954880324
1547 1550 5.23705534311 99.8267977698
1549 1554 6.20428657204 104.171338424
1549 1559 9.56565013375 78.6143327993
1550 1551 7.74756797613 10.5289676199
1551 1552 4.75003119611 49.1700202798
1551 1553 4.20460121514 85.5823378208
1552 1564 5.97083441872 51.9968627176
1553 1554 6.61876241802 17.4112173092
1553 1564 5.48001356983 125.441120007
1554 1563 5.4268416188 43.3517959929
1555 1557 5.63436462193 91.9229340489
1557 1558 6.65363797177 32.8423307672
1557 1559 5.02832877934 57.4931903637
1558 1573 6.20264643862 72.7604955373
1559 1570 8.64811454196 73.3391036968
1560 1579 7.88813020307 140.040656099
1563 1566 5.6825872265 55.0685917223
1568 1599 7.5413813591 4.52354949127
1569 1570 8.6714724949 38.7830908248
1573 1575 6.20103110988 61.181081859
1575 1579 5.87564946763 97.9896562749
1575 1581 4.75618954393 83.3046873435
1577 1578 3.02364650032 16.3964196232
1577 1583 4.12725658894 60.2833349995
1578 1584 6.3652277683 61.3768869117
1582 1718 5.8541021347 3.89133653132
1583 1584 4.55820134587 26.49349362
1588 1590 4.72121958127 66.6690145268
1589 1593 5.08658713085 76.1530661853
1590 1594 7.55898195479 50.2416209199
1591 1592 6.239237158 45.5522005295
1592 1607 6.80483245804 27.9241606033
1593 1595 5.75070810792 34.9444724045
1594 1609 7.36463608496 87.8457779919
1594 1595 5.46977420503 56.6511826065
1595 1610 6.25283699002 74.7295619539
1597 1602 8.49389034932 18.6513219647
1597 1611 7.18991326474 109.141489406
1598 1604 5.75345354789 76.0964298568
1599 1600 5.33573989462 39.6331551409
1600 1627 5.17101641922 60.4103845637
1602 1619 5.32955124006 152.734311664
1602 1604 6.01211370067 141.99357656
1604 1606 6.63408172824 31.192866193
1605 1620 5.05456756201 43.6130525035
1605 1606 4.653623021 42.5120638561
1606 1666 6.69653311372 153.120592529
1610 1611 6.09438186996 41.7354409328
1610 1614 5.59476358351 57.0529752391
1611 1661 7.18317459951 126.638106934
1612 1613 5.08781113025 42.8357835479
1614 1615 4.95260059089 46.11153363
1620 1621 3.81601155022 46.7401597367
1621 1633 5.15071689178 78.6649318792
1621 1623 5.82101119967 27.9020797483
1623 1625 5.17506071716 29.0543580714
1626 1632 5.5514611073 133.43763297
1626 1628 4.39541393347 68.897126
1627 1633 6.4979016445 52.0973787127
1628 1634 4.7263237821 80.5760601339
1628 1630 3.73403631465 50.0062034832
1629 1636 6.18537983731 84.3890953237
1629 1630 5.15705800334 94.7938195868
1630 1642 5.63663737974 156.306872896
1632 1689 6.49065686526 186.105654179
1632 1633 8.35925686874 15.296370421
1636 1643 5.03198390455 124.02007455
1636 1638 8.51515875178 16.4069246846
1637 1649 5.79453233015 133.156613283
1640 1641 7.59936521203 36.7733622147
1641 1649 5.41876759273 84.8608037102
1641 1650 6.40509183968 32.3564833183
1642 1644 5.79190887957 23.789528789
1643 1644 5.14778145527 64.9347618647
1644 1691 6.21475363572 81.7819742008
1645 1646 3.3053656782 6.05997026495
1647 1649 7.60416100428 20.8007017696
1647 1653 5.70153599682 63.3589711218
1648 1653 5.01424324463 89.2229684773
1650 1651 5.22448888404 53.7322124978
1650 1703 6.56262558007 160.082723732
1653 1700 6.75843714982 97.1151348485
1656 1658 12.1579568062 89.5532354137
1658 1662 6.69785498074 92.7198977477
1659 1675 6.06162625308 88.6589643272
1661 1665 11.9366748137 40.6596966741
1662 1675 5.05473547753 201.106860958
1662 1676 6.5782514169 69.7014176272
1663 1677 6.51461323789 64.9394267434
1664 1665 6.13437144945 148.458310801
1664 1677 4.93815700163 105.014855901
1665 1666 11.4237905875 159.218272959
1666 1690 11.8625070116 192.450173027
1668 1671 6.49122990078 19.5479289387
1670 1671 4.50528980409 38.8526941618
1671 1673 6.22780873309 31.0988944263
1672 1673 5.0246346116 63.3238786952
1673 1685 6.47545028819 99.566524096
1674 1690 6.31306181224 116.957412786
1674 1682 4.53220077751 49.3959866118
1674 1695 7.33478892425 30.0280404173
1676 1678 4.49386761971 46.2898825846
1677 1678 6.06636827335 31.2882413715
1678 1681 4.71610936911 56.8414456817
1679 1680 4.46756270448 57.5426386609
1679 1681 8.92724029209 43.6793472871
1680 1687 7.6720039957 384.067792869
1681 1685 9.1976359068 364.86173268
1682 1683 6.1517319441 25.4139216332
1683 1707 3.57806037971 89.9669393198
1685 1712 9.32489657596 297.601667473
1687 1688 7.69360043098 71.0881957126
1689 1690 12.6166073591 26.3730165556
1689 1691 11.8848021249 96.6355642742
1691 1692 11.9497133059 28.7756608839
1692 1694 12.0108676221 112.861265978
1694 1700 11.8550389064 170.876070941
1694 1699 5.84459195927 111.313025458
1695 1707 5.07336078085 40.6352096558
1698 1710 4.80233573157 45.69599809
1699 1709 5.04007990906 63.1374786459
1700 1702 11.9547086312 86.3135405645
1702 1717 6.57307749069 110.98548946
1702 1703 12.730457974 53.4213806615
1704 1716 4.95520511476 64.0045661084
1704 1710 4.68975545536 141.29619073
1706 1720 5.1725168068 74.3605863151
1708 1712 4.74066894732 60.6141814016
1708 1709 3.81189725957 31.1696797895
1710 1713 5.38193485106 99.9692363054
1712 1713 9.02786193239 159.932762414
1713 1722 9.00148436377 278.792035472
1716 1717 6.44632314285 60.9487138709
1716 1718 5.17236666044 63.4128213875
1717 1720 5.92144628322 113.69264269
1720 1722 5.03971166723 64.868222606
