0 46 3.54744492025 66.3470544999
1 42 6.89449061724 148.818513048
1 508 6.85333438947 137.75955566
1 510 8.21397380956 34.4782953502
2 499 5.9382133211 34.115286341
2 5 5.87894954666 78.2516448929
2 367 3.62763038963 51.524504312
3 375 7.82453308645 12.9343790803
4 426 8.47272210322 87.3687671381
4 421 8.88006886326 20.7974647938
4 5 5.73979728073 28.8546576433
5 406 4.5 5.37401153702
6 500 8.24982738495 4.12310562562
7 196 5.66141109705 23.7796666397
8 16 7.97467382561 134.117671107
8 418 9.47213554382 5.6920997883
8 430 7.32331112941 127.833142367
9 198 7.30116271973 5.00649578048
10 433 6.4332008261 27.6618703495
10 434 19.1279671832 43.9648078799
10 29 19.2132745978 16.5922032175
11 50 5.04224539621 17.782441683
12 16 7.90679106855 43.0844322595
12 432 4.41207434853 29.2970658333
12 14 4.66000429503 36.9856537525
13 208 6.32168446046 78.4615407697
14 58 6.33983939823 4.50782617262
14 19 7.0414151023 42.2818542903
15 203 3.11802925265 13.7354377855
16 21 5.58134799177 66.7700121738
17 210 6.62022342853 78.0117690327
18 209 3.11609377943 36.1344356862
19 441 3.86225253405 101.959235401
19 21 3.32980216273 37.6842002841
20 383 5.02338175264 19.0329124138
21 39 4.95717617824 131.028447449
22 383 4.02698169934 8.45753777374
23 44 7.06740283966 3.41760149813
24 27 5.96025289063 50.5101720634
24 475 4.68063995683 8.43538901187
24 476 3.17281855503 10.3892612362
25 358 7.32148736852 56.8605335235
26 292 3.58693504398 5.35263328135
27 34 6.77635699447 114.793685596
27 31 8.43410465702 65.2382743496
28 46 7.92225022614 10.0658123327
29 189 2.73243636874 25.1905530873
29 431 17.4152308411 24.5149894618
30 209 4.6471870742 5.19531339941
31 489 7.23527968837 21.0907863222
31 300 8.71243110072 214.967586992
32 59 9.46040725708 7.23083674273
33 388 6.64253592152 81.3763723765
34 481 4.27183042413 52.7044680488
34 223 7.16902661141 49.8859804823
35 41 5.86785781518 43.5729192228
35 42 7.89821432887 19.2544434671
35 507 6.15870735795 8.77441167758
36 223 6.40512466431 7.08307842679
37 55 5.72687149048 6.58824711133
38 497 3.97399006168 98.7072687664
38 42 5.57170198689 43.8904136672
38 39 7.78331893529 16.1424033852
39 291 6.96358651538 64.3339930188
40 213 5.92118835449 5.10881590978
41 291 3.22041036968 32.7655814435
41 55 6.99212720389 8.50354136302
43 215 3.92982416869 14.4396136371
44 171 4.32456928072 17.3446782847
44 292 5.75105866921 24.7491542592
45 214 5.86535467036 16.7028241996
46 54 5.86829465637 56.5600237248
47 373 5.55111353992 44.9641153885
48 49 5.77401087391 11.1937813804
49 50 4.28406874265 41.7849085321
49 63 5.93327118228 54.6679601587
50 60 3.72736687483 30.6613909164
51 63 5.5413813591 2.96015202312
52 320 4.84780903731 104.137738591
52 56 4.98988011653 78.3048959292
52 292 3.56400976289 30.3951347261
53 216 6.79937839508 10.5651549918
55 56 7.10555124283 10.226680791
56 291 2.78752923424 31.291361133
57 87 3.11396625998 91.8003767013
59 64 6.97079006903 72.7027842643
59 415 4.58682203907 135.661099281
60 61 5.58940121697 20.8985245992
60 62 6.44621408463 70.2630770747
63 64 6.98564769965 17.4214353678
64 67 8.22297258307 65.9202188722
65 139 3.60044074159 10.8479905385
67 90 9.15858129275 70.5138993391
67 100 8.73615161855 128.616313814
68 221 2.87876967599 12.3129388855
69 74 6.67398021533 16.0785375117
69 83 7.71454475448 72.2711740792
69 446 8.11083602411 20.481310433
71 420 8.65462289915 13.730480176
71 75 8.5 5.87218017435
71 76 9.25128173828 8.32946576918
72 392 8.29548634633 15.1353060174
76 80 5.60193574032 18.5901509402
76 89 6.79534051111 4.38879786623
77 82 5.75890433896 48.2826844452
78 448 10.6486787796 18.6715023498
78 460 18.5762938805 12.460082417
78 445 14.4728262922 28.3956088188
79 299 5.20284246997 73.2844206347
79 277 6.68162220836 33.2522323522
79 279 5.18063294397 10.0195338525
81 82 5.22129010108 9.01797655044
82 127 3.92905284683 34.7316441487
83 130 5.17813090076 61.4014911019
83 127 6.97992369293 34.2574276615
84 91 7.14288480446 17.1965970614
84 115 4.80945249513 18.2324130168
84 86 4.19285139248 53.5532592523
85 130 4.156287233 50.8892818416
85 446 4.95248450045 22.1831693665
85 86 4.97033196636 45.6559252946
86 138 3.59228355684 27.7881669499
87 128 5.19218640571 5.8728822903
87 174 2.86978040859 31.2935511143
88 213 5.02230355047 32.0630357728
90 162 11.2180227585 142.057179746
90 92 4.47721072074 161.455073452
92 124 5.10676808564 41.4437448865
92 116 3.91355533852 33.878455266
93 397 8.3978485012 11.3024327838
94 164 4.69719203116 41.7255837251
94 172 5.07763772638 13.2952662249
94 95 8.20068089378 24.6617604713
95 114 5.08899478656 133.758146584
95 452 4.69721416648 40.994415606
96 398 7.59022584364 31.8077752605
97 499 7.0798590399 53.6427004481
98 227 4.71315620263 38.6416635221
98 196 6.40570818015 231.555524583
98 101 7.90434211153 64.2246857206
99 399 7.54951000214 9.70115972449
100 181 5.95302628083 55.1511202103
100 102 8.60211021536 51.9839743177
101 201 4.64882374237 12.8570063589
101 102 8.6622817048 21.692625475
102 104 5.52593929255 61.6448102168
103 104 4.85581172321 71.2457418213
103 207 5.82842731476 4.42295150324
103 191 5.23606777191 2.92617497768
104 114 6.52163824532 113.176155173
105 226 4.7066927665 21.2419703324
106 354 3.2007550106 40.4499960047
107 249 4.67310452391 36.540445609
108 450 5.69717835803 72.7486475522
108 363 10.9338416244 45.5444089808
108 373 9.4215612491 88.540979213
109 113 7.26660507742 74.6170143277
109 110 4.38278087823 51.0717155919
109 233 4.64958877683 48.2308536646
110 240 5.20366402753 40.577306846
110 239 6.91547584534 7.60345316287
111 303 3.83835337184 10.0268791942
112 244 7.61653291028 33.1790582401
113 200 6.72812446047 37.8142806872
113 250 7.69636258697 12.2624555248
114 253 4.05157830939 33.6713061148
117 229 2.23920608846 25.4384032492
118 287 3.97898736397 10.2594064596
118 125 6.8841473627 35.2340311678
118 119 7.02045853719 11.9914241863
120 121 7.24353386616 111.894328202
120 123 4.50601331856 41.6563589672
120 295 7.78466300894 6.08354293212
121 307 4.79158971678 17.0526695983
121 204 8.53830923819 51.3404149671
122 231 5.22383022308 5.54707129934
123 125 6.04983623854 36.7857536628
123 310 7.07251024246 3.53553390593
125 290 5.95162785059 8.68254381063
126 324 7.99002311517 17.8966371539
126 133 8.02073344537 70.1591005583
126 127 12.0207977295 5.83630876496
130 339 4.63495987324 15.929389095
131 377 7.5038031865 44.8143084609
132 321 7.40263198174 82.1285155746
132 323 4.89287507903 203.539189464
132 134 4.2385647343 20.223415265
133 345 5.23486350954 16.9323979879
133 246 8.43281745911 21.7095601061
134 246 4.4811076275 32.5991941317
134 351 3.89985977973 12.7819338999
135 368 21.9477233887 11.8878088814
135 297 7.05050785615 94.4929601855
135 431 15.9611530146 62.034482178
136 469 7.43852298337 15.04720389
137 144 8.01731175002 11.1782609879
137 396 6.40664130357 12.7270509831
137 246 8.60381792676 28.3507054586
138 139 5.92785718277 32.3858187246
138 140 4.97854936065 113.48470111
139 370 4.12132024765 5.85341780501
140 298 5.49672099403 36.440728887
140 151 6.14564928321 96.3419170628
141 231 6.49751115522 37.4995646764
142 414 9.09016990662 8.4480767042
143 385 12.7639932869 28.7252215351
143 162 9.28512268744 44.3676976608
143 389 7.02289284527 12.4407361449
145 393 5.56976280617 7.82523354705
145 395 3.95494937923 20.0904377002
145 325 5.78048991304 122.23223292
146 329 34.5788079975 34.6851019876
146 402 6.43449509716 55.4960584186
146 327 34.6165542603 15.7420614914
147 238 3.92546588272 95.5525522488
148 408 3.01846870017 36.3857735752
149 451 4.90961814861 40.1076671553
150 151 5.12261183948 13.8074049662
151 359 3.82842707634 8.22921624458
152 444 7.90237278572 5.55030863021
153 385 13.584988373 22.1068532467
153 422 8.86645338207 13.6940616032
153 159 6.84922356113 93.3641392613
154 449 5.88885882543 17.3294382767
155 156 6.53431570189 6.98710057816
156 416 4.44288427491 102.166439947
156 157 17.5937767029 33.8833661256
157 333 32.0397987366 9.89002022243
157 159 27.3719040968 138.137783762
158 238 2.97378928894 11.8013767114
159 176 20.7335654891 88.7920369016
160 424 4.84283444239 59.4386205356
161 425 6.635072733 14.2203032659
162 372 5.34231005112 41.2464169076
163 458 5.65440201835 22.0482253125
163 165 5.37515967674 36.7303265423
163 166 6.36074616611 98.5401411358
165 462 4.14805853322 18.0541923289
165 483 7.63668012619 1.63248277173
166 465 7.39161106734 7.73262215974
166 167 5.96451162715 82.1081974882
167 168 4.56027603545 38.2594348829
167 183 5.82015842595 97.5291394998
168 272 5.29573363871 12.9822464707
168 498 4.30318198723 89.8527274552
169 241 7.34054098848 16.5624756691
170 429 6.25338633142 48.9549481763
173 245 6.31086580264 10.0998872204
175 176 4.07652847356 46.8588716655
176 343 24.2905949632 74.8224849165
177 248 6.82151126862 4.96638701674
178 456 3.11577856269 56.1072746769
178 179 5.92362056581 35.5841980766
178 486 5.20643080557 44.9622288583
179 188 25.4029578515 174.962070463
179 343 25.1894773555 83.1935343267
180 430 3.89634913941 18.6566291482
182 187 4.61154558491 57.0058607807
183 224 8.58513100713 226.416695497
183 187 11.9950365234 110.270809937
184 185 3.78427259721 78.0088505805
186 431 5.70270727439 22.2892350699
187 188 20.3775741963 32.4781762159
188 368 21.2133487502 109.801906766
190 438 7.93625354767 3.66196668472
192 440 9.57106781006 13.9356557076
193 251 4.73977230067 6.20729607551
194 195 7.24326289971 16.1868001779
196 198 6.92715785824 36.5442618966
197 270 4.4408981879 41.5719578555
198 200 8.49800157672 59.3546389936
199 269 8.24963045976 14.2689380705
200 203 7.62639385257 35.7205407844
202 449 6.45265591026 46.7788865158
203 204 8.29072292233 16.2997851678
204 214 9.09290792423 48.2153015825
206 252 7.76966285706 9.1
208 392 6.21982710825 68.007920598
208 334 7.46262264817 332.853629449
209 210 4.94439240772 58.7882695166
210 232 7.98459556183 122.407894194
211 454 5.56291165381 48.5189101104
212 255 5.39834594727 3.36786282381
213 225 4.37900675116 35.1278672892
214 216 10.3532381129 10.4452663162
215 305 4.23766232891 3.67513475401
215 217 4.82395118537 41.3803729758
216 224 9.20896389408 82.0676026693
217 220 5.03017203775 47.125858565
217 317 3.95226416653 53.6030093213
218 220 3.65911361199 16.7582678895
219 265 2.91421365738 1.25299640861
220 221 3.65098591855 53.5076176751
221 222 4.08321062514 6.29277843249
223 493 5.20861426715 54.6309296729
224 226 9.14607079488 114.123487308
225 232 9.11264061974 71.5474527187
225 226 9.04298725112 50.4247573968
228 267 5.40822515618 110.042349386
229 369 2.43852001466 3.99712628253
229 231 4.86613932907 36.047429658
230 236 5.16766305006 19.8300334127
232 236 8.89887188389 34.6509294647
234 466 2.80519558041 6.4246357422
235 242 6.8344675773 111.083683956
235 236 8.52331883785 32.8200621632
235 438 4.97707974923 86.3760761474
237 249 3.78215871549 70.4535950007
238 242 3.60527095633 41.0167156245
241 248 4.93246195773 134.071541415
241 242 7.61701107025 6.94586207753
243 470 5.2631149292 6.77956488279
245 251 4.70745488026 22.986631036
245 247 6.9596529007 4.95201978994
248 258 3.76047080782 76.6778149849
249 438 4.05613507761 67.0983764961
251 252 6.35344417072 54.0971754102
252 259 6.87190080181 47.9360945883
254 255 5.16227769852 4.4679413604
255 256 4.95942166446 17.9628129266
256 268 5.49413945647 12.4732207428
256 261 3.4448938079 20.9535357561
257 258 4.80637533185 15.5560807733
258 259 7.58838250514 13.0498404706
259 261 7.83196451951 27.2932753899
260 471 5.43683530452 22.0838022371
261 296 6.76234660386 85.0677866525
262 269 11.3119094616 15.860459878
263 473 9.35318851471 16.2742127306
263 276 6.54619216919 9.09560333348
263 300 9.03054715202 53.1282605511
264 490 6.13135240457 92.846965624
267 273 4.01318050129 21.370899667
267 423 4.85679109518 13.633323234
269 271 5.78730681492 34.204540318
270 285 7.48133680334 60.556272949
270 271 6.8197051915 39.9196838369
271 274 6.37675976432 83.1396067954
273 274 6.42705105283 22.6133626564
273 282 5.58829341394 66.5540304496
274 313 6.63546502943 52.7615773186
275 459 4.25006951866 26.7836201138
277 280 6.72336244583 3.76629791705
277 278 4.75948286473 24.5955171054
278 434 5.45200166906 179.257314156
278 283 6.58020490718 15.0469467661
281 303 3.76118251314 4.34917289183
282 283 4.06063411355 27.6805884221
282 390 5.40798430694 25.3326307567
283 318 3.92292036254 35.6593212455
284 288 8.21322079266 45.1542501156
284 285 9.08183882425 20.4074343745
284 286 9.98788738251 7.26033745772
285 332 9.72019195557 8.96130570843
288 289 6.68878404521 20.4372878007
288 294 7.85947344605 61.8607602806
293 296 8.74251378681 58.9792583972
293 340 5.26600371473 26.9268582404
293 294 9.03170886239 60.3079182197
294 472 9.16587881565 140.813245116
296 350 6.14119291306 8.66386172558
298 385 5.85213769882 76.9465052474
298 435 5.5285528576 108.546246988
300 480 5.07952670663 68.6129994936
302 362 3.89409824323 28.3420661151
302 308 4.95731285314 122.621653177
302 311 6.42393312403 73.0946282353
303 480 4.13108468116 12.7986601945
304 306 4.78054556059 41.9531566017
304 371 3.59020503566 14.7273143227
304 381 3.84455825917 37.3056980791
306 384 5.85519931947 23.4068724552
306 308 4.6422598578 47.3900671775
308 316 7.21568582724 14.4721825769
309 316 6.21799103147 47.8731498554
311 315 5.20967884592 36.4820983106
311 366 4.54413437917 40.316148302
312 419 6.10346136866 13.9443530631
314 401 2.86965922298 2.97873863244
315 400 4.84977026863 9.19050729968
315 482 6.89799743542 130.691852534
316 405 4.76530430424 38.4170043567
319 453 5.36592048759 117.330983285
322 510 9.26498222351 15.5702440572
323 326 31.3492333945 12.7391277001
323 334 40.3988477491 46.3156522298
325 326 34.0449144168 27.3572880818
325 329 37.8480758667 11.963486114
326 409 8.37404205734 56.4968987123
327 328 32.9311348424 31.8908224795
327 331 5.19258213043 42.5201422857
328 428 4.74997343371 41.7954738683
328 333 33.4542268797 22.6829381887
329 338 5.3315863782 59.626860558
330 336 22.0345769495 61.5921087057
330 417 20.94522003 33.5733705637
330 334 41.2434470276 82.0155531883
331 337 6.00003843154 17.3436396649
331 341 7.0600650527 77.087670852
333 427 4.13151497282 65.8177520946
337 338 7.05244248701 22.197744727
337 437 7.57408371324 6.23085139389
338 436 5.26661081983 18.2529789297
341 344 6.23434022273 16.6821019826
341 357 12.9795655622 95.6639176135
342 488 5.06655332728 11.6758173052
343 363 7.15296163656 86.2815884184
346 355 6.57390485075 67.0145808071
347 491 5.45814536306 7.6873402445
348 491 6.42806165348 11.7067501481
349 352 4.62132024765 2.41660919472
353 492 5.45447149487 6.24707954071
354 419 6.98580206153 100.695027674
354 399 5.82369930319 59.1302508592
355 379 7.9795215715 18.1325113666
355 477 3.48859871088 20.5731067918
356 361 5.63559779617 94.7366522194
357 474 7.70087718964 14.3836712977
357 358 13.9495952562 15.6926146919
358 382 11.389506449 36.4462045186
360 494 5.0413813591 2.91290233273
363 447 5.09236592705 59.7255456817
364 487 6.04668426514 4.25734659148
365 509 5.46215919454 139.856840676
368 375 7.26153730707 113.844982322
373 404 7.68894212479 175.779423139
374 376 5.50670930605 28.744739024
375 376 8.92615356327 23.0001459507
376 377 9.16104097009 59.6772988665
377 378 9.34325885773 9.00805195367
380 501 5.99515948739 9.57831312932
382 388 8.74951786232 36.3798020885
382 383 6.14076831971 36.1788160673
387 505 8.07130096942 19.4449449002
388 398 8.03938406217 172.956504773
391 509 7.57974445255 19.6693484471
392 397 6.4671460592 90.3914736556
397 506 7.23759014457 24.3440487494
398 399 7.4159568472 54.210982418
403 404 15.7221753492 10.3671916157
404 469 13.7117431853 13.6711930256
407 408 4.01047588197 9.58814196472
408 412 6.33074049782 68.3831172462
410 411 7.34342050552 1.45773797371
412 469 8.50830083477 17.3794418783
412 414 7.39557028238 32.7163301186
413 494 6.55938340129 5.60640091817
414 424 9.17778206833 75.2239934028
419 444 5.83144408751 130.370880409
420 502 6.19878431999 26.8774197732
420 446 7.08785090899 17.3947088631
424 425 9.01014815389 41.1458697406
425 426 10.1021556854 7.11213751273
426 495 8.21359157562 7.90063288604
429 451 5.09369467678 77.6027264502
429 430 5.55600520667 64.7291944075
434 440 17.1538956383 35.8560561981
439 445 4.31814182525 26.7612510322
440 445 14.6892623073 34.5155728265
443 460 5.21908539226 22.0292986724
444 451 6.1165899776 32.117580375
449 466 3.36232866973 72.1437596122
453 460 15.5479617811 21.0195605262
453 461 12.4020354418 10.708826548
454 457 13.8549317653 104.557648377
454 463 13.7059765452 48.1232677372
455 457 5.88288174292 20.0479034858
457 459 14.8740079773 11.3847743465
459 473 10.903032187 54.9811056635
461 463 12.2697885922 34.5537374604
461 471 7.10201612911 109.37240633
463 464 6.46211069142 24.1533503102
466 468 4.2974391721 48.9947841498
467 468 7.14590629533 17.8869530334
468 470 5.2308600295 15.9917989057
470 501 6.63127335919 105.918214823
471 504 9.13301241027 93.0215028905
472 473 8.93851372134 38.0435410963
472 482 8.99613783366 233.797069457
478 479 3.65026828237 22.7017370234
480 488 5.16013667107 293.891937112
482 490 7.72654874608 86.0278229543
484 485 5.18812960923 13.7020881402
488 492 5.0207471203 45.0478256629
490 491 9.17464633606 14.2898565423
492 494 4.84396988481 55.2671354538
496 503 3.66602759867 43.4630068804
499 500 6.78297542107 28.0242751913
500 508 11.3194792444 52.6244926282
501 504 6.97314994167 66.7125691144
504 505 14.3632451453 20.5499817548
505 510 13.8179492595 32.7171173679
508 509 10.1351891939 13.0660542571
