2 9 2.37077045977 30.1257779983
8 193 2.0 27.3764428095
11 875 2.39749826436 19.3561014366
15 16 1.0 3.16227766017
17 18 2.53224754333 2.96141857899
25 26 3.86743816951 6.40790310362
31 886 3.61694872521 16.8656107591
32 180 1.91421353817 3.71651718683
33 644 4.03884363174 3.54400902933
34 644 3.65028142929 3.58468966579
36 644 4.47213602066 2.60768096208
37 886 1.67217050658 7.72077368852
41 208 3.97880988769 8.19045998458
43 258 5.77169332562 7.82133472017
43 251 2.38319156038 41.1510935456
43 250 5.64005470276 7.29811619529
45 46 2.23606801033 1.0307764064
48 803 4.78314138726 5.35513040542
49 890 2.75968772912 7.47847710192
50 208 4.80803369117 29.3834791252
52 890 3.06511415121 8.76045581053
67 330 2.27852531818 25.8804945857
68 69 7.12310552597 4.06078810085
76 77 2.53224754333 6.73145600892
78 79 4.85605428247 5.76905043804
80 81 2.0 2.0
83 240 4.81390285492 2.44233494836
84 85 1.7741885361 7.58743916964
88 91 2.69917297363 9.52102935611
90 875 4.97702884674 4.6596673701
92 96 2.48513002274 39.9939995499
101 571 4.11122891395 6.77534878223
104 105 2.53224754333 1.05948100502
106 107 2.0 1.81796589626
108 834 2.15483350149 4.66189684986
109 662 2.12867605116 6.22896888774
114 664 5.88634967804 13.4093251135
115 116 2.11803388596 1.77200451467
119 224 2.01328868854 16.9201063826
121 224 9.01920223236 9.89368485449
122 905 2.23606801033 3.53624094202
126 664 6.04281768348 9.49213920584
127 939 12.4527322943 37.2769302319
130 1019 7.07251024246 4.88773976395
136 740 2.13169953493 34.0623407331
145 154 2.5 3.66230801544
148 658 2.54961038871 18.4016982912
150 916 4.78451310398 25.8402544693
151 607 1.62975671831 9.24414982375
152 421 2.69917297363 12.0587105447
155 161 1.60098804556 34.4058134623
156 542 2.99535226822 4.75420866181
166 921 3.60555124283 1.76776695297
167 994 2.0 10.8685580254
170 734 4.51094254111 9.82569046044
178 688 2.69917297363 6.32000791139
179 181 1.42014733276 3.72021504755
186 389 4.64557115334 6.06572440097
187 189 2.82842707634 5.90358996387
190 691 2.30267099908 43.8780696932
192 199 4.29762077332 1.23794184032
196 198 1.0 16.8284271247
200 229 1.0 63.4142135624
201 202 1.87062064848 10.1796365358
206 207 6.11418312633 8.50445630135
208 647 2.15468260093 29.9436489179
209 701 2.23606801033 5.63227307577
213 701 2.45251247339 16.3658944149
218 219 5.44538758545 12.5712704071
220 955 5.40274446837 7.99016128566
221 935 5.6896191671 17.0669741215
224 664 12.3054636466 31.7592067201
225 940 5.55342155682 4.48981416339
227 940 2.73278905077 10.7188109003
235 1028 4.73606777191 1.67705098312
236 237 2.72718230895 10.0099181279
238 947 4.03884363174 1.41421356237
239 242 1.0 48.4142135624
244 761 2.53224754333 29.9908319324
246 247 2.1049346831 2.42622370137
249 950 2.36074279105 22.4930478381
252 950 2.35448231662 59.1299548115
254 950 6.22365726882 10.6160753567
257 269 2.54513054854 17.1046777228
259 532 2.0 0.78416146558
261 262 2.82842707634 1.51822264507
270 626 4.30449941254 35.7081572496
274 275 4.18287277222 2.09344214155
283 284 3.08113884926 2.06155281281
288 579 4.6110625267 3.24692161901
299 302 4.24846534672 6.87657694529
300 675 2.13139430875 74.4036242912
301 716 4.29762077332 1.69705627485
309 312 2.30729937961 6.50551784577
310 776 3.52341625002 13.2324849125
310 963 2.20710682869 10.955363983
310 782 2.53299498628 12.1539978361
311 764 2.33730363672 5.36181929766
315 317 2.41694302126 3.37977087065
321 324 2.25090529814 11.4437756007
323 968 5.14130184162 8.31477184473
332 969 3.16227769852 1.91637678967
333 338 2.62114225206 35.5998946628
335 970 2.69917297363 2.97321374946
337 972 1.82514071465 2.81780056072
339 663 2.53224754333 3.7831864876
341 342 1.82514071465 2.0862646045
354 677 4.67082977295 2.42074368738
360 778 1.49021264707 7.06449510225
361 917 5.5413813591 3.0
366 958 5.99070453644 1.80277563774
367 370 4.12310552597 2.16333076528
368 369 3.5 1.0
373 738 3.815151661 4.0199625708
379 380 4.14132521343 15.860840358
390 391 6.04951000214 3.58468966579
401 1087 2.31316491695 19.9580262989
403 871 1.55384722509 2.07630752911
406 604 5.88808942974 23.9161307876
408 409 2.41421365738 3.17647603485
412 413 3.0 1.23490890352
416 417 1.96601045334 44.0889757707
418 1059 4.47691174249 6.11246117975
420 977 6.11703777313 1.95256241898
429 981 4.42127828136 6.79841193279
432 744 2.39269086583 24.8444158716
433 983 2.82842707634 16.4596476268
435 889 2.58113884926 4.20297513673
436 449 1.0 57.8284271247
439 983 2.52013740944 17.6261056
441 746 3.8945643271 30.4268426804
442 443 1.23516201277 3.72700571305
444 983 2.25966798288 11.2800709218
447 451 2.53224754333 1.167261753
450 572 2.46353167906 6.27739782602
458 462 3.49231860144 5.79418041707
474 749 2.63016880902 59.0521295454
481 501 4.0699722265 2.41158578039
490 754 8.18772991638 6.82621384602
491 492 2.53224754333 2.8887768969
493 494 4.93187479276 7.73343349421
506 507 6.56862163719 9.25101550963
509 510 2.82842707634 1.55563491861
511 512 6.53537217927 18.1073570324
513 535 6.71609005439 24.343136427
515 516 4.47213602066 1.90394327647
520 758 2.69917297363 3.19530906173
527 528 3.08113884926 1.2747548784
529 986 8.36574554443 4.09176001252
530 986 6.5835337385 6.40314867953
531 986 6.62310552597 7.28971878745
534 753 4.36547835258 5.58135798474
537 566 1.0 56.8284271247
540 541 2.3816502511 7.54905713759
545 546 1.48344000144 4.40178151493
547 548 3.6158270685 9.17474453308
549 763 3.0 1.52643375225
551 924 2.61355600954 13.1941274816
554 555 2.82842707634 1.71172427686
557 1006 4.66027237305 5.26141388517
564 1005 3.03128126906 13.0064718236
570 573 1.20419216738 9.2494777885
571 700 2.53224754333 7.44110206892
571 702 3.47024666956 4.75657650417
575 1005 3.69792591827 8.27844075201
578 771 6.87429832099 12.5744885929
582 771 4.7225651986 7.59012824714
583 584 1.78319897893 5.69268823849
586 707 2.61803388596 9.10741456178
588 1019 6.05967773715 10.5859972386
594 610 5.22383022308 4.20475920833
599 600 3.38391447067 1.75071414
603 777 2.04928869162 28.0401497856
605 606 2.42130999565 11.9570063143
611 612 7.34342050552 1.2747548784
613 614 1.0 2.2360679775
623 624 4.29762077332 1.90394327647
632 748 6.16210183011 8.71169283557
638 870 2.18049113669 10.0629270096
639 870 5.38658395669 21.0633342728
640 870 5.97044836881 14.8916120082
642 643 2.23606801033 0.863133825081
646 648 7.44771108137 27.704428843
650 651 1.0 2.82842712475
653 654 3.80332541246 15.504807373
655 656 4.11803388596 5.7118298294
661 669 2.44525671181 22.4988011383
666 667 1.72026448072 4.01303114312
671 672 3.08113884926 1.3152946438
679 683 1.29604237427 6.11271088039
680 682 1.0 2.2360679775
687 690 1.0 3.2360679775
694 839 5.03854514914 4.92869815486
697 1024 2.45255130856 13.954440404
698 971 1.0 6.32455532034
699 701 2.19030540487 10.1520356178
705 706 2.61803388596 1.39014387744
707 1019 2.54808446656 42.9577699607
707 982 2.50112042206 43.8522963007
709 712 1.94829386862 8.07000619578
725 813 5.19809978965 4.1160647796
731 732 1.20710682869 2.17082933461
736 910 1.66885820937 29.3470611817
737 1066 5.0 6.2549980016
745 962 3.13639056963 3.85471833731
760 1006 5.86980819702 3.72323783822
767 768 1.70710682869 1.5
770 771 2.82842707634 20.6618610004
772 897 2.23606801033 3.46780516706
774 784 2.20710682869 4.22522188767
789 790 1.20710682869 2.14709105536
806 828 11.9005154378 25.9328464591
807 828 9.62634849548 11.9801919851
808 829 7.658639431 4.86338359581
809 914 3.08113884926 3.9080887741
812 918 2.82842707634 3.93127551618
814 829 7.3246679306 4.80130190677
820 952 2.69917297363 4.53679402222
821 831 2.14594845894 29.4643004329
825 831 6.7015619278 4.04598566483
828 829 7.05671713521 44.8245404273
830 831 5.75107192993 4.74605099004
838 948 2.4404599604 51.9911530936
840 841 5.41547584534 2.72029410175
846 1086 5.97263038529 10.4412731661
847 848 8.64005470276 5.38934133267
848 1017 8.84425560267 8.81316254663
848 1020 2.37683820254 19.3386917862
853 1038 6.41547584534 5.12103505162
856 1045 7.16227769852 3.86005181312
856 1046 2.08590807256 22.8833106542
856 1047 8.21554799627 16.1009478372
857 1051 8.85200490801 8.88385817334
859 960 4.29762077332 2.51644590643
861 1070 2.69917297363 2.19544984001
868 1083 3.17958688736 3.05163890394
869 1050 5.8000035628 15.9157346592
874 1095 4.23606777191 3.86393581727
875 876 5.60805797577 5.18555686498
878 879 3.23935413361 5.14514334105
885 886 2.46288372331 11.6130314733
890 892 3.70245909691 2.5109759059
891 899 1.7812546459 10.5178538562
895 896 3.0 4.23866622411
898 979 3.30277562141 1.97800404448
906 919 1.91530535009 8.52789540274
907 908 3.0 3.27566787083
936 974 7.96387386322 2.85043856274
940 941 5.2631149292 5.09901951359
961 1091 4.53153003512 4.940374834
990 992 6.14201035522 14.0745151269
993 1079 3.76626890111 10.0295685955
1003 1004 1.20710682869 3.17082933461
1005 1009 4.72153359033 10.9354050614
1006 1009 2.15953333831 22.8684280177
1009 1010 4.47213602066 2.25499445676
1012 1013 2.14874690996 38.0352796756
1032 1033 3.16227769852 0.999999999998
1034 1035 2.82842707634 9.48103369892
1065 1067 2.43736463559 7.63740073314
1084 1085 5.44992677839 16.0506652647
1088 1089 3.80277562141 0.999999999999
1090 1093 5.22675318678 10.0090816344
