0 393 5.89414453506 11.4004385881
1 393 8.8541021347 8.60232526704
2 1224 4.97472468165 22.9690313488
3 1223 5.4108608531 35.5540780347
4 406 4.96635076064 52.1516959565
5 1224 3.1512789361 11.208048066
6 7 3.34522994406 7.00390589282
8 396 4.83726163785 15.6444577185
9 1221 4.57918632756 26.5849105034
10 397 6.18058448812 46.1396577589
12 1225 3.05352818967 10.7149273229
13 400 7.55299978011 11.9913510498
14 397 3.93285405071 25.8983251992
15 1098 4.8201926992 35.6962737018
16 895 7.08636661264 11.4146017983
17 812 3.76960306492 43.5400017168
18 402 4.52553671157 9.7929221331
19 361 5.23310075492 21.7343785632
19 1053 11.8150730133 9.88243391073
19 1055 6.69258213043 11.2219650686
20 904 4.79320099898 59.103373749
21 1201 5.17668538153 20.3907676258
22 1232 4.46639069295 5.73030449617
23 411 5.18996765744 23.1142963108
24 815 4.58403839626 50.1547524932
25 1234 3.4888585128 34.2288253563
26 406 3.71285858366 17.2147095922
27 405 5.15154361725 10.317460928
28 29 5.5 4.20475920833
30 1235 2.7971517319 19.1686550798
31 1058 5.38402210264 69.0993548813
31 1179 14.4636990747 177.224273362
31 940 15.2777655691 17.616825985
32 1262 4.64535127191 13.9486709284
33 1238 5.15861412338 62.1352287003
34 819 5.87168373519 8.09193788023
35 1240 6.39912958217 14.0200034453
36 1233 6.68452316671 43.0628710076
37 1406 6.73499607656 49.7686475243
38 823 5.0615530014 4.39829512425
39 1242 4.03884363174 2.46221445045
40 1241 7.4827536692 10.4411560186
41 1239 5.12364180805 68.3828446047
42 1243 6.63193401122 30.7859491136
43 1244 5.11840634851 7.2815429406
44 825 3.95575161678 8.88015954722
45 359 5.57943989414 4.74980804339
46 421 4.77313232934 48.8550830255
47 811 6.24078041911 30.8452358617
48 421 5.22712584618 6.97312378849
49 1266 5.42229375281 9.95056200239
50 1266 5.79125708372 8.90590412834
51 425 6.11737820193 101.154195566
52 1251 3.96242227003 18.7507003301
53 838 5.92034305993 16.7538782439
54 834 4.78921930533 7.31505058923
55 833 5.27430107902 5.74304512727
56 423 4.80048777925 94.6821688128
57 838 4.91680081333 5.40305641228
58 436 4.84681575339 45.1903684516
59 837 9.43817901611 4.80104155366
60 425 6.85470821426 10.7038204225
61 739 3.3699297566 21.8049521768
62 1264 5.16227769852 4.74130783645
63 429 3.85850608863 22.8443614626
64 1269 4.25984013867 92.9521301681
65 430 3.5424782963 12.5730367157
66 738 5.65921872399 100.486537209
67 844 6.56086882274 21.2984177096
68 844 6.45764822015 6.23616851888
69 846 4.69258213043 4.2201895692
70 389 2.82063144527 32.4391777312
71 1269 5.5987145486 7.32060852071
72 1271 8.4852809906 6.989277502
73 523 4.8922765411 68.9444878897
74 1272 4.97691895827 20.112551905
75 848 8.40512466431 4.01123422403
76 839 4.78230232037 124.570649216
77 850 6.41267071635 6.37880295049
78 1274 4.17400431032 14.0929060169
79 414 6.60516382172 14.6021756258
80 440 6.03031386289 12.3166562729
81 439 5.00515852249 80.4671413447
82 448 3.98048164412 40.3162534152
83 1291 4.70930472181 139.07915452
84 660 7.04871466995 9.13898027112
84 644 5.42893560221 35.495847848
84 630 4.93978175254 98.3815222431
85 858 6.5 6.2096698785
86 1280 5.06912287223 8.3366301688
87 859 5.58212075354 6.36032867955
88 1280 4.67469715023 7.55354098431
89 860 4.38820647087 20.2963188178
90 1280 5.13592338577 31.9573309513
91 860 4.80398127765 7.02666711385
92 863 4.98712863337 11.8254366611
93 446 6.70820379257 3.40036762718
94 870 7.01264684535 47.9658118988
95 859 5.86734286114 10.0314307028
96 864 8.12599086761 5.61805126356
97 1233 6.40512466431 6.74240313242
98 864 6.80711364746 13.1735530515
99 865 8.30788612366 5.4918120871
100 449 6.73846377056 12.4377376467
101 1282 7.71794014169 12.1242715376
102 456 4.95792165347 49.1705322428
103 1292 5.13734695459 22.8285552436
104 452 3.82643835708 26.2607603332
105 452 6.03553390503 4.16082924427
106 1309 5.42764960664 12.9324866693
107 871 4.74833684625 12.2708160318
108 676 5.86437965385 42.6587133328
108 1108 3.84227972651 46.6825083415
108 1119 3.67989791905 25.6048850316
109 885 5.14033633873 110.437552293
110 468 6.88874402673 20.6573231567
111 456 6.03553390503 4.43846820423
112 876 6.1373751379 16.8868365384
113 875 3.45469755193 46.4252557201
114 459 5.07005840124 86.9407224697
115 777 6.79146610725 19.3827694958
116 1295 4.73322842192 7.01606939528
117 1301 4.51624645066 21.3168291842
118 452 6.31972520047 45.2952881618
119 879 7.0493313468 35.5302640371
120 1299 6.07100796632 28.7771610831
121 872 4.95285064171 39.6159531824
122 872 5.99070453644 3.91471582621
123 885 8.0 6.66108099335
124 468 5.08481865159 25.4829845191
125 1039 6.0967009401 16.1077441524
126 470 3.27927652972 28.2310193565
127 1170 5.17360917779 5.96467706804
128 677 7.29230681318 26.8367930497
128 678 4.66971375075 34.2294685773
128 695 6.37528212736 46.4338664631
129 892 4.87695577639 15.7471384835
130 1306 8.52997970581 6.06320872146
131 725 4.47652564574 63.1056196026
132 661 4.18022077235 38.6734999291
133 663 5.21932043743 184.901405701
134 1309 8.00766944885 3.81608438062
135 492 3.97144399405 50.5052052251
136 1046 5.7439031601 2.81602556807
137 1307 6.72390030157 28.6094390018
138 1057 3.81515819728 13.9488509729
139 1308 6.84962256819 12.5814754137
140 474 5.44161049459 40.7183163605
141 1311 4.81677718106 49.3717664161
142 1130 4.50703274145 64.8158333522
142 1124 5.88030315584 27.9074005149
142 813 3.69605961112 30.9960315701
143 896 4.62708918651 67.325031505
144 442 5.06101586572 60.5006168903
145 1315 6.16227769852 3.31549393002
146 906 6.45288346067 32.6065348764
147 477 5.65685415268 5.88217646794
148 479 6.45100975037 4.62195845935
149 922 4.51618708922 75.5830924759
150 1319 5.11284681399 64.1811176442
151 479 3.95336244926 11.1667710989
152 1140 4.75055736769 27.7400895491
152 861 3.5270422193 28.4187645124
152 1142 6.28127516498 6.13358751698
153 1317 4.60602218157 8.39959925587
154 689 5.7200085242 13.5662277159
155 902 7.51067638397 5.72687161902
156 1394 4.63065446118 78.8268159523
157 902 5.83928031476 21.8311996387
158 901 5.68369254527 5.3019647752
159 483 4.91118135517 33.6767002212
160 483 4.66665891625 10.9791005413
161 484 8.10977172852 5.06211418283
162 906 7.65115356445 5.9076221951
163 907 4.17322872758 3.28840726373
164 1320 5.01375806327 5.99935595023
165 1226 5.2556785296 29.7851416343
166 1320 6.50069186025 43.3976988029
167 1322 5.87348263684 25.6202000394
168 1144 5.74591554352 21.2645975169
168 1149 5.93554660304 90.0536579725
168 1142 4.13506357446 86.7596738795
169 1323 6.50046920776 5.75673518585
170 489 3.69718142495 59.1997765301
171 907 3.3541021347 6.36945837572
172 1242 5.70635036756 5.11319171674
173 491 4.74691134155 12.3547485487
174 702 5.19382478267 9.24034535243
175 714 6.69579863485 8.39103905126
176 491 6.0930856247 55.8442529291
177 502 4.88805417132 37.0265479237
178 494 5.36005985114 5.31598328741
179 917 4.86535028838 19.5589753537
180 1164 4.29762077332 17.6298752123
181 916 6.82151126862 5.01597448159
182 920 7.90569400787 10.4193329921
183 1336 3.59915003609 40.8668927591
184 495 6.10809836613 26.5827262679
185 500 5.48989677962 29.8774453608
186 1335 7.06740283966 4.87083155118
187 499 4.92865037918 3.973977856
188 512 4.72187331747 34.0259971093
189 922 5.54631324973 17.942012145
190 754 5.56671039755 44.2860793815
191 924 6.07977941617 61.1894321594
192 506 4.83619391428 48.3071645931
193 923 6.16922006718 11.483630861
194 936 4.76185692642 80.3392344586
195 1340 3.24448835775 7.40078911395
196 507 6.0 3.57945526582
197 1341 5.02262252562 8.02429140848
198 928 5.10982243714 21.5294028175
199 512 5.71787531423 12.5348514152
200 515 4.86188535658 21.9990220792
201 518 4.74526325619 76.4036155385
202 1348 5.54772394543 29.3712914755
203 1346 6.80788660049 4.44072066224
204 942 6.27399107471 14.4485719057
205 935 6.93672943115 9.05538513814
206 1346 4.7371201369 20.1434713806
207 938 7.38523101807 4.42295150324
208 520 3.80587312289 60.3072871948
209 1350 3.97731769308 43.5700540934
210 520 5.21990274176 28.1571548617
211 1375 6.36554860373 63.2169731961
212 523 5.31258571607 20.0342477208
213 945 2.93399176406 24.2915596109
214 1360 4.57925461266 27.0647857885
215 944 3.21237192818 25.1599307834
216 538 4.92116222151 23.4375534416
217 1418 5.41452484646 77.6117896645
218 947 5.51095665802 7.13684813677
219 526 5.76598487574 30.0270923979
220 532 5.04417495307 17.5481325023
221 531 5.58678226683 6.79118537118
222 951 6.75479925982 6.63317611539
223 952 5.7439031601 3.39005899654
224 532 4.80816749717 50.0504700051
225 226 5.728874804 9.59361008248
227 1367 3.94582337808 63.4418180904
228 534 3.80367346436 46.9792415364
229 1370 7.47213602066 6.91230786351
230 1372 5.98612080609 6.87710555969
231 1368 6.18252897263 3.71651718683
232 965 4.90141830178 20.7285054265
233 1112 11.5154247261 6.62990858368
234 541 5.01608580805 17.5744222126
235 1377 5.60514662646 37.4928613223
236 549 8.07988834381 6.01040764009
237 1376 4.83306994281 10.046092689
238 533 4.98692441509 15.2403717938
239 1377 4.55196977777 19.1572859071
240 969 7.16198825836 4.35459527396
241 534 4.12776824701 8.77897708615
242 970 7.076079952 9.76653465837
243 1375 6.69988506067 27.5179499739
244 1409 4.07820505565 83.8606511287
245 551 4.08817555287 53.9770803094
246 697 3.19146729069 2.396367081
247 1183 6.93416072715 12.8955745319
248 1372 4.3665230878 65.6669777093
249 974 6.24019891603 28.2707098147
250 550 5.08220760732 5.01023786509
251 551 6.01539099626 15.6363075942
252 975 5.17997579584 26.8523431193
253 554 4.95590840563 40.6505136708
254 981 5.28637803523 18.2525678698
255 1380 4.62956703792 6.33269777976
256 979 8.94427204132 6.71658395317
257 979 9.49529457092 6.25799488654
258 1378 5.56350841716 82.4769377614
259 980 7.40600405244 26.7407027753
261 558 5.43533011381 5.04313633501
262 980 5.95935473666 47.830845353
263 984 4.97004800474 38.0189426471
264 657 6.31858268098 16.920771259
265 1304 5.00055246609 42.7037170223
266 1006 6.0 5.92663479556
267 1143 6.85512730835 33.4164913049
268 1382 3.87985891628 41.7192664591
269 1013 6.74177670483 22.2433238218
270 1004 7.61984467758 30.2465287265
271 982 9.19238853455 9.60208310733
272 547 5.04781332973 30.3475070034
273 563 6.06054524358 11.02419768
274 986 4.302775383 1.86815416923
275 1383 3.94766364711 21.7332029787
276 1382 6.87224449426 6.17829217417
277 778 4.10907095872 33.4088336646
277 788 6.79447132211 35.346192545
277 781 6.39970100896 15.9658622263
278 989 6.06713177117 6.02804133504
279 1385 4.13619188872 27.8583902601
280 989 6.38060153805 7.00888828864
281 991 5.6007492429 11.5210149707
282 564 4.61782148945 109.398758961
283 1199 7.8022586969 20.892712305
284 996 4.90213310488 9.09323843012
285 1384 5.42210559376 86.6667853731
286 996 5.84357020845 8.16966462447
287 616 5.32108158752 40.0797485052
288 1342 4.82437912629 166.845563511
289 1390 6.01159293595 21.3459795966
290 1389 4.99643513656 11.0774304985
291 1005 8.96757561374 7.0336720903
292 569 5.03109888844 34.2921612938
293 573 4.39301167162 48.0953611835
294 768 5.8541021347 8.00390529679
295 570 7.60977220535 10.3043680059
297 1007 6.48527249054 7.44929939601
298 571 7.75270295359 20.165685555
299 1023 10.4929332733 6.40800280899
300 572 7.88798392975 5.97487453065
301 1426 4.2954699747 10.0253827106
302 1024 4.79066769902 60.3743206431
303 1124 6.70758223724 6.71946310198
304 984 9.85235023499 6.73145600892
305 1008 5.09742263878 47.3493702164
306 1009 4.18884607166 10.2052659754
307 627 4.8771657051 59.0939405254
308 1010 6.67261505127 10.0767058109
309 1398 5.6982208528 53.9786995027
310 1013 5.45620576481 5.95117831099
311 1005 4.84918907174 47.4732652314
312 888 8.43696856497 9.02803980739
312 1045 5.12670732438 49.9620737552
312 1039 4.98145976033 48.656332852
313 577 4.14702039998 24.1939345966
314 577 6.51741296164 7.6468738848
315 579 5.72383136667 26.3270298363
316 1015 6.52102708817 2.41660919472
317 1395 5.43443989153 10.352414146
318 1396 5.72001743707 71.6614221106
319 1015 6.1970867286 28.0710903697
320 1017 4.0 3.6235341864
321 585 4.35671186018 10.6232298968
322 1312 6.43652214266 131.502617446
323 579 8.97213554382 4.74341649025
324 1402 6.47325210167 81.1846269569
325 587 5.87658669582 54.2193187136
326 1021 7.89219149241 16.8849785312
327 585 5.49906061905 5.95296229179
328 1422 4.57805137141 107.27606558
329 1401 7.24489391659 12.2848888822
330 1022 7.23360747214 7.41832019667
331 1419 4.52372390041 74.4079286384
332 1024 8.05052757263 30.3615711056
333 591 3.88969926489 35.5570462819
334 590 5.46585932654 20.5273215089
335 590 3.98355692435 21.5708636166
336 1403 5.27289983715 27.6345142004
337 1403 5.15578386547 7.96651369559
338 1028 10.7943368893 18.6472353155
339 1037 5.70041358709 24.4382568328
340 1410 3.42768645404 56.4269389861
341 1034 4.41769977796 10.2953921562
342 1037 6.13874250007 15.592453192
343 1403 4.70387676288 193.840611061
344 596 7.89163789813 7.51979529494
345 1039 5.80788660049 5.46717477314
346 1040 4.20744880523 18.2805423134
347 1040 6.82111046808 8.95046606223
348 1041 4.08113861084 4.79504953051
349 1042 6.49879939326 12.9314393817
350 1408 5.74087110362 59.6941089861
351 603 5.75107192993 3.67763510969
352 826 3.79357840542 61.6031938847
352 643 5.0603616424 43.6762112979
352 823 4.57738029351 24.2044969252
353 1046 5.34683762056 8.05397235311
354 1050 6.58038610236 21.3862403167
355 602 4.13138415572 54.8002819639
356 603 5.63306327086 55.4642945437
357 724 3.88633745435 68.3169160924
358 1316 7.75627192703 17.3228894818
359 860 4.78985268163 18.1622008103
359 862 5.09308694975 66.7126341023
360 596 5.5749956076 20.7659738959
362 1055 4.93751260219 30.5135912648
363 1055 4.27372121811 10.7834363725
364 611 6.24694461105 10.1398016218
365 1057 6.32455539703 2.43515913238
366 1064 5.22150500587 13.1935825427
367 1065 4.26715357516 29.9948248826
368 724 5.34061812343 23.0178966121
369 837 10.2648200989 7.81024967591
370 612 5.043600619 3.25380858484
371 1420 6.26957798004 2.57390753525
372 1420 3.50715228301 17.859011618
373 614 6.38614038649 8.343445448
374 1068 6.80342414821 10.6968805275
375 814 4.77120161374 18.6989676468
376 615 3.03321832988 41.49808855
377 615 6.5556640625 3.92045915678
378 1065 3.08214555375 17.4030007185
379 1273 5.37499652768 26.1248087476
380 616 7.38582646876 17.4446433527
381 1418 3.48086557608 37.55012571
382 846 4.96004753807 14.4940242827
383 1194 5.66979459123 10.9191612533
384 1068 5.03937518866 15.3710758018
385 1067 5.72004381918 6.51255257968
386 621 4.4402152079 8.63967825793
387 1080 4.55890780091 55.6980795254
388 566 5.3665582518 31.047090665
389 848 5.8336511163 15.1262663266
389 879 4.92476555738 21.3773829081
390 1425 26.4923313531 84.6479413859
391 619 5.31157247418 10.2864633518
392 1180 5.02284590367 69.0703146657
393 394 10.5015834196 16.4465398922
394 410 4.9317583506 102.772467739
394 409 5.18977118377 77.6846162271
395 396 5.18729650543 44.1729537841
396 410 5.01238358072 55.3316974807
397 399 4.97634148784 33.1158128879
398 399 6.90320401076 5.47521898076
399 400 4.64182856857 15.9486187438
400 403 5.16718056234 77.01259195
401 1070 4.43601824377 59.6568529203
402 403 4.99058939401 41.3201882787
402 412 6.26273132182 117.737241685
403 423 5.7394661383 21.3909781305
404 626 6.17731351533 6.45488614381
405 450 5.96630962777 81.3319740324
405 406 6.13929090631 23.1558774609
407 409 5.39566288818 9.63938143893
408 626 4.92876011415 56.1187463981
409 415 5.1290089553 115.184713576
410 416 6.1139767116 39.2330940088
411 413 5.18105160346 36.0353347931
411 438 4.00495836896 43.0818591257
412 417 4.62840153708 65.4395220857
412 413 4.63892337138 25.304040758
413 414 4.28066750455 43.2031741303
414 440 7.39681189475 24.3421797534
415 416 5.10220856969 33.0372444564
415 418 3.512621356 33.1571478606
416 417 7.32596291256 39.0979609815
417 422 7.83277559955 35.0542793393
418 456 5.0008171792 32.623392086
418 420 6.44436514827 27.5959708535
419 420 8.47213554382 4.8523190332
420 459 5.96506054262 30.351863308
421 422 4.63444533266 21.5150069807
422 476 7.52374936483 87.9093993837
423 424 5.60612799252 80.4915525629
424 443 5.49994675134 54.331373996
424 429 4.50955354789 45.5869543934
425 428 5.75052854575 73.148994388
426 619 6.00562402172 7.20671072134
427 1076 4.06307128867 47.262854598
428 434 4.14522124581 44.5408950284
428 521 5.33443040763 93.3973077563
429 430 5.38211412126 27.0281822405
430 434 6.54253151933 69.2622928146
431 630 3.46448858587 27.1175833503
432 435 5.62185582916 30.9772357296
432 444 4.56487634301 35.4279285257
432 443 5.25078299982 30.5665096526
433 1052 5.29205338024 103.869341366
434 435 5.62897990541 69.8003949021
435 446 2.74535548831 35.0239278148
436 437 6.76183653301 9.98042602767
436 439 6.82575064707 27.6002095374
438 440 4.08857827545 32.7454152538
438 439 6.31010715894 17.9189257792
441 442 6.44137724218 8.88249663414
442 477 4.79742129692 32.8146786307
443 445 6.2558881256 75.9634590763
444 445 4.84975324546 75.0392969347
444 446 5.20694931553 19.2762746359
445 448 6.59257394382 62.8065564521
447 974 6.73287283796 49.3364352608
448 449 6.37356148207 28.608256048
449 481 7.21331716944 45.2457568372
450 455 6.00389909966 108.996743071
450 453 6.44165402393 114.190633022
451 978 7.17200684122 36.5366254599
453 454 6.79422404433 24.4494653091
453 462 4.55491686934 37.5218348814
454 464 4.43207152308 26.0842547695
454 455 4.89865126976 60.9860163602
455 460 5.68204731601 44.8384204164
457 1076 6.07696734157 15.4316282406
458 459 4.52019257716 7.77465496187
460 478 6.17046986464 219.542399353
460 470 5.24226995223 83.6710088371
461 639 3.92795978253 15.8585670333
462 465 7.05926237203 22.7371245994
462 471 5.69551294201 67.1667821251
463 639 3.88704754586 15.2737992617
464 465 7.83901548386 7.58218505506
464 468 5.33669163217 42.4132797113
465 725 4.4832269846 49.3389567612
466 621 4.45640009245 48.3262641693
467 637 3.42519560029 9.19198670444
469 637 4.99455654254 7.57523822347
470 473 6.00473627629 104.533600063
471 725 5.37346956645 27.4185505599
471 661 6.71255747965 102.42431352
472 1078 6.11703777313 3.56089876295
473 474 6.00766455197 37.1198105131
473 589 5.46343634686 37.9537827069
474 662 5.25948140543 24.202501729
475 1118 4.79778472605 38.8403257871
476 478 8.92585317034 33.000449689
476 477 4.50629164088 45.1663969696
478 480 10.8813016488 23.1020137091
479 480 5.81664141927 48.2383994921
480 505 7.83951127838 121.616908775
481 488 3.7548154539 65.1014825247
481 505 5.94799253638 131.463382518
482 1074 5.25178961408 49.1809030497
483 484 7.658639431 8.67827747885
484 488 4.36692850951 113.695183984
485 1288 6.01300261043 62.945713254
485 1297 18.8209432338 24.9465188808
485 1299 19.3311056226 24.176869951
486 1080 7.40512466431 3.82001308898
487 488 7.15437034603 7.62208031945
489 579 6.27506426076 10.4803485889
489 580 4.35418347703 27.8272390464
490 1081 6.34326437175 16.0439991406
491 493 5.79544974831 32.9311376736
492 498 5.00714898367 60.8964869142
492 493 4.80878380148 23.0281639797
493 494 4.44886333603 34.973382627
494 495 6.18459255265 10.3552512633
495 499 2.98504276464 20.0599536334
496 1081 8.1542339325 3.73530453912
497 1082 8.1542339325 3.674914965
498 664 5.02111457422 82.7057945212
498 501 4.9474459836 81.3418608488
499 502 4.6626239591 29.2196246065
500 514 4.18499167648 36.9174130105
500 501 9.66673851013 5.39675828623
501 671 4.12764253494 49.4033532211
502 504 4.81233281954 57.7813414865
503 1084 4.96505355835 6.23077041785
504 515 5.6257552871 60.1403155765
504 509 4.92281905959 51.9312039846
505 506 11.898693959 20.4592867724
506 509 11.2657315299 32.3636966512
507 580 4.75145164452 35.684169016
507 510 5.96462467529 27.8014261805
508 598 5.78540452055 34.2861953379
508 510 11.0340504339 45.817721422
508 606 11.142246897 80.2970303607
509 510 11.83079435 15.4843088061
511 1088 6.74324988832 5.16431707752
512 514 5.28826065916 28.2386130779
513 648 2.97786137964 20.3021035913
514 672 3.70368065928 33.702401502
515 516 6.88888550767 21.1117171146
516 517 4.98219746678 54.2047288138
516 707 10.2482313947 11.4487746312
517 854 4.15355484798 26.5402213044
517 518 4.90074093282 9.37306001153
518 720 4.00268140819 97.1385241284
519 521 11.4266872406 7.15069926651
520 521 10.284163475 9.00347155268
522 650 5.5854400207 15.6717353711
523 527 5.66359219482 98.5753777941
524 1195 4.64850101472 13.3050804485
525 1089 4.57327964567 30.5541262477
526 528 5.9949161835 53.7841009162
526 527 5.13796287036 68.0560210371
527 535 6.48571156975 207.303253942
528 538 4.76313479249 58.3487905296
528 531 5.36344605137 38.1838404028
529 1338 4.60786510408 67.1826064663
530 1089 7.09672274097 34.0882453704
531 540 7.30788660049 6.31050711116
532 533 4.42264364938 65.4572135523
533 534 3.48292919392 54.0907200212
535 586 7.12113245428 103.526868493
535 565 6.84114246678 121.231065477
536 1090 6.48263898579 5.82399343225
537 1091 4.91360638668 25.613368284
538 539 4.06741140832 33.4512609841
539 540 4.34123998817 78.5588713942
539 541 3.32793879319 37.6843496219
540 545 4.8266824387 67.4415121278
541 546 4.87147908554 127.917287694
542 1091 6.30788660049 7.88067256013
543 549 10.9052429199 5.70635610526
544 660 4.93425144607 7.07659703904
545 546 4.04531660827 13.8234680882
545 547 5.14295797693 36.3417866458
546 547 3.48807738382 49.7495586803
548 655 6.3624078593 25.7581240743
549 550 5.12448214707 50.5097968617
550 554 5.63791987461 36.1843011972
551 562 4.45519967789 75.3380647887
552 654 7.05056897844 12.9584063125
553 1085 5.43075703059 29.5084037481
554 556 4.46382153626 56.6716968726
555 558 4.23202045936 6.56196169473
556 560 5.04879030147 61.4054971632
556 557 8.42426872253 5.50090901579
557 568 5.51325228686 56.2507431011
557 558 4.54541588786 26.2179336458
559 1219 4.5106559096 53.3500378564
560 568 4.78487706955 46.041131832
560 569 4.28787114907 58.189254648
561 1095 5.46922010958 8.02984903359
562 563 6.03363604957 25.3530184568
562 564 7.13252300427 48.9247314991
563 565 6.66722887894 54.5693813504
564 566 7.04842404175 63.3567887694
565 620 6.07842637576 143.483444872
566 567 6.04782835107 41.673656007
567 576 6.28146309081 11.8686879871
567 573 3.99392566669 32.6455873386
568 573 3.48310093949 65.2530550791
569 570 7.77204990387 14.650085324
570 572 4.04674073545 38.6138870977
571 627 5.4355597511 100.546502752
571 572 5.5061501247 38.7417276918
574 659 7.7051408942 9.41554565599
575 1095 5.1568775177 4.35258543856
576 617 4.73330828565 34.2675299392
576 626 4.25549691946 105.227607761
577 578 7.47863121312 6.45051426966
578 585 3.94166337398 67.1725522816
578 583 4.23351799096 74.2879534738
580 581 4.38623606837 18.1636610296
581 598 4.12826742636 39.6677261988
581 583 5.87500255062 20.404031536
582 787 7.08459684114 9.58627679525
583 584 6.03348366333 16.6933122383
584 600 4.47433125305 39.5153398524
584 599 4.66538891301 65.2978254115
586 587 7.08925224643 37.2857019434
586 588 4.22792534297 28.8711929666
587 600 6.62032645211 21.1603559494
588 593 3.90445143894 24.789032828
588 607 4.32532731295 55.6939014958
590 593 4.0654785984 27.5755674427
591 592 3.41680609622 21.2833751047
591 594 4.7238233205 29.1599683428
592 608 5.17266647095 78.6784333203
592 593 3.97100395093 45.2525513069
594 595 5.03612908352 44.4477699442
594 596 5.27490701594 38.2124919034
595 620 4.78419220263 34.3298240534
595 610 4.26403302378 76.6737262906
597 1098 7.41663628872 21.7332520522
598 599 5.33698364118 34.5918840369
599 604 3.56543249518 62.7634804084
600 602 7.99259677761 29.9374098664
601 1099 4.8810470378 12.3621257794
602 604 7.07279176448 34.0665542924
603 607 4.52145912729 27.6999350792
604 606 6.63783256942 41.2804713149
605 1100 7.63668012619 4.03112887415
606 721 11.760562705 35.6330303409
607 608 7.38523101807 4.27112397385
608 609 5.14934756197 73.9827814448
609 610 4.15573072554 41.2054454536
609 613 5.49049162839 51.3076216545
610 611 4.11464098275 20.083414975
611 633 4.5509260449 58.0368712351
612 642 5.2800170018 80.1445314409
612 614 3.97898670473 20.6311997453
613 614 3.29469603681 15.6521793939
613 727 5.62018352856 138.155437442
615 618 4.75529655333 16.7011503971
616 618 5.77082497482 44.2489392367
617 628 6.18217533045 92.7525620304
617 623 4.59252446926 44.672357955
618 625 4.50012660055 77.8842116355
619 623 8.10555076599 6.81560708961
620 622 6.16117703466 28.5678969
621 632 3.81713836824 63.8188364726
622 632 5.17604345265 34.4505293097
622 633 4.26188085755 78.5024268368
623 625 5.00050828837 53.8168417592
624 669 4.23242325125 46.3082622857
625 637 6.37603446442 31.4276196926
627 628 5.42884099187 70.1680838178
628 629 10.8466939926 6.54312616415
629 649 5.61877992416 81.4757536687
629 630 5.19928306566 51.2350829548
631 686 3.86126720833 44.3129469794
632 634 6.91314004562 24.7041830055
633 634 5.05179462981 12.4275074472
634 638 6.31718948982 57.6623601422
635 1106 6.45100975037 2.683281573
636 670 6.1649765547 17.6830784422
638 640 6.54736805068 28.1047672738
638 642 5.69483653144 29.8628949369
639 640 5.08754944033 24.1364070257
640 643 5.25484883906 16.6434363213
641 1105 6.93175616716 7.66030552332
642 816 6.92486860905 25.1757200296
643 644 6.22215536489 61.7094183726
644 830 5.29081810915 58.5826424558
645 1108 4.89626238572 166.891046682
646 1112 4.91648999831 17.050463393
647 670 6.03553390503 4.06263461315
648 1072 5.03679609299 3.04138126515
648 660 3.8154105559 80.2428074135
649 650 4.20032923012 15.6143228124
649 652 4.88559395671 40.461123598
650 651 4.27672058666 23.7831849501
651 652 7.13875091786 14.6663913303
651 655 7.04161152788 76.998680364
652 653 11.9948405419 10.1226336111
653 657 6.90981592735 30.8989073603
653 978 5.90304289453 48.7270318543
654 856 8.07689054131 36.4373777871
654 655 10.2017605104 6.81204837167
656 673 4.80714968939 19.3260146818
657 658 4.54361732934 37.7737194505
658 659 4.94150477724 50.2142984564
658 863 6.21683502981 80.8872981204
659 985 6.7660625627 26.9973483482
661 682 6.75813803725 128.115543553
662 666 4.54810356117 86.0608291609
662 663 6.62105416268 24.6834154082
663 664 8.12310600281 5.62227711875
664 669 6.29890423233 44.1630130395
665 673 7.93625354767 4.65026880943
666 682 5.93663404 50.5961523465
666 668 6.60926047735 19.4034146479
667 679 4.09399103702 28.7235326467
669 675 6.82232574826 45.807628204
670 674 4.42655115557 43.2691490926
671 672 6.78850677415 34.1675105585
671 674 3.61291559996 25.9252009137
672 673 9.71020930177 14.5368770112
674 678 5.43536264987 37.2770132342
675 734 5.3933138265 48.7340245662
675 677 6.98723857335 58.1698393337
677 691 5.33755819294 59.089848455
678 679 4.11316619919 40.7438645688
679 681 4.40434132122 36.9426142644
680 1109 6.05568698162 18.2517250783
681 696 6.92348314991 30.4848254284
681 695 9.2821717056 11.3649771527
682 683 10.0922469853 28.2734531573
683 684 4.104556079 79.1276547407
683 687 8.00060357166 61.1791384295
684 686 3.87919224517 47.8245866184
684 687 4.66002379738 55.8613061362
685 1206 5.96081005658 8.97652132181
686 691 4.83707019611 55.0676286927
687 688 12.2794374393 38.9820488844
688 761 9.30073547363 13.1386833435
688 741 12.4573301487 40.9086248796
689 906 6.39630681359 27.1173761135
689 910 3.14026557153 22.7728002285
690 744 4.19486411578 109.636570731
690 763 3.76580876927 23.076777277
690 699 6.71234737817 25.3732896219
691 699 5.78265275717 40.0340524478
692 773 4.59245826905 15.1130572314
692 694 5.05421537162 18.694547177
692 693 6.08947543498 13.7920189029
694 700 4.30010820224 39.8182628815
694 695 5.30561891862 50.6196779628
696 715 7.45673074944 24.8440386125
696 697 4.27520879685 47.4855532806
697 822 4.32347135889 32.1367320517
698 993 5.81559723641 80.5410418687
698 735 9.64180436053 11.2222542771
698 703 6.82489198017 39.3835146598
699 700 6.41001247006 39.197390895
700 701 3.6620023253 30.2575595641
701 704 6.54621099701 32.7871005685
701 821 5.82842731476 3.85648803965
702 1328 4.99253491598 53.3522846978
702 1323 5.78801651074 29.5133607326
703 704 5.83022450865 52.1904777676
703 705 5.57981457436 6.63113019649
704 828 6.65517612367 6.71907505905
706 707 6.55846512753 14.1047864216
707 708 4.51837266189 40.1134825005
708 849 8.10818708258 5.88488178673
708 710 5.19368126405 43.0366635294
709 710 4.97468248806 23.3255220386
710 716 7.56540013768 20.66040166
711 712 6.8571668014 21.1164819428
711 713 6.73380705784 17.9899519025
711 887 5.67591962213 38.1858345464
712 874 5.32035170658 9.87060907825
712 714 6.71235893034 24.3639029234
713 880 6.57691526413 3.4
713 853 6.53553390503 4.82545334658
714 715 9.79206651228 13.7190110811
715 728 6.09385674704 30.9209950403
716 890 5.47973138024 22.3444235602
716 717 9.69389280235 9.27802743573
717 718 5.69806820936 54.8796458078
717 719 4.51851042315 39.0880952228
718 905 6.4358382466 8.48022544713
718 966 7.3612790032 24.800801397
719 729 2.86316675011 48.2872177884
719 730 4.12889514217 40.7244421904
720 721 5.27555027521 21.197098326
720 723 4.46094460927 78.7543923056
721 722 12.9443510828 8.40454211743
722 723 12.4526840478 37.5106954779
722 913 4.22166269138 32.3144448306
723 726 11.879376195 62.8500618398
724 932 5.01344711441 28.1160498041
726 731 7.37202510945 130.710541679
726 727 14.0517292384 12.2520649896
727 736 13.1104766416 57.1285712236
728 729 6.60766757737 33.6914569485
728 735 6.44145536988 45.4987400405
729 730 7.01191291757 64.1451346452
730 731 9.6919147866 16.7615734136
731 751 6.85360370152 107.780342888
732 1111 3.25682002633 14.7639524018
733 1012 4.99495967312 49.4333488721
733 1026 7.50510220512 16.1067040439
733 740 9.26390985211 19.831809985
735 810 6.63821734682 14.0922077341
736 818 12.6805373403 65.8927234688
736 1060 3.79651179442 17.4898956466
737 738 5.98244849819 39.5660380193
737 780 4.50146918927 41.5391029492
737 775 6.0823862686 70.5360335812
738 739 7.0960704097 8.29017368771
739 791 5.76056357876 17.5423967947
740 1036 6.07328495896 13.4036992295
740 750 7.28538322449 4.2687820277
741 1086 3.19007636493 18.2570534315
741 743 11.7889987688 79.0377048659
742 744 7.31966454553 7.05316564498
742 1096 4.75557354325 26.4299081194
742 747 8.07768726349 7.29537524737
744 1114 4.08969879777 11.4539831969
745 1117 7.42699165316 3.87122248728
746 760 5.15463279259 42.8963910504
746 1123 6.17682435426 6.05598841534
746 1115 4.6934191731 5.08106209927
747 1107 6.42759470791 11.6886697276
747 748 4.88683475708 59.7370620325
748 754 5.18608003518 71.704421359
748 1189 5.64687645415 57.5952849246
749 752 5.46863170678 47.7417371952
749 1129 4.13070748269 69.794015803
749 750 4.59880300951 28.7202177012
750 751 5.61166360408 41.2989187847
751 756 7.5346187747 47.8581932299
752 753 6.20773124535 35.1033282624
752 756 7.96170579682 28.0933901057
753 754 6.77036998246 14.6372811683
753 1163 7.63503337188 11.5336464312
755 1201 2.87096250581 19.4053582009
756 759 6.95709201361 47.2453895419
757 1171 4.36552093103 15.5165563615
757 758 5.59016990662 8.0622577483
757 759 8.07109260559 10.1124922744
759 769 7.0348675298 26.5897280847
760 762 10.6798008948 101.184221515
760 1182 5.70976261389 18.4559758013
762 764 6.98598194122 10.3880941467
762 766 7.56322971141 23.2350203168
765 1191 4.75862171048 128.830199799
765 766 9.6457862854 5.50567888639
765 767 7.55246204599 17.9442658746
766 1204 5.70424461365 9.21425526019
767 1209 7.23269081116 4.24499705536
767 774 6.03283432364 105.428035439
768 771 9.42852732066 13.8058324656
768 1212 3.87934068804 15.2412852035
769 783 6.92608358392 38.0588538454
769 771 6.04116927171 49.6873094751
770 1121 7.14005470276 7.88162419809
771 1229 6.80469427239 6.41822253942
772 1120 5.98324729923 10.408851036
774 808 7.49240099574 84.7828373734
774 1253 4.58231499985 9.0747002265
775 778 4.16543917337 26.4061117518
775 779 6.10910460313 44.2903752087
776 778 3.49487529765 7.71329721165
779 780 4.91431822432 16.0788482158
779 1286 5.45556210534 8.58197637742
780 791 4.6134869349 31.697384798
781 793 7.01828079498 64.684072756
781 1289 5.51866350625 18.3096166389
782 912 4.3316536302 35.1685957485
782 1268 2.92968710956 40.5626339655
782 925 4.32792085556 21.4467819765
783 786 6.98652483479 19.7947813387
783 785 5.09201056496 42.068604538
784 785 7.09921410258 11.5531676009
784 1298 4.95573019052 18.5462178527
784 788 7.38523101807 5.53217859437
785 789 4.28070258976 43.6966666944
786 787 7.73818897917 24.7847231173
786 1404 5.18313813864 176.885353275
787 802 7.59360199129 49.3273924538
788 797 3.57563272344 63.9929298995
789 790 3.64897244066 16.1782578388
789 1329 2.07434867481 7.1522353952
790 1334 6.28524274972 12.8130393317
790 797 4.40087568812 40.7292837601
791 792 6.1412313792 41.5397729892
792 793 4.83255385627 40.7953472684
792 794 5.59072639344 67.9450708729
793 796 4.76684871934 125.935057484
794 1363 5.79444142409 9.59097953574
794 831 6.47143555048 24.5402342099
795 1371 4.1390880327 24.3152022017
795 1365 4.73606777191 4.0401113846
795 831 5.99133760165 65.0515353844
796 797 7.07251024246 9.41607667768
796 799 4.22759681416 70.4671395134
798 1392 5.23606777191 3.2596012026
798 835 5.18606157644 64.8164509323
798 1391 5.04766749156 8.65573427055
799 800 7.83799556988 15.2599196543
799 802 5.39035988188 105.572835221
800 811 5.03890763836 47.5108307589
800 835 6.16185284875 22.5459525335
801 1400 7.22239168989 36.1085170056
801 803 5.44273275338 47.1293771615
801 1405 5.03489542991 16.3416291479
802 803 5.8764899681 45.8646210674
803 804 7.06165326887 21.3559530534
804 805 6.88486563067 22.7306053891
804 1414 4.72412099353 23.1174688033
805 812 6.17968311791 80.6803335111
805 806 4.5998769391 19.8839353847
806 809 5.13560251644 75.0909842134
806 807 6.65090346509 5.15512483795
808 809 10.2878599872 37.0393312299
808 1427 6.40326005691 6.0119911177
809 909 6.60527045185 265.350717065
811 895 10.5431887248 9.65121936425
812 897 6.20370701075 34.1836327609
814 816 4.57292637604 40.1220263911
814 815 5.01149153858 37.0030554322
815 819 4.67725685854 104.67133199
816 817 5.4795435341 48.8471789955
817 820 6.27477352045 158.747370427
817 823 5.60493957703 50.4693297116
818 832 13.1795180951 47.1344127644
818 819 4.26643389557 51.9887648275
820 832 13.924093382 13.9602588675
820 842 13.5721852958 40.2057294756
824 830 6.8277130127 13.7939298244
825 826 4.13981078424 31.7042083776
825 829 3.86366408245 106.575195949
826 827 10.3405396057 12.1606004144
827 851 6.48318234131 38.699709163
827 852 4.62469003435 32.7998211589
829 846 4.78896776615 41.923339205
829 862 4.18215698422 22.8752112684
830 851 11.3598133575 13.0076341167
831 832 6.31819061266 75.5352961518
833 834 3.86871515704 17.4841417539
833 842 4.87271509741 85.4423554225
834 840 5.07424523525 28.6746714992
835 894 5.25375483831 32.7346605778
836 1128 4.61818537868 81.8428587708
837 841 4.71364028613 46.601812098
838 840 3.53373357586 15.0377680949
839 840 4.74405264039 22.0661517819
839 843 4.37636882216 43.2923888547
841 896 8.06225776672 8.66565313205
841 894 6.09485070393 22.9003661282
842 878 12.9726147355 102.571966603
843 848 4.92732034077 67.9743584111
843 844 5.51070639676 35.6445495777
845 1133 7.35232094457 29.4467940627
847 1132 6.63163492996 23.6372587243
850 896 6.21671141523 76.3892216661
850 884 5.7755145722 150.232017132
851 852 5.69944748042 28.7052107711
852 857 6.33795168664 43.4966937129
855 856 13.3691980686 12.3975706662
855 857 4.81108167883 37.7380592763
855 859 5.19112998286 28.9699856767
856 863 7.4569984647 22.6241021921
857 858 4.84248390888 32.7108897419
858 866 5.3882115996 91.3737470595
862 873 5.53465596686 56.1064192941
864 987 12.331436126 23.691343473
865 870 5.85143967694 54.5834216488
865 987 6.9528851434 40.1323605236
866 867 7.63788955367 29.3648747448
866 871 6.59351958465 32.4511894204
867 869 8.11202526093 6.36396103068
867 877 7.27501165758 98.7422048829
868 869 5.39834594727 4.92036584006
869 872 5.25991124243 30.2846443852
870 871 8.81134855922 7.15075288095
873 876 3.83055815592 52.9779792511
873 878 3.0548984723 84.9165132511
875 876 5.78761405088 18.3785217753
875 877 4.32991922994 27.0222357515
877 883 6.97657307041 101.868288387
878 881 13.087527997 21.9127127841
879 881 3.79416840485 31.5848292166
881 883 12.277509109 81.9405853111
882 1139 5.63093041505 13.3550380546
883 884 14.8307159387 12.9437726997
884 891 15.0911054923 37.7524422904
885 888 5.6497461114 63.5023811929
886 1140 4.57625477812 20.140225482
888 893 5.83184356505 33.9890421773
889 1142 4.82744357119 26.2653308964
891 892 5.65302003148 71.2750063692
891 937 14.5430545889 28.2373475323
892 893 6.97304112883 15.9599847841
893 1046 4.79444842661 76.7558235504
894 895 4.3725055523 77.1656219344
897 904 4.69859933273 25.9202200922
897 899 5.29246696535 136.714774962
898 1011 7.22700917103 20.2924535749
899 901 3.83133297553 44.8114791719
899 903 5.82131020677 39.3436352566
900 919 4.06813846483 62.3361160748
901 910 4.04340114663 28.0881155973
902 903 3.80136421173 33.548143649
903 924 5.85648310281 55.257278405
904 911 6.06440292094 138.096977355
907 910 4.60876068529 28.5545537624
908 909 6.32322122975 18.6213567089
909 917 10.3678195132 58.5073144538
911 912 5.70391980081 77.4304529552
911 914 5.90906512987 44.9137107959
912 914 5.41764870073 64.9693584693
914 915 7.97213602066 9.49210198007
915 921 4.24259322011 78.6824117756
915 948 6.46719421564 36.8405921589
916 918 4.70587706227 39.3400032333
916 917 10.8048159617 11.9753155386
918 920 7.90738811567 15.3302548585
918 921 5.04625321013 25.3391576286
920 959 10.9401865165 27.0855641479
921 953 6.8023629378 42.7366802902
922 923 6.16224782062 54.7500296885
923 936 4.69020390535 28.0301624892
924 926 7.71301174164 8.74714239052
925 928 6.33528923236 9.40138960294
925 927 3.61803388596 3.2810059433
926 928 5.89603724432 53.2168699863
926 929 6.20556580961 20.648629267
929 930 3.36250098261 34.4669016589
929 941 4.95797797608 89.0408215464
930 931 4.30091742466 66.7970287478
930 942 3.87350029854 48.1046383564
931 1268 4.38202180783 44.0568007942
931 933 5.70562590259 11.2598468381
933 944 4.41239889145 48.2769128663
933 951 4.85674093551 43.2827553427
934 1147 2.23976260171 9.62022970519
935 937 5.80912624367 29.0085514961
935 938 6.44816888298 22.9603112627
936 938 5.5361821308 22.5513590218
937 939 13.8566262425 41.609393651
939 940 14.510090597 28.1593665895
939 1057 7.26434808786 21.1540185308
940 941 5.35099342268 90.6904394558
941 945 4.32937435352 23.1314356209
942 943 4.13466347441 19.1084379105
943 945 5.02712213401 26.7173715373
943 947 4.00978385771 44.092760678
944 946 6.4282732692 14.9427029263
946 947 7.90104668752 17.5358375717
946 965 5.13637790084 55.3367711644
948 1268 4.92345121417 52.4888952426
948 949 8.14530563354 7.81088983407
949 953 4.96196236866 48.7878051239
949 950 5.34087988904 28.8661979154
950 964 7.36464626366 83.4343821216
950 951 4.63616217753 27.2997063054
952 953 4.89100661629 20.9358557968
952 955 3.71379148622 34.3397148569
954 955 4.06172994808 43.2872101888
954 958 3.64754154704 46.330148146
954 959 5.39495751353 23.0597996675
955 956 4.6013963351 29.2307122492
956 960 6.84926795959 3.33766385366
956 961 4.40752722886 58.7983400273
957 962 8.06917929164 35.1687878057
957 958 6.5759977289 24.9815808018
957 959 7.32991896776 56.9111125426
958 963 4.53251240343 29.2389944191
961 963 7.56666278839 6.18465843843
961 967 5.1317275219 59.1083806638
962 970 4.96826038375 61.9214448489
962 963 4.45313232799 59.4398003215
964 1175 7.78402165062 95.3413261406
964 967 7.17131659463 69.3210424467
965 1153 5.98988733817 41.3329883672
967 1193 5.96175332925 149.343492059
968 971 5.74139848346 12.3678266045
969 971 5.49562946304 10.8120884171
969 972 6.80788660049 5.55090082779
970 1252 5.47368388314 84.713059796
971 1244 3.50286901314 70.0961432468
973 1151 5.11104572081 41.6666129421
974 975 6.86897899584 46.9512513145
975 978 13.1882050629 13.5268332147
976 985 6.26164322985 70.8802997798
976 981 6.53577126824 55.3188493261
976 1006 5.77767248909 38.4169422277
979 980 6.92502717276 42.719140909
981 982 6.22008063183 48.4851766067
982 1143 7.07122305421 54.6939251175
983 1158 3.731757653 54.8812972351
984 1143 7.10789953395 39.713536735
985 986 6.53112888336 10.0534819839
986 988 3.75291190897 28.3136894127
987 988 6.60224150611 25.4688068519
988 989 3.40105198198 24.137641219
990 991 5.77160167694 4.06970514902
991 992 10.1935948752 11.4589432012
992 1001 9.31586512185 21.2750259575
992 995 6.13367056007 32.1801598212
994 1199 5.65685415268 20.8883340647
995 1007 4.43086228031 71.7186557573
995 1199 6.72815694342 27.0264366479
996 1042 6.32268891788 37.7360802652
997 1002 3.73252784108 58.5215462576
997 998 6.88961548534 14.3416179592
997 999 5.20397339425 16.3409518128
998 1004 7.23548092836 54.1302301494
998 1006 6.09759577446 29.5116566847
999 1000 10.3833411653 16.2933032907
999 1002 5.82469154202 22.8267346904
1000 1001 7.78649282918 49.3972671309
1000 1021 6.34498298693 127.456181279
1001 1002 6.11697200712 39.096888031
1003 1152 5.04051397278 55.2271950899
1004 1005 7.56666278839 10.8774052238
1007 1043 5.20069675229 43.8991581552
1008 1010 4.2061648449 28.3128708242
1008 1009 5.46730470267 34.1290462804
1009 1013 7.72608563533 60.8992928972
1010 1011 11.9333553314 9.92484256802
1011 1014 15.9496593475 8.74642784227
1014 1018 4.13069474723 107.024250034
1014 1015 6.21374834949 62.2034119808
1016 1156 5.64491845738 8.06452566223
1017 1018 5.49100040016 26.5318314403
1017 1028 5.23604811294 93.5978163238
1018 1032 4.30124878867 61.7329936096
1019 1156 6.71120492605 22.2535153292
1020 1034 5.85198184608 57.6090991372
1020 1339 5.42451535945 62.3776376887
1020 1028 5.05021010053 33.6801957046
1021 1339 10.4267951616 9.93072438951
1022 1025 4.58948171476 23.8438460218
1022 1023 5.92060266824 34.0898700375
1023 1024 13.4546025698 18.4374140894
1025 1027 5.24349141384 74.5584139785
1025 1339 4.60546659904 44.5861162569
1027 1052 5.45870627951 51.3086079658
1027 1070 4.84773638687 52.2705616504
1030 1032 8.3006401062 6.4724415795
1032 1097 5.54164857764 53.6974084848
1034 1035 7.31935339886 21.9258743398
1035 1075 6.3567952352 75.0778574101
1035 1071 5.65452257335 101.170137271
1037 1038 5.74620158756 29.1225364358
1038 1104 3.8445032314 86.2126380772
1038 1075 5.56291316817 90.092101713
1040 1048 5.70258060107 30.6685296407
1041 1044 6.14368464147 37.6334962736
1041 1042 4.61996618812 22.7685919388
1043 1051 4.77056990922 72.6919268329
1043 1044 4.91407250305 37.3956790401
1044 1049 5.05197819621 64.0084039992
1045 1048 5.30084356096 37.1494222664
1045 1058 4.8083737396 85.2626421441
1047 1169 4.2778175644 61.8819767941
1048 1049 6.9596529007 5.75
1049 1050 3.49017791782 23.4655399388
1050 1059 4.17749582184 72.8942663131
1051 1052 4.58213203808 64.5508071664
1051 1053 4.68238968296 73.3845753531
1053 1066 6.52633100568 48.5632834557
1054 1157 3.54428182711 10.0556914096
1056 1158 5.12549531654 9.17806741522
1058 1059 6.67593465235 22.1603793212
1059 1062 5.30099244388 60.5120808676
1061 1147 4.71320516765 33.5219661773
1062 1064 3.5650989374 48.6794924879
1062 1063 5.26560369175 19.3279046556
1063 1066 4.31090995814 46.5372805921
1063 1068 6.51060892912 44.1454580828
1064 1065 4.86246937556 63.539762659
1066 1067 5.52106080969 40.1288354364
1067 1069 4.40706247857 92.5141843662
1069 1080 4.89076282984 46.037953861
1069 1179 5.9265682224 115.927226345
1070 1071 3.43820604827 28.67697632
1071 1073 5.1295444864 113.278717155
1073 1090 5.54176560072 83.4348633568
1073 1074 4.56829100723 42.8474403953
1074 1081 5.39699008996 29.6010249869
1075 1116 7.25717323581 69.4542218371
1076 1078 5.92279740591 62.2975121891
1077 1166 4.85887292483 13.9049787636
1078 1090 4.6565618227 40.1904737802
1079 1164 5.80429844638 48.0913993613
1082 1088 6.08779418112 52.3099579709
1082 1084 5.28443955725 32.0039218324
1083 1333 5.7267402735 47.4065175686
1084 1085 4.62367543602 52.4540317961
1085 1087 7.5 4.60977222865
1088 1215 4.24764122915 93.8388605603
1089 1093 4.68777231848 93.303403083
1091 1093 5.4145449771 70.0624512547
1092 1333 5.8541021347 6.98516284706
1093 1094 7.77163098681 17.5208447285
1094 1222 6.11223510114 91.9879714857
1094 1095 5.76543278328 40.0592473235
1097 1098 5.10945129932 31.5588620142
1097 1099 6.09258398177 33.1404550756
1099 1100 4.76449256831 31.9955071603
1100 1101 4.28010251205 32.6577361141
1101 1113 4.10888346829 44.4640351379
1101 1106 7.76811151917 8.96299499355
1102 1105 3.58158360013 24.0193084478
1103 1166 6.06222911341 5.50375644385
1104 1105 5.39116555029 19.3934309093
1104 1106 4.2691917141 48.1374831098
1108 1117 6.2981338501 12.0933866224
1109 1125 5.48215046514 154.416699378
1109 1111 4.68994608347 18.3854450342
1110 1167 6.22802034779 8.67832555475
1111 1119 3.98916365669 28.1070506632
1112 1113 7.16261295288 42.1180288417
1113 1151 6.30444830556 327.441844381
1116 1117 5.4358371032 27.4671196191
1116 1118 7.32547163001 23.8686935196
1118 1121 7.20861442782 88.2243038757
1119 1120 5.99620326365 79.8853139544
1120 1429 6.0 4.24264068712
1121 1134 6.89511665932 68.9700825409
1122 1167 5.17671683043 65.3665085151
1124 1125 6.05263394463 79.9383359947
1125 1126 5.62788193689 34.5756195457
1126 1128 8.97213554382 6.41326749793
1126 1131 5.36921707752 99.5218758924
1127 1128 7.63441371918 4.92036584006
1130 1131 8.8680709152 11.0727560442
1130 1134 7.24565078232 72.613415188
1131 1144 7.2198217344 52.2350512412
1132 1133 9.50827026367 9.85317207807
1132 1134 7.23545592607 33.0060784625
1133 1135 7.76151105322 27.0395143613
1135 1139 7.86806162059 51.8556693242
1135 1140 3.6983024842 56.497678936
1136 1137 4.0615530014 2.05548047911
1138 1369 6.27854992038 119.917338228
1139 1222 7.73300553476 56.5352494589
1141 1364 6.26034560926 40.5647316938
1144 1157 5.94162620803 60.2236976222
1145 1174 3.19686230717 14.7935757025
1146 1173 5.36729587842 34.5325751781
1147 1148 5.01771511426 14.2630139681
1148 1331 2.89933952526 70.0367608406
1148 1149 4.70686113937 56.9239961506
1149 1321 4.94497660866 33.4407311523
1150 1174 4.4306194688 21.6695205353
1151 1152 5.94960181557 21.9543836154
1152 1155 4.95110938546 41.2708282426
1154 1168 5.69007932767 84.8203989298
1154 1155 4.9555465419 74.5665521254
1154 1159 4.11879373953 87.5819483591
1155 1156 5.41822234689 23.5081684334
1157 1165 6.83895576208 101.952569326
1158 1160 4.49817274945 43.2230155403
1159 1160 5.68211837075 26.0247022587
1159 1168 4.51738307447 42.0767085056
1160 1161 5.25692722493 16.9093836827
1161 1165 4.92007046645 27.4437966502
1161 1166 6.3220298755 34.19746698
1162 1175 6.37108125391 7.89352990531
1164 1331 4.73606777191 6.46006965907
1165 1354 6.45011030319 74.2276167098
1167 1354 6.482229637 30.2108839975
1168 1169 4.85369380077 27.1411355548
1169 1170 5.4221398171 47.6809158484
1170 1359 5.59601326641 133.186129065
1172 1178 6.46633367753 33.5469116171
1173 1176 4.72965118261 48.5366126377
1173 1174 5.4055194992 22.9821856374
1175 1176 7.46030527268 20.8213884946
1176 1177 7.08892051882 47.8413124168
1177 1185 7.23689470607 43.0683914652
1177 1178 4.67637511362 29.6975955681
1178 1187 4.04990472857 41.5676230549
1179 1181 14.8806479587 41.5942447179
1180 1186 4.61579417694 7.57826684337
1180 1181 3.7852073771 23.3390766741
1181 1184 14.2425787589 44.9159867561
1183 1184 4.75219204623 71.7505667367
1183 1215 5.48962775475 30.3398589897
1184 1188 15.3185510581 49.0741750433
1185 1187 3.98303862766 28.0106434635
1185 1188 7.25270955572 95.3961353332
1187 1200 5.29723533573 23.2104947272
1188 1220 16.8746102475 48.7750297352
1190 1200 5.99634913505 32.2261835214
1190 1206 5.81349748873 54.5651456546
1190 1254 4.18891401214 74.9132046107
1192 1196 5.0489390391 42.2104067774
1193 1244 5.88913515358 20.4951622475
1193 1245 6.43377316168 39.1321131567
1194 1259 4.87334855064 78.9872282786
1194 1195 5.42420503067 16.7603256635
1195 1197 4.54457648637 27.0254657763
1196 1296 4.90061798469 17.2020870842
1196 1197 4.5657625414 30.0690402159
1197 1198 5.24194870106 18.3567812889
1198 1208 5.41271674579 26.0563632304
1198 1246 5.35866629889 50.772441443
1200 1202 3.80550450005 81.8321500499
1201 1202 3.98676428252 23.2572047334
1202 1344 6.1987608565 6.81064146723
1203 1214 5.59740733974 73.0117593719
1203 1326 5.85849094541 15.8938938384
1203 1207 6.87760307615 27.4291317112
1205 1208 4.81921671361 69.4716070627
1205 1206 4.710274606 16.6897968512
1205 1207 5.75875633904 20.5758626445
1207 1366 6.84926795959 4.82597140481
1208 1210 6.66253012741 18.6453561492
1210 1248 5.57540136823 25.1445803964
1210 1211 5.46267634472 76.3260027634
1211 1379 4.82258304769 7.2810974085
1211 1213 3.79124391827 59.8386104683
1213 1258 5.69020755061 42.3458493577
1213 1236 4.91298773075 32.5612571993
1214 1232 4.60704955968 65.3625198516
1214 1353 6.0 7.15891053164
1215 1387 4.92406495902 9.47513809544
1216 1217 4.65832295946 22.7895612104
1216 1388 4.84126438421 19.1280713429
1216 1397 6.62082370415 16.6072741357
1217 1219 6.78670302979 11.3015594778
1217 1220 4.35721101817 111.314581466
1219 1221 4.28751341556 96.3734162486
1220 1230 15.2153772651 22.7565681912
1221 1233 5.46515452308 55.0895263527
1222 1223 9.93381092248 36.4422033804
1223 1239 7.78774394142 94.2149624811
1224 1225 3.93989715599 28.2097124183
1225 1226 5.4102155742 23.1097312012
1226 1325 5.24179388814 60.9054613901
1227 1228 6.33069118048 31.7257645851
1227 1428 5.24841867089 119.967730133
1227 1230 3.6793637705 38.0523451534
1228 1230 15.5392070034 25.8644939501
1228 1231 15.0479651658 31.6667438282
1231 1232 2.84185720318 25.28410131
1231 1234 15.2997730751 38.5535536976
1234 1237 17.6575091802 15.8370931459
1235 1236 4.14210383434 15.2576324204
1235 1238 6.50283899235 58.1533298756
1236 1263 4.68573558265 40.8768607774
1237 1243 15.4226859614 79.4309078771
1237 1238 5.68235888431 63.5039415414
1239 1240 7.50153738178 26.301613161
1240 1241 9.38578417088 18.3160499789
1241 1297 7.06956384269 166.190708426
1242 1325 4.00442440786 17.1041348113
1243 1287 14.7029853068 53.2702819967
1245 1252 4.40713438002 64.2549332129
1245 1246 8.6345539093 6.10941895764
1246 1247 6.51637034922 32.6287241061
1247 1256 8.0276927948 7.31095069057
1247 1255 6.13540513399 41.7736568132
1248 1249 3.92898455038 31.1564729975
1248 1251 4.69441710294 42.5965124109
1249 1250 4.90474523915 6.9481656767
1249 1270 5.18541782287 110.659833655
1250 1251 3.15677691592 21.7004401146
1250 1260 3.9972102618 34.8115017343
1252 1257 9.9359140551 73.7639534247
1255 1257 4.65027909132 68.1837573422
1255 1270 6.46522970544 72.1392497502
1257 1271 6.41433907996 44.1094389667
1258 1260 4.08764517019 37.1721375056
1258 1261 4.29518458969 35.237062576
1260 1265 5.04748953848 16.0487354893
1261 1265 4.48816042901 42.2765234067
1261 1263 4.42870893516 24.1035825919
1262 1264 3.60863177402 50.194031688
1262 1263 4.02298340182 44.6866752524
1264 1313 5.94436447636 52.2565378964
1265 1267 6.16962614817 25.6929942551
1266 1267 5.32921713407 40.4906146087
1267 1269 4.5927724379 132.573291996
1270 1272 5.85132415324 37.0592603952
1271 1274 7.60472887905 77.7352558367
1272 1277 6.96159197534 80.7527924528
1274 1276 6.7375327107 46.7194517931
1275 1276 9.29690933228 6.00520607473
1276 1278 10.8742696446 48.5672004662
1277 1281 7.26926645769 53.6994612822
1277 1278 4.54544279876 56.9621639723
1278 1279 10.7718191398 40.1587565678
1279 1281 4.0767829636 44.3409512187
1279 1283 4.9950475862 40.224619327
1281 1282 6.94594904218 26.5789484377
1282 1284 8.47213554382 7.01462757386
1283 1284 4.21942695474 40.8996109904
1283 1285 6.77948735782 79.69121658
1284 1307 6.7616102508 140.038279473
1285 1308 6.44784487904 73.5918917945
1285 1309 9.5648657991 12.5717369763
1287 1288 4.72636559777 96.8132271423
1287 1297 15.679899824 32.5884288522
1288 1291 6.26464251162 82.768886963
1290 1291 6.13151327022 25.3768699104
1290 1292 5.16146409936 95.3517243297
1290 1293 4.59510898217 37.2005799333
1292 1294 5.88952226613 47.4873487854
1293 1302 4.48789911441 82.4424637113
1293 1295 6.11784428523 8.82064387441
1294 1310 5.1780724039 119.078814289
1294 1295 6.67229119588 14.0829745654
1299 1381 18.0187552984 123.44282092
1300 1302 7.51067638397 6.34133266751
1301 1306 5.51100130819 24.6216576384
1301 1303 4.13530314897 36.605753882
1302 1303 4.52468448802 58.0896303063
1303 1305 4.87432970651 65.7794782449
1304 1384 5.5050044094 40.4325106038
1304 1305 3.46389222559 25.8036793065
1305 1384 5.13542521117 28.8258326064
1306 1315 4.81872319211 106.987410303
1307 1310 9.18004822418 10.1968893839
1308 1311 9.96983757122 41.2516113392
1310 1314 7.12819693449 63.8030782156
1311 1312 8.14776515961 39.3860698725
1312 1317 5.70464273742 51.1172122764
1314 1315 6.03702858871 24.1058466434
1314 1318 6.70537226104 52.5486354295
1316 1416 9.75818173208 51.325123402
1316 1373 6.38658639574 343.377609068
1317 1318 4.60311653091 44.7507651723
1318 1319 8.10555076599 10.9692752723
1319 1394 7.02978732802 24.3526285025
1320 1321 5.14674162767 23.1701610717
1321 1322 4.7783116674 44.6915008658
1322 1330 5.13405883678 22.293991028
1323 1324 4.01304061996 41.460514832
1324 1332 5.24501740085 7.64695064329
1324 1327 4.06455304047 17.4830632645
1325 1328 4.95666649868 85.4914843704
1328 1343 5.39565436148 41.1800223796
1330 1331 5.64923725554 32.7845461709
1330 1332 4.18539904105 55.371756105
1332 1337 4.56973461342 44.8525803063
1333 1335 4.15705496081 66.9467799123
1335 1336 5.05848345581 23.5017161925
1336 1356 5.68765403381 32.8379233177
1337 1338 5.46666445302 29.8144499447
1337 1343 6.14836287958 86.7014241393
1338 1361 5.06210563578 66.0005165838
1340 1341 3.58756595835 48.9747431884
1340 1342 5.04914938514 23.9067732736
1341 1342 5.85727341106 13.6733435083
1343 1345 5.6359006446 41.7490003772
1345 1346 6.70969394345 42.4702143125
1345 1351 5.50121882898 63.700446557
1347 1352 6.52951996082 105.730446461
1347 1348 9.01794427755 10.5460571289
1347 1374 4.80844348761 76.9221210775
1348 1361 6.77797221027 101.995188926
1349 1350 6.90582749974 8.07804051636
1350 1351 5.65707668377 24.451640922
1351 1352 5.32299537523 35.2384163079
1352 1389 7.63350578265 70.5399653335
1354 1355 6.44835038791 50.6809978534
1355 1356 7.20668174248 13.6702039202
1355 1357 6.57136090525 48.9083582494
1356 1361 6.33489873626 30.1845444469
1357 1362 6.40473967796 38.3766530186
1357 1359 4.95051824426 50.2832897246
1358 1360 6.98339491802 10.7157418007
1359 1360 6.99415683746 5.90952620774
1362 1378 6.05411823914 164.176915828
1362 1364 5.54440983723 108.756712723
1364 1367 5.72081830309 53.373618184
1367 1368 3.71493767651 23.4965399884
1368 1369 5.36036749594 38.8753318882
1369 1370 6.86858570297 46.5593932736
1370 1373 5.85652945162 52.4689515119
1372 1373 8.03553390503 8.0
1374 1376 3.70890090594 52.5003847853
1374 1375 4.06060455725 90.8417465312
1376 1377 7.77204990387 7.33246206946
1378 1380 6.27719006278 76.1405141952
1380 1408 6.09623858776 61.8492878017
1381 1385 17.1866274763 41.458614878
1381 1383 7.81024980545 23.0722777376
1382 1383 4.52089316667 30.0375749486
1385 1393 4.54421316396 106.681406534
1389 1390 7.1781832641 14.8151743095
1390 1417 6.71480416161 239.714300658
1393 1398 5.0140435601 99.1045233959
1393 1417 17.2692700966 36.9950605078
1394 1395 7.15190237997 48.7866291589
1395 1396 7.34952864432 19.0697150165
1396 1401 6.80974250032 56.5405681526
1398 1399 4.70072504991 137.891476463
1399 1401 9.53420066833 9.34465087631
1399 1419 7.93652982372 47.032244553
1402 1420 4.57807665166 65.1785624266
1402 1421 5.78792104204 82.717913611
1406 1418 5.60349725326 58.4766358729
1406 1407 8.0 6.53758365147
1407 1412 4.83563039793 43.9179764949
1407 1413 3.32083959975 50.0121203962
1408 1409 5.22017846107 29.7000150213
1409 1410 4.71678111257 56.5202063577
1410 1412 6.59770727158 10.307764064
1411 1416 7.16934261824 94.9588076992
1411 1426 5.95263088757 41.7990916102
1411 1430 6.47790505043 128.11186518
1412 1413 6.1080519579 37.140005385
1413 1415 3.99268066289 36.3245775656
1415 1416 4.50849334935 29.3332321386
1415 1426 4.05170662713 82.393857274
1417 1430 23.4013766308 149.169363958
1419 1422 7.65210615673 44.3104485873
1421 1425 5.14273488138 89.4583490866
1421 1423 3.74053930684 103.747690475
1422 1424 20.3748360485 56.8000903611
1423 1424 40.0646292456 26.0752577608
1423 1425 40.3822431902 39.234592415
1424 1430 41.3605682682 24.8252721299
