0 9 7.3128824392 48.4522711145
0 1762 6.90144707418 99.4731877545
0 439 7.5946009686 25.9595478392
1 1232 6.39712483781 20.9077136528
1 1505 6.11421733268 13.6005579642
1 1475 7.43328729251 59.4655124845
2 634 5.70160770416 7.92590688817
3 634 6.99415683746 3.05163890393
4 1777 9.94411004047 64.2109705385
4 5 13.3596179002 10.8869658034
4 1774 5.43723028419 38.2759535706
5 6 13.0852098047 9.5632669888
5 295 7.22588468029 47.9351855761
6 452 4.50545619883 41.7419899742
6 302 10.5191814464 35.5488073658
7 640 4.00318268913 16.651601018
8 440 6.53500542653 86.0928899487
8 9 13.3215051149 13.116924877
8 460 10.4442939758 5.12371935219
9 306 6.75612407119 34.853037263
10 50 6.24686615575 31.563045202
11 176 6.1040722493 17.3645100323
11 1682 5.58485586464 48.1525963641
11 13 4.58695222265 27.6549374522
12 475 5.5835238706 5.86970514902
12 13 8.69485991923 6.56055611584
12 14 6.77367178084 16.0384975851
13 1754 8.63164997028 134.19796996
14 1724 7.5086224648 29.8303536687
14 30 9.00493936827 51.6552910784
15 16 41.2725668377 18.6708323044
15 1761 30.1336035373 115.446173173
15 487 9.56738620503 57.3064091279
16 489 5.11223866837 68.3047129441
16 18 40.9068135953 21.4578102986
17 811 7.41003292432 12.3133671513
17 507 6.80711364746 4.87570507722
17 815 7.12029305605 27.5436657124
18 19 41.8730470749 18.0731971642
18 493 9.32683775984 64.7231797736
19 491 9.06002757062 64.0681278016
19 20 38.3272565021 27.1176634324
20 21 25.3294613992 43.4156014664
20 31 39.6546676054 19.7642740715
21 44 5.5919664701 24.0349100973
21 45 6.07299719316 28.8832557438
22 25 9.96123762224 17.5769963751
22 1724 8.76664403343 32.4523136478
22 23 6.37133477519 36.9762280715
23 513 8.84284544431 14.870060761
23 25 5.76908707773 32.8163732188
24 25 7.51301712547 19.0423608529
24 34 7.31982379236 101.406320518
24 511 7.47213602066 7.07248188403
26 1734 11.9031238556 9.040602856
27 641 6.70820426941 8.69626356546
28 29 7.17753562183 22.8837962458
29 36 6.08909221992 88.9327238218
29 38 11.0206777082 29.5655204588
30 518 10.5276927948 6.13371828502
30 31 9.01873642061 64.4893682853
31 33 38.1019220262 33.2871502804
32 523 7.83952661812 6.95478021639
32 33 23.4244289398 38.7177284974
32 35 5.23813109159 36.5310734077
33 34 35.4779281616 11.2624375692
34 36 38.6147350895 25.7516111947
35 60 5.35368887795 42.789015811
35 55 6.15687996947 27.1084701058
36 39 33.1435288921 53.1517244407
37 684 9.75758743286 8.6655928822
37 821 9.045928359 23.5920421011
37 823 6.88516458631 19.8633502516
38 187 13.5535261467 52.8131718905
38 39 16.9052489675 79.2830334048
39 40 31.5410769479 25.6723235262
40 201 31.7466271831 33.1337444305
40 203 7.58767547818 100.966744972
41 538 6.5806388855 4.34165866922
41 59 6.95512389035 38.1547340428
41 60 5.28851838565 53.8890370259
42 48 4.96954252913 51.7547536856
42 50 7.94597714267 63.454189565
42 539 6.0860928548 33.8174961422
43 1642 9.0 13.3533703611
45 56 10.2856829818 28.7174380005
45 47 4.29008572306 54.9832099747
46 48 7.55344492404 9.77191022836
46 972 6.39060832053 15.9096665434
46 53 5.08266043647 52.7208444813
47 57 7.19389126316 33.8384370618
47 53 5.58843400531 28.8493978767
48 49 4.98811858117 28.9064450523
49 51 7.22774349079 36.7108177351
49 53 6.02871545144 91.5798118001
50 51 9.04747023701 12.1945543467
51 52 8.11614785411 12.7256998551
54 899 8.21095033362 47.8631245418
55 56 6.57267753781 37.9445662936
55 58 8.02809356843 17.2577485609
56 57 10.0837828572 12.5997059757
57 61 7.93307880747 24.5544293357
58 63 10.1598812064 19.3436674396
58 60 8.29956042603 29.3914739584
61 62 12.2537854139 11.0366346552
61 63 8.11759733445 34.1128649912
62 64 10.5007489551 21.7186555753
62 335 7.21997183994 54.9499947614
63 66 7.12694368532 61.7865866238
64 619 6.7652266408 27.9903487067
64 342 12.850494235 43.2526961293
65 650 7.43843792591 20.8122363222
66 381 5.41008160637 21.3237489369
66 341 4.89755070089 49.2437141026
67 632 5.19582051445 7.89297652816
67 1705 7.60874569162 74.9987215128
67 68 6.88826336541 16.5610632882
68 73 3.9883837052 37.0142808252
68 71 6.3446963985 62.9569759222
69 1655 9.32075421462 21.402948409
70 1654 10.676618576 12.7720397744
71 80 6.67146794735 59.1198449945
71 643 6.63631343842 6.32317167251
72 73 8.01507653799 34.6410518822
72 644 8.18273282686 11.1284377827
72 77 6.34427003626 27.6907443343
73 76 6.72336244583 10.3591746776
74 1706 6.30596938888 90.320219267
74 76 5.96249246755 28.8194975258
74 78 3.81307472544 38.7214733707
75 658 15.4339809418 18.6982619513
75 93 17.8786831654 15.7703508863
75 78 16.6061654755 45.555664092
76 647 6.32340827463 16.456524861
77 83 7.37806706982 50.8272797094
77 79 6.06235210499 43.3964827402
78 79 18.8068595519 31.4981440325
79 84 10.1046014993 44.5413064426
80 81 5.88414050984 34.1605586033
80 679 5.1085333428 10.1182734196
81 680 8.46173460956 13.9673848004
81 82 10.0200594349 22.3210333551
82 696 6.8153667943 14.4599070981
82 681 7.60474400735 35.7407086928
83 84 13.1568546295 14.2874070426
83 86 10.7067584674 54.3214506434
84 85 5.44265267334 61.5667874319
85 89 5.08625016541 53.8216662958
85 103 6.38906569055 30.9495778266
86 121 11.0505081195 14.9650425993
86 87 9.82362573758 17.3946976751
88 121 10.4765204564 45.82261996
88 151 8.8677315227 20.886780949
88 89 10.3747671536 9.6430929738
89 104 7.52273015405 42.1465699589
90 92 4.95281775961 53.5863022711
90 93 13.4671214951 11.8393573818
90 95 9.0446979559 52.4260040043
91 92 9.30166316213 39.9096208181
92 1711 10.4243203499 15.321661238
93 1561 8.69080066793 45.8491644211
94 1657 9.22931798129 18.8249632917
95 96 8.20896449914 26.6778064006
95 103 9.9345283572 30.3061208919
96 105 6.79871618606 30.1902612271
96 101 8.04083017711 61.2613769516
97 98 8.19674905151 22.0487395433
97 310 9.66574371801 23.0617530941
97 311 6.72336244583 12.0933866224
98 99 9.69692509254 28.2593578811
98 100 8.7627090055 44.9888967999
99 101 8.98288410336 24.2309892265
99 102 7.09637349019 64.869316707
100 756 9.1158393332 24.6769611903
100 999 7.78923144768 28.9868463835
101 740 6.80129241943 10.756625865
102 109 10.4803961269 14.5842270637
102 111 10.837139404 23.9044451933
103 104 8.12617764498 34.618808699
104 105 6.94226410582 55.2435380418
105 106 6.25017697107 21.7866940202
106 115 6.68047560846 34.6553915397
106 109 7.01169553545 54.1537125682
107 115 12.7466367411 52.3992053165
107 108 12.8211256823 13.6938581759
107 151 10.5835045437 57.4890285867
108 160 6.79672519645 81.6630819121
108 906 7.02414023849 14.7190644352
109 110 11.0918286082 15.5618925584
110 450 6.6596539362 41.5204560601
110 115 11.0732757286 20.3203348049
111 112 13.1110610962 6.38846616959
111 114 6.83793599494 36.7559680365
112 183 10.328588832 19.1075873518
112 182 6.33980270077 28.8143765616
113 664 6.24696773726 46.6166501559
114 450 5.16381844413 11.4655410091
114 182 5.75195473211 52.5592701022
116 1670 9.20124807838 29.6669503611
117 120 6.61630304732 63.043440314
117 693 5.27895102251 70.3573803596
117 119 7.81544469628 40.5268616008
118 1679 6.23647499118 32.9219080781
119 825 6.74795412951 16.0365114084
119 202 10.0180988312 4.50693909433
120 833 8.17712688446 3.04138126515
120 130 4.90753828216 22.7750754834
121 122 8.81609344896 47.3981287865
122 738 13.4806509888 16.071125348
122 836 9.34597647435 15.0673412909
123 1736 9.37099962013 48.0290949581
124 1672 8.04245664256 55.4768396572
125 152 7.06791997402 28.1474490196
125 149 5.93473462166 50.9080487228
125 126 7.54326122358 49.6239485855
126 738 12.937718445 16.3617088729
126 139 9.84458772273 30.1355149862
127 129 4.12310552597 12.4084648527
128 688 8.12781278519 119.643258835
128 129 6.42758089926 15.5701392024
128 131 7.53205657237 49.4155066882
129 132 5.1677881633 47.1379477698
130 138 6.40604040619 33.5884913557
130 133 6.17212621533 66.5546354113
131 579 7.69874656041 35.4647058205
131 132 4.06113784968 40.6219178202
132 134 7.63723196945 6.85451106254
133 135 9.44548773963 13.5056683357
133 871 3.89687113931 10.6361058126
134 135 7.01277406837 28.5166941064
134 1623 3.82658365343 19.1342158749
135 136 13.372992228 15.2910921852
136 586 10.9365960905 14.6778745055
136 143 9.85560999022 37.9580360398
137 1674 9.22212505341 5.98101162012
138 875 4.97082193399 24.4292307491
138 142 5.90040342375 51.779836016
139 146 5.62750577296 53.8559632376
139 140 9.82970410982 37.6061953002
140 738 10.5636954097 56.7506863004
140 142 12.1404540629 7.64123290095
141 1680 10.3989182487 14.7804224648
142 148 10.5852203044 34.6103799393
143 145 11.0902914719 22.3522370245
143 1635 9.6815776825 11.5625472972
144 1676 7.96581029892 5.01323249012
145 148 13.8008026597 16.7230478252
145 589 9.06498171955 47.8653552366
146 820 8.54759712431 8.31974408385
146 147 9.39392931822 40.141453071
147 608 8.44447254644 48.7125868902
147 148 10.3574687181 29.7613981629
149 152 5.08444122782 45.377159363
149 151 7.18503754381 18.9971643617
150 1266 12.2673218311 26.045073134
150 963 7.34655641304 26.4629269884
150 965 8.69099192773 20.4161537651
152 927 8.01680178122 87.8505845256
153 1719 6.77854347229 9.27698765764
154 1586 7.14005470276 4.65241872578
154 156 4.64704308901 47.2893610927
154 162 6.43149992622 60.458597908
155 678 7.30235481262 9.01387818866
156 1586 5.75986551801 23.9521661548
156 157 5.8541021347 4.17432629295
157 166 6.61745466837 49.5503338313
157 911 5.71059812484 4.66166185472
158 1679 5.30868026066 11.9040600707
159 1773 6.58994444996 7.60261955187
160 161 5.49686580723 28.9148659668
160 163 9.21762140085 24.8054329536
161 170 7.12379565332 58.4121914466
161 162 8.87989362084 11.050082797
162 1586 5.21548297987 49.0952731274
163 227 7.52722954229 31.8334401787
163 164 4.79389155256 53.1056662064
164 170 6.73854916525 15.8283220319
164 1191 4.69414507012 6.51778542778
165 1681 6.3304681778 6.57647321898
166 168 6.13611403682 55.7933588201
166 927 8.05233685913 10.6551080143
167 616 8.90385532413 11.305039558
167 617 6.83886159367 58.0372446231
167 172 7.0409280262 52.1650066563
168 169 9.65569031411 9.63551379923
168 947 5.83178378686 11.8279871784
169 968 6.80116271973 8.17435012707
169 172 7.17688989943 43.9253159637
170 171 8.64024715684 17.4237415313
171 243 11.1075132519 28.9206705989
171 974 10.874753952 8.13464811777
172 173 8.32041171074 27.2965952547
173 620 7.36223533139 77.331965814
173 174 8.65738697064 28.8317438542
174 175 4.90750573355 11.7422197073
174 975 6.53355794328 10.4619937426
175 243 6.5638983484 51.2052997842
175 701 6.90930723413 43.2060541838
177 1730 6.82665391152 20.8605080118
177 181 5.96198669438 41.5358153694
177 999 8.22343314559 28.0974354366
178 186 14.393162338 23.3557863278
178 999 5.47545939761 24.8108607749
178 183 9.9259542097 40.4540829239
179 1265 19.3673032448 18.4964974909
179 1252 5.73396396637 19.2694706725
179 1260 15.3407899042 42.0073754197
180 1685 6.69258213043 3.87620948866
181 1733 7.26507940527 71.2483534683
181 1015 9.41356376716 21.7583775423
182 183 5.84010300269 35.1156180948
184 192 7.69302002682 65.8711040101
184 188 14.8348253934 47.295085717
184 1015 14.4508686066 13.8792110727
185 192 4.97040089732 56.3263392121
185 186 7.9081671178 39.1323969251
185 195 5.47770202841 37.1220154707
186 1015 10.9753341675 36.222092706
187 188 16.8847309105 7.61978866669
187 1079 8.20352703287 53.6480416294
188 190 11.381526947 18.2160643389
189 1688 3.89399162202 8.68861862008
191 1079 8.5810723097 76.39109641
191 213 6.7183363705 44.9600637409
191 199 8.01168222318 14.9581312889
192 198 7.13930937375 68.7295823759
193 701 13.0816756106 10.7215348734
194 1691 3.66227769852 6.12943716829
195 1024 8.57500727546 6.24970964235
195 196 6.12258556717 39.7356187329
196 226 9.55925404728 38.7332114728
196 229 8.12267281625 41.1036662303
197 702 7.90876294846 8.02815831453
198 229 5.31664331434 88.549470432
198 1054 6.57750209043 18.286442604
199 1051 6.52102708817 2.50049995001
199 1052 5.83586625112 39.3361675126
200 238 4.84425307957 98.6999675767
200 1062 3.90011863016 5.37819559495
200 1133 5.11570310785 31.9799388529
201 209 6.5786287139 119.83918414
201 206 32.0635872295 31.6780326046
203 204 7.76723883741 20.6902090784
203 1079 5.12956602184 41.8834626153
204 205 8.19524634467 31.8793461047
204 206 9.57743540572 59.7743745334
205 1132 8.85841655731 7.12969143792
205 213 13.2136938054 15.6759679475
206 208 33.6276202676 20.8813551294
207 1544 5.58636009002 24.6385961087
207 1265 9.79468154907 22.8709969175
207 1286 7.74923565059 38.4596568619
208 211 9.00104145001 93.25221104
208 214 31.2985124403 28.7904646632
209 210 9.63906304512 29.078470795
209 381 5.71843993467 84.6742259437
211 403 7.01923072613 83.4489944706
211 212 5.41108799171 23.0390825211
212 405 6.17177686976 107.453054157
212 221 5.29327870661 46.2311274072
213 219 8.10102655558 66.4065043622
214 220 7.89553689068 105.858449754
214 215 32.4481915619 26.9114907778
215 1136 10.7201538086 34.0896245213
215 216 33.3800790752 12.7478557478
216 217 34.9336166382 10.25
216 219 5.31421600879 59.4695596973
217 218 32.1700728388 26.2816236909
217 1140 8.71338964163 38.9700219358
218 258 28.9926521935 33.8062330127
218 222 9.27839870488 50.0362368689
219 255 6.09871295369 35.9169714162
220 1158 7.90991733531 33.7547802389
220 221 12.5653504741 13.0374234971
221 223 6.59784543826 50.926539784
222 225 7.93563646973 79.8433617835
222 267 8.81600856087 36.6292777396
223 1169 6.21413036778 9.569847829
223 225 7.78864393785 16.3085210699
224 1703 6.58986145507 9.02444452453
225 270 6.79427526167 33.458256643
226 228 6.37429791791 26.3839083055
226 450 7.4000684854 70.5009643494
227 234 5.46430709772 37.7286408542
227 228 5.66044271832 21.3001322261
228 1179 8.04426736961 8.87802129813
229 230 8.4455574397 7.73996540242
230 236 4.39166135369 29.6528131885
230 231 7.3292167091 30.8119870986
231 241 7.11785207267 42.1887043318
231 234 7.86191223959 37.3224393459
232 1704 8.02823066711 7.55843899228
233 242 4.99829762305 47.4294424381
233 234 9.64770462321 12.7519889615
233 245 8.85162087592 15.6292086929
235 241 9.82992553711 10.0124921973
235 245 7.97914463749 32.6167375415
235 247 6.33909612452 68.0463121726
236 1202 4.74734415005 3.13221723705
236 237 6.25604822475 43.773095706
237 240 8.97242840059 28.4609305871
237 1209 8.58579143444 15.9685895713
238 240 6.52790022436 34.2935215866
238 255 7.82762094801 53.3455074273
239 1706 7.90808314055 76.5317444397
240 261 8.4962961718 32.5352461304
241 1207 7.52710401143 10.9619168949
242 243 7.12101296315 17.7321949661
242 244 5.58144665817 25.2021639654
244 251 8.35750034047 46.3977429645
244 246 9.84223518369 18.4107389473
245 1225 7.37456755231 11.5326273648
247 248 6.92797055355 28.6786069009
247 1215 7.96582449231 26.4463138932
248 249 11.0 22.4861068218
248 1242 8.93415058296 11.0614853267
249 260 6.1130981647 59.2730341146
249 278 7.55591278399 32.6608190614
250 1711 5.76000693542 55.427211331
251 252 8.43422137842 32.8232532085
251 707 10.973733902 15.1394352603
252 253 6.46615360364 49.8808982591
252 254 8.21790167925 31.8393878758
253 286 6.11009915623 49.2184002652
253 254 8.99284877143 14.3917034197
254 727 7.0775448641 33.794033815
255 256 8.89841400573 17.1686296025
256 257 10.7572976858 15.5644276013
256 258 5.44091002816 60.5993061776
257 264 7.52715612418 31.5301543158
257 261 6.43184047723 34.4171521002
258 259 32.2154986577 22.3599359971
259 265 30.5171289202 23.168274078
259 268 8.8504027247 73.3238543655
260 264 7.63488338923 41.6599140462
260 266 13.2111024857 9.28237577348
261 266 11.8065145802 11.3285746859
262 1282 10.4452518695 31.9465315383
262 1300 6.81192036207 50.9954251032
262 1262 13.8732731341 57.2575018955
263 283 6.6569781528 29.9507085115
263 1277 6.97213602066 11.2946890174
263 1279 10.2379900311 9.37505087446
264 265 9.72015380859 44.7973213485
265 279 31.1117632305 44.5653727327
266 1212 8.69258213043 13.9558231574
267 268 12.9169835918 11.30608761
267 269 7.39290604874 24.9579662858
268 276 15.418780499 14.5255891666
269 435 4.28518749214 46.8495206018
269 270 4.55757411992 20.2637683123
270 435 6.52435548782 28.898567494
271 272 7.75545709318 16.2968454455
271 273 4.70961151165 23.7367202712
271 1298 7.52926935189 8.3738625591
272 274 8.09165923168 36.6056185145
272 279 6.93144550822 61.3376096227
273 274 6.23950887451 35.177268759
273 276 8.8839251018 21.8019229921
274 291 6.4240519389 27.1607416831
275 1272 7.16827851072 55.2366239813
275 1281 8.0742218207 31.0281524166
275 1275 6.51848673219 27.9869179605
276 294 15.1191329582 43.8866879743
277 441 7.07987812224 79.0836138951
277 437 19.1166591644 10.5386194542
277 446 16.0409535819 27.7430477452
278 1322 5.61139992215 8.41177134959
278 284 5.81945723446 20.1402493934
279 280 31.7769927979 10.2996359159
280 281 28.8720645905 23.2835779037
280 290 6.42769895119 56.1652359092
281 288 25.7050061749 25.1216515387
281 283 17.0195503235 38.2374162307
282 289 4.62113963359 30.492237067
282 283 8.83140260882 23.151500116
282 284 6.48965364325 26.3991031294
284 285 9.09767567296 10.4960965619
285 289 4.62663996389 28.5051444768
285 286 7.92610008631 22.9875248887
286 728 8.06528987952 36.3992529349
287 288 5.36204524777 43.5092984927
287 289 6.72336244583 5.07666228934
287 734 6.84115026767 30.9599184801
288 735 26.1047841178 27.9536993236
290 1348 7.94170242281 10.5214965029
290 1341 7.17855595106 9.79424468069
291 444 5.77858176149 57.9918857271
291 292 3.79393624722 22.813500212
292 1347 4.92865037918 3.54682957019
292 293 8.06401257671 52.7957061593
293 1536 5.89933420192 19.479571241
293 1006 7.1660448589 17.6236316154
294 456 18.0627424679 19.9186647798
294 1308 10.881526947 16.9447632028
295 297 7.22501018409 21.73047367
295 1775 7.18549069408 48.1788216466
296 1721 4.97702884674 2.30054341407
297 1497 7.32512039256 22.1414213411
297 1770 6.44191930534 110.027922082
298 299 9.05497932434 12.3065023463
299 1497 9.95882623214 30.7644418915
299 300 10.9276484626 19.378509921
300 1372 7.26576304875 14.4536975277
300 316 6.83162620673 79.0718828419
301 1727 9.94241107626 20.3315357877
302 304 17.3787250519 12.5228790619
302 303 7.83669662476 19.3535526454
303 305 6.04929859622 41.0111107148
303 1390 7.07106781006 0.5
304 308 10.4386089748 24.0708421354
304 309 6.22886261817 93.5266506269
305 306 5.90801691267 27.2712604439
305 1397 4.75072878381 62.2374729739
306 1394 3.97039796003 6.55994414713
307 312 5.98648273048 39.0903184123
307 1409 8.17306603802 12.805803935
307 308 10.6155188862 16.1132958793
308 309 7.16844011456 49.344127149
309 318 8.71977163253 38.5906217583
312 313 7.68215981997 26.3891956301
312 322 8.76377204997 61.0971252248
313 329 6.61889407999 53.6377495042
313 1411 4.46668576394 19.0263230832
314 736 8.19064181518 35.1351822825
315 742 9.14775562248 13.2807843745
316 324 7.32857698255 66.6347576619
316 318 9.33249558631 18.8252403471
317 1216 10.1395618773 25.8384714244
317 1217 9.04323146067 26.7557448823
317 1237 6.55630455851 55.9861960576
318 1418 8.68541920992 4.46031209092
319 1735 10.0174309714 8.30517010948
320 1417 10.1285810471 5.15800348972
320 323 7.25393016339 32.5918968642
320 1422 8.92069816589 6.98569967863
321 1728 9.60738029373 10.466766733
322 1421 7.84330833945 24.4300881736
322 326 7.77605108352 26.5485051327
323 324 6.2241058849 18.3808980352
323 326 5.29173408873 49.867203495
324 375 7.68363774051 195.797465872
325 350 6.77425390573 59.6846100569
325 326 9.25469089396 11.5010606071
325 327 7.28471332655 29.8667990394
327 1432 7.11812261633 5.95394972817
327 356 4.75786473356 36.2289098651
328 329 9.37561930299 14.9349476343
328 1435 8.50934778465 13.3382901542
328 1436 8.94427204132 7.30068489938
329 332 6.85389042892 28.2904023524
330 1440 8.64005470276 6.90651865993
330 1441 6.99292998921 36.7335050406
330 340 8.63385491707 28.5161911688
331 1736 9.65034434086 23.2165888967
332 1458 6.96459538109 206.310218054
332 1442 7.19288074204 11.9700235258
333 730 7.596492102 21.345585102
334 340 6.58296397195 73.9864611526
334 1452 8.52867271553 38.3374717829
334 1445 9.5 10.5510662968
335 336 6.63374319929 9.51381900735
335 338 6.75454881641 13.8290218895
336 1448 6.22811603546 3.87072344659
336 339 7.02259707105 18.7789952511
337 338 3.02378235028 21.7331560293
337 339 5.57613801477 20.0960396599
337 340 4.18936599445 28.2389972721
338 1446 7.83901548386 4.11885906532
339 346 7.56134546619 82.613615888
341 394 6.19127928984 28.1883976006
341 342 11.0207101225 20.0002499984
342 347 7.50292286362 60.2915628486
343 396 5.75832344879 58.4681340459
343 347 7.80032088594 10.5694684424
343 348 10.2411081106 9.86681937761
344 1740 5.33830928802 5.49408773137
345 1740 6.43108055447 13.016167311
346 348 7.55401653816 47.0311269191
346 1451 8.57253362706 12.3945608343
347 394 5.96613050513 46.3813075613
348 349 12.8445588085 28.9200521109
349 397 12.6609203612 9.96324402711
349 1454 7.98766074653 15.7816556195
350 1444 6.73844908057 38.303008595
350 1455 7.47580696901 18.5077793211
351 1742 9.58755881594 15.6543511915
352 1763 9.08902519386 22.752197696
353 1744 10.1583293192 11.7841659581
354 750 8.76696968079 14.1566238913
355 356 6.8437527305 32.6504981467
356 376 6.45467661661 110.241962854
357 359 7.20691054884 86.6875635594
358 1456 7.6950346785 103.378703899
358 359 10.3999863673 14.3003496461
358 1463 6.5 11.2449988884
359 360 5.95325751351 38.406510197
360 413 10.8305799807 24.3832638316
360 397 10.4065577842 18.0967410384
361 362 9.3664855957 6.59336787992
361 363 7.31878001998 31.0223477244
361 364 7.29232656583 43.3954388494
363 379 5.21702344158 34.6537410261
363 365 5.17668899011 42.5517283543
364 378 9.53822328297 27.3016483019
364 1525 7.03589399517 36.379635712
365 369 4.73063785077 37.6952844133
365 366 9.31507301331 8.62699252347
367 1754 6.94976616574 16.5047192181
368 758 8.91963945142 16.8500743221
369 424 6.93300348474 32.6947620622
369 1559 5.74348833657 129.303264077
370 1609 4.82619815573 10.0202463267
371 872 9.22015878255 35.5643443512
371 873 5.22124906 39.4401478624
371 869 8.11949726865 23.2802293547
372 757 9.37489891052 8.11326075015
373 759 8.60886717496 19.6986518761
374 760 9.91612959251 18.8613392075
375 376 8.77358344805 16.8592920492
375 377 6.642663872 46.9840589268
376 382 7.39831710673 27.4899011656
377 383 7.21151937875 52.4087876336
377 382 9.21151422464 29.8564615007
378 380 7.8386322191 49.652227637
378 1474 8.54899863262 12.79918545
379 384 7.23912326317 118.588803349
379 380 7.27371146502 51.584005965
380 384 10.5471874837 25.0722051743
381 393 5.30565524989 57.0566782233
382 1477 9.08610501404 12.4132902466
383 384 5.58308086143 88.85559044
383 388 8.74049955941 49.0911490321
385 496 7.20409882521 45.1017711176
385 1482 8.39792159879 31.8598594622
385 388 6.53412587902 49.9027370531
386 1760 7.85389194983 10.8256442488
387 1760 8.15296065657 10.6854310731
388 389 7.97187688632 13.8206339771
389 392 7.10618780837 62.6991915305
389 1485 4.98063511825 5.35213158431
390 1763 9.88516426086 14.0111562692
391 767 7.93099212646 4.210106887
392 496 7.50863017432 37.6608426875
392 506 6.73543195851 44.8823879623
394 395 7.0042003321 65.9119506389
395 396 6.75562861159 28.7115348337
395 399 5.43232130782 24.8073771447
396 397 6.1925950104 76.5940340299
398 401 7.23269081116 5.06951674225
399 1492 3.771763541 6.0729130792
399 407 5.3233320742 97.6446520161
400 401 5.15909152496 14.3790665327
400 420 4.63886329444 24.5340418897
400 1493 2.05228651246 7.33295449874
401 1491 5.49592603219 13.0311684386
402 880 10.0734282055 41.7034944314
402 872 10.3487066048 44.305417276
402 879 5.57721481495 43.739962747
403 1488 7.58336794154 41.064825462
403 408 8.9359941524 86.0722989039
404 772 6.98788132217 6.68492145112
405 408 8.62880568006 45.1818508969
405 434 7.5820207293 43.5814433452
406 407 8.77454566956 5.15388203202
407 410 5.20034063108 45.9467586639
408 411 7.1195670155 30.6153298833
409 776 7.8792681694 10.925200227
410 1514 4.60894248874 40.9014679903
410 411 9.8542465767 12.7842444857
411 412 13.0771598816 14.1524732821
412 457 8.58880810019 62.5842381676
412 1500 9.53420066833 14.4115405145
413 1465 9.33056640625 9.38616002421
413 415 9.91230485142 26.0976708004
414 418 4.01990675393 14.0010291906
415 1504 9.50876426697 14.9469896635
415 417 10.4178676605 11.8723418077
416 417 8.21699047089 17.7628826489
417 423 9.82567376998 46.8603243693
418 1507 5.85945714158 19.3021784379
418 420 4.03778561775 29.4986200265
419 798 5.64873732276 9.12996019749
420 421 8.65752915506 42.0363244699
421 428 8.42426872253 7.52728370662
421 422 7.97015985957 11.0634807965
423 424 11.5177259445 9.44576624737
423 1510 10.6359951238 14.5156605695
424 488 7.6076595431 35.9237476633
425 1512 9.02803993225 8.13941029805
425 426 8.39954743695 13.6331834703
425 1511 10.3480983147 15.8486106609
426 427 8.8716164149 18.1507752451
426 433 7.265363156 30.3308236561
427 488 6.49629000155 91.1621467203
427 431 8.44149899687 31.2899001875
428 433 4.80765567869 33.8550733494
428 429 6.97381230322 63.4914544176
429 1515 8.97300570663 19.2684766904
429 430 7.75716666297 30.6960032771
430 432 10.3608830193 14.3445788185
430 433 5.69344446845 48.6963785252
431 490 6.78704185416 59.0135333285
431 501 7.40047119942 74.2363554196
432 1520 8.74252677885 57.6230659
432 1518 8.07407964478 12.0861987074
434 1521 7.30235481262 10.7354552768
434 438 7.77363693119 50.6111780466
435 438 8.25447844419 64.8375873381
436 895 5.46227274973 78.5605698956
437 456 20.6003709721 16.93148347
437 1527 14.1395263672 20.8461627164
438 1528 7.8292474529 9.60664321515
441 443 7.67369842529 7.15157325349
441 1541 6.07642585724 21.1968402053
442 1529 9.04296560249 13.4637206835
442 443 4.61782616693 22.3877067151
442 1532 7.22955031607 8.48428159413
443 470 5.60385877536 53.2958891396
444 456 13.795126915 19.6118586575
444 447 6.56144029071 43.5213051955
445 1774 6.00751124008 10.9627473472
446 451 15.6686558636 21.6650678593
446 447 8.95379724037 41.5244939374
447 448 7.53170885658 29.8437240505
448 1537 7.06200899768 24.9711256734
448 449 7.66478771036 39.4949671379
449 453 5.55942725812 66.3168690883
449 454 4.66589148663 86.3907573092
451 476 14.2535029437 61.7006916703
451 1540 10.9056940079 17.316249594
453 454 3.74827602483 34.739594513
453 455 6.5235994044 28.0821868121
454 1032 9.46595848311 37.8326050355
455 474 16.2655185389 32.8134858994
455 476 19.1301460266 8.83883476483
457 458 11.1985244751 10.0101198794
457 1661 6.12705808062 48.7237018535
458 1530 7.4472612074 67.6327505257
458 461 6.99009085686 34.2694907251
459 464 6.6794296283 31.6771569822
459 461 7.49663369234 44.4755190545
459 1661 6.63788891491 13.0189308251
461 463 10.1209537681 45.6705312187
462 793 7.39388459092 18.404390038
463 1545 6.81143949288 13.2715197565
463 470 9.64909320284 29.4736597972
464 1548 8.466218859 14.7355800741
464 1551 4.55923511632 30.5057895392
465 801 8.69779396057 13.4134261097
466 528 6.49007283813 79.7646533275
466 1549 9.22019767761 9.58775260423
466 526 11.8359956121 14.7954273709
467 482 8.23576213407 24.2467356112
467 468 5.14663508808 22.549452034
467 530 7.00440523342 86.1956171309
468 480 7.82079550384 24.0848358282
468 1553 3.80199223862 34.9696904072
469 473 7.0538970008 41.9595180826
469 476 8.26259200518 36.316629472
469 470 10.7961117472 14.6997523341
471 480 7.27219004183 25.9869007567
471 473 6.20679659625 24.5375690771
471 1546 6.07907792586 23.7846314926
472 473 7.94854272259 13.7366469717
472 477 5.33760933426 42.3677195832
472 481 9.55697945852 8.936950381
474 479 16.6056714173 32.4706299602
474 477 6.33194697508 47.5619633164
477 484 5.97637946042 34.0082845691
478 1034 11.146024704 26.8382655922
478 484 8.68334960938 16.1276160669
478 479 14.8070354954 28.9204202034
479 1033 9.82690549166 40.0447960456
480 481 7.34315170873 26.8718275039
481 1555 7.55903238511 16.3043236452
482 1588 6.52183008581 24.2077558297
482 483 8.22872222839 23.7389680839
484 485 7.05245107635 75.1255116127
485 546 8.92449113706 56.562477486
485 542 7.89777598296 51.6636258552
486 809 4.7312078655 17.6241259577
488 494 9.35537145915 64.9530681739
490 498 5.32679273931 54.0804859608
490 1557 5.73966413705 14.3389896754
492 1344 12.5415229797 8.65361196264
492 1339 10.0039128927 15.0164231913
492 1333 9.13948286138 47.6247418098
494 1558 7.95104614856 10.0306886494
494 495 5.25771889634 52.7665811482
495 504 6.47645000484 45.607538412
495 508 9.94174552329 20.2176459017
496 1269 9.7133940196 18.6282508125
497 794 9.69159185724 20.8249688215
498 501 6.59423182695 52.8852560228
498 502 7.92774586693 82.4082217256
499 500 7.63600305263 14.7185641637
499 501 5.16496858908 26.8250227145
499 1565 5.38394566748 35.8310434788
502 1571 9.80068080449 31.3681293345
502 503 4.62587176951 25.898088816
503 517 6.0188145918 45.3378358515
503 519 7.01782388987 20.5889268681
504 1269 5.87508117185 31.1146895452
504 1573 6.63690659054 6.08157640217
505 815 5.16296186961 11.3964826007
506 522 7.28045109275 94.3641481978
506 1574 4.23038198285 20.3625652613
508 1576 8.02684939694 12.9494758803
508 516 4.18779742027 58.3644012225
509 1434 8.1464186467 66.5391754682
510 813 8.10977172852 6.58027355054
512 818 6.78846689787 13.1653011569
514 1734 8.70923461726 17.7234041022
515 897 8.69642985279 29.6760910472
515 931 4.513644417 53.7246133912
515 895 8.65336818424 41.9398745833
516 1434 7.03553390503 5.9103722387
516 517 5.83506717266 24.9769407912
517 1579 6.13380820591 19.0356334963
519 520 6.95048178721 41.0047797641
519 1582 10.0320634842 5.88430114797
520 521 5.15146782005 28.7833666989
520 556 8.59406814049 59.1748615126
521 1434 5.82063256266 46.3444416343
521 524 6.10657329415 47.3857736385
522 1580 5.63079600564 32.0902394912
522 524 8.72158438405 46.6782329305
524 561 8.90646848887 88.5403941104
526 1547 7.76626762766 80.9734851938
526 533 8.04675022047 65.0419619547
527 822 5.32702567511 19.1258138143
528 529 8.73416805267 9.54253635047
528 1589 5.23592789614 13.1547779745
529 530 9.68465805054 7.82943165242
529 531 9.96814422483 15.5116470322
530 541 5.55243654955 36.5430946424
531 548 6.89556754294 52.1729702352
531 1597 7.50781524355 26.6603580868
532 1583 6.03212850329 67.6153876769
532 533 9.61995124817 12.0415945788
532 535 6.1366783806 31.7210917936
533 1566 8.47972207809 29.6506436539
534 536 8.55130290985 7.07053746189
535 536 8.82122350955 32.0143892588
535 1595 6.1622612338 9.56758635292
536 540 9.71034027566 50.4098746669
537 1604 7.19272079187 50.4615811836
537 548 10.3106498718 8.51028789172
537 1598 7.88319921013 5.47906393102
540 564 7.14931631896 42.011347446
540 1614 9.49800678987 16.5963044096
541 542 7.87361252083 22.2586013258
541 543 9.24957244638 12.9609532472
542 543 8.22919808391 66.8182635197
543 548 9.36022580758 37.5902247932
544 824 5.17794314703 7.23714581025
545 546 7.45927525068 16.768048601
545 547 6.84263262736 25.9377305236
545 1143 6.04520454042 51.9147859477
546 550 6.42603619336 37.3650175085
547 1155 5.98837084812 43.3557084693
547 550 5.01845327807 29.377850408
549 1603 5.77259377819 23.0213787377
549 1605 5.30544191444 6.00593964579
549 551 8.72013729522 17.8909790563
550 551 9.16349647588 38.227580806
551 552 8.76435030273 38.4492894907
552 553 12.0960054398 9.67470929796
552 565 9.92553442513 48.4811400764
553 1176 7.63815120931 31.9257711919
553 1154 7.61282705287 48.5830695695
554 1596 7.03162333184 25.0072959223
554 555 8.65694639728 14.9851640962
554 556 5.44345401877 54.8900583459
555 1611 7.65115356445 7.26722092687
555 558 8.3277151112 27.1062684474
556 558 8.49950422791 53.252230447
557 558 9.27200126648 10.5118980208
559 1615 8.17505072428 46.5584028509
559 564 8.25521504555 34.3904714393
559 567 6.72350535931 35.2811143794
560 561 9.37489891052 7.01783442381
561 562 9.50736622795 68.7546058435
562 1616 6.4926468666 14.7549673599
562 573 9.69897832895 23.148086927
563 828 2.14308822475 61.9464964177
564 565 8.08945523386 28.9236956285
565 1617 6.77621525606 10.5728002565
566 567 6.53479382677 21.9068267602
567 572 11.2489843369 10.307764064
568 569 7.3101994173 23.7407933972
569 1184 8.8550809488 33.1270124671
569 570 7.56270867491 13.8837252024
570 1186 5.63178904858 36.678737414
570 1621 8.17735638549 15.657431315
571 827 7.15168663687 21.3789030772
572 573 6.87201098971 44.7483299201
572 574 9.26139670075 30.6101990902
573 574 10.5513629015 15.0295374385
574 575 9.02044739457 79.3336625517
575 576 6.62123193258 61.3211323641
575 1185 8.8173781341 19.1531809848
576 1481 6.65652981534 17.9191242505
576 1622 9.33553802983 11.8919065221
577 832 6.13496580754 24.7447902752
578 831 3.7647453561 9.06217353653
579 581 5.94190645218 10.4753281572
579 582 7.69860884415 60.1424079868
582 594 6.69261198315 50.4701694416
582 583 7.37917610609 58.1392164064
583 1624 4.18198474391 18.6481415294
583 584 5.7546277314 23.1758896749
584 585 5.86947397235 39.2892140079
584 586 7.05138654571 44.5819140884
585 1235 10.8081917164 11.4388296383
585 1495 8.73287773132 3.71651718683
586 587 6.48506873177 46.2744044229
587 1650 4.90668679216 13.5173119492
587 589 5.15603558282 37.4245933469
588 1235 10.0847204214 52.1745979655
588 590 13.7331133268 38.4382156336
588 598 15.243770049 15.0217638295
589 590 12.1043052673 12.7209472918
590 591 13.0826671772 17.8346200289
591 592 8.39453552568 17.6492347265
591 593 9.83196418301 40.1590519229
593 600 12.1164967299 9.3292479838
593 621 7.15518497354 73.5911582109
594 1233 9.0 3.75
594 636 7.69709944532 137.779703355
595 835 4.62132024765 3.20156211872
596 835 4.0 3.44818792991
597 601 5.89566079694 45.3995821143
597 1669 4.94961334461 44.3991015033
597 1678 3.01997975091 8.82362237139
598 600 8.23682605085 41.5412892256
598 599 13.5189811529 14.6896976095
599 1235 5.82716007427 67.2773014974
599 604 10.234063724 48.1419698354
600 621 9.92382638775 38.569935737
601 602 5.34455293692 25.3443372412
601 604 10.3993996512 26.0209324281
603 839 12.381526947 16.2114928369
604 605 12.3309516907 8.73212459829
605 642 7.58952412349 44.6174327268
605 607 8.52003502304 20.2062917894
606 850 6.31549369759 9.62860925397
607 1687 8.11324828698 40.067530477
607 1453 6.21068144366 24.564079792
608 609 3.82002599321 31.5616994416
608 1702 4.31959629059 7.25758224204
609 896 8.65058472482 53.4804626999
609 610 9.61452348465 27.2278146847
610 1708 5.71229734464 28.7259789546
610 612 5.58946749386 23.576936925
611 1329 16.5807476827 16.8700611805
611 1330 10.0547352011 25.2650977746
611 1350 7.7240229387 107.702207711
612 617 7.16289507828 23.3030396878
612 614 9.54026678492 17.0705155165
613 1712 7.03112888336 3.65855162599
613 614 9.34620189667 9.65983954318
613 615 6.3669845976 24.6178727649
614 618 9.95405769348 9.08982948135
617 618 6.89089559966 64.1876899209
618 626 6.82671839064 53.9248926056
620 704 7.93550813161 47.8034103708
620 627 9.2431258336 70.0042454195
621 622 10.6098883867 29.7790948798
622 624 6.89570731759 49.3257969457
622 623 7.25906100601 26.6831184085
623 1453 6.62124991653 72.1440858117
623 661 11.3722305298 16.9059900627
624 625 10.8486919403 7.5541379389
624 628 9.52740431348 48.8722825331
626 627 10.3950901031 11.0377760441
626 628 7.65072972223 14.7645711884
627 629 6.37350678237 42.376497567
628 629 5.68643783739 20.0271176702
629 631 6.45310392627 49.4128411193
630 631 8.7940976706 20.9650583014
631 633 13.193771777 13.5073203027
633 712 7.52851476808 41.8398502116
633 1772 9.80051612854 12.5822295322
634 640 6.92646556345 24.4182696194
635 850 6.27848303489 8.61326547824
636 637 4.42797377811 18.760137078
636 646 5.7607011743 27.6556682849
637 638 4.97168173923 20.9139705636
637 639 7.89411168218 44.3582291018
638 646 4.76350882923 12.8898317735
638 639 5.44457777566 34.4561034176
639 645 6.19472664199 65.6964331415
640 641 8.4742587434 19.1074427818
641 642 9.73814651035 20.1993858182
642 645 15.0950899329 38.5463020555
645 653 12.9281574156 36.7308735496
646 1462 6.05219815207 36.9184809586
648 651 9.9920004643 42.0751370963
648 653 6.79245149698 74.3548091374
648 1462 6.64490768961 19.9849439018
649 1416 9.59033132662 66.9406783743
649 1354 14.3240680695 10.3664121083
649 1355 8.70105699639 17.5586588114
650 652 10.610455513 16.9004437812
650 1462 5.41998356186 70.3565398966
651 652 7.64032822907 81.4564084855
651 654 12.7617957003 39.6129785895
652 818 11.1097717285 23.5637433359
653 654 13.4296422452 15.8731662442
654 655 8.95555782318 11.5283346586
655 657 6.87940048991 30.480096259
655 659 5.06689815673 76.8952288913
656 785 5.23606777191 4.09542427595
657 1498 7.90948304308 49.8727999286
657 670 8.72551867885 87.5986754323
659 1498 7.55832270446 57.9409893975
659 819 6.33103145201 35.091740756
660 1705 8.95555782318 11.3507708989
661 673 6.33395658411 133.067022387
661 1479 10.6345890497 48.0801647914
662 859 9.24936006897 17.7557439867
663 857 6.51637935638 2.13600093633
664 666 9.70274858884 23.0067549351
664 667 5.29763389792 34.6881018221
665 810 6.06099651187 21.6026864446
666 667 6.97024726129 72.6484115208
666 670 13.4032087326 9.86470982847
667 669 8.75659627199 16.8684836795
668 855 6.0016806592 7.74427454556
669 689 5.25365029946 27.1738861688
669 677 6.72322587511 43.1201016472
670 1479 13.6950892087 13.9278872996
671 672 6.09568401201 24.2960043912
671 673 6.10268237334 63.039683609
671 675 8.5 8.91767907025
672 673 7.84107498569 34.1957952809
672 674 9.26090842187 37.9950654691
674 675 6.18142364096 58.6885169969
674 677 13.239684145 10.1109736266
675 760 7.34651591269 52.3558623504
676 692 9.18307495117 12.4278920176
677 689 7.73283407393 52.2086071648
678 770 8.76062463731 45.8763228479
678 692 9.16118666215 19.4616200788
682 1498 10.792158454 23.1427094352
682 683 5.7952168878 39.1868443576
682 684 9.12529573154 29.836328291
683 687 4.0 5.60022320984
683 967 2.05625615866 25.9894531672
684 819 4.97524118346 34.2331636072
685 815 7.60555124283 3.18276609257
686 824 6.28007665437 26.1909043183
686 687 4.29049866546 31.400179304
686 823 5.70131149493 22.1191308515
687 694 6.54463911638 44.6987583032
689 690 6.49738303295 55.4764121375
690 691 7.29765515355 37.8738490985
690 694 6.51195746426 47.6362414402
691 697 5.8739961557 46.6146937294
691 692 9.76903753296 27.8500448833
694 1509 9.46781063861 28.5960416555
695 1509 8.09902000427 8.40535543567
697 698 6.19097520045 14.1773084726
697 700 6.5 19.65
699 777 7.07106781006 4.04598566483
699 770 5.72785270991 71.6262751518
699 700 7.65542596674 47.2013565939
700 1509 7.46455364488 48.4826718944
701 702 10.74039107 20.7615590275
702 703 6.11224017627 31.3210804468
703 704 4.74329759911 24.3362769407
703 705 5.47207829831 36.4260201098
704 705 6.10278479006 27.1079437095
705 706 6.20505966907 14.7675723301
706 1776 7.21778621059 68.1873350715
706 711 7.66314776153 26.5075118282
707 708 8.31038412494 38.1805172158
707 1231 6.39775824967 24.6252815492
708 709 7.83400549684 51.290602353
708 711 6.82471896738 46.5884600719
709 719 7.7345102968 83.7023648611
709 727 7.69636153385 27.7931313776
710 935 6.39548301697 2.15522620623
711 721 6.74059053097 32.4188639234
712 715 5.86061187699 31.0610067859
712 757 9.54069213725 55.2223675683
713 866 5.87612295151 5.65795899596
714 868 8.57826375123 6.58217405431
715 716 10.1170237449 21.5513920664
715 1407 6.12751877976 64.7319723702
716 722 6.14714630902 27.6363481778
716 718 6.88204232297 15.6231385369
717 721 9.59652239773 25.3008597766
717 718 9.10628299124 59.6487876296
717 719 10.5131896662 16.338381022
718 721 6.73234945404 47.8273120597
719 733 8.18136396736 35.2097390576
720 869 4.91421365738 8.15843122175
722 726 6.8876385817 36.7725188214
722 759 8.81813624364 47.3244591819
723 745 5.66411199546 27.8633786922
723 724 3.06389121543 17.9925727172
723 726 6.04222639179 30.1063001747
724 725 6.26748299572 14.4650383875
724 726 4.88860846125 34.8046629411
725 1600 6.60909205866 7.94482044049
725 748 9.0249376297 7.9649231007
727 728 7.30200695195 47.7623999407
728 729 7.17789146173 18.038694705
729 731 9.40832707705 25.6340112741
729 734 6.51873261106 32.6767685334
730 744 6.87061814095 31.4991141604
730 732 9.20816964367 25.774402718
731 739 6.01811088212 91.2756018243
731 732 6.56791813339 34.2632742547
732 733 6.48871767288 39.3428837276
733 744 7.93451288638 16.910063137
734 737 7.68246410283 51.7205230059
735 736 24.6466800413 3.57678394734
735 1349 7.45756251768 61.7170964968
736 737 25.9594389389 21.6124818175
737 739 24.0208148956 9.20869154658
739 741 23.7331221539 17.4858569923
741 742 6.6586127236 39.7218223481
741 743 25.1129942007 35.3227955483
742 1009 8.51489210733 57.3442724091
743 749 18.8504506445 28.8309313274
743 751 10.6430320877 64.1088719364
744 745 5.70921423939 38.3916740896
745 753 7.64702666981 86.4090363165
746 1364 10.0868405035 29.1054965704
746 1590 7.44671726227 8.54400374532
746 1367 9.11108819984 73.4638356897
747 753 6.34996746277 59.442502635
749 1016 6.43487179402 55.8398991278
749 750 14.5303427304 15.7763877448
750 755 17.9010134967 34.5634559105
751 752 23.3220956725 26.7802680721
751 755 25.0081315175 18.8765553592
752 753 9.94974708557 24.2002066107
752 754 22.0970217152 19.1199778414
754 795 6.92964452647 88.701286159
754 806 17.3034444195 25.1673404466
755 796 20.2911812067 48.849616262
757 758 6.6828651118 67.2097033116
758 760 13.8050896576 11.5326021058
759 762 6.90786985083 53.3497279477
761 771 6.98315990458 70.1198678327
761 772 8.7923312668 11.5791550593
761 767 5.8788673314 31.3262046295
762 1600 4.05742530884 31.4026510971
762 765 6.7856674372 21.2829488607
763 881 8.97213554382 4.31335136524
764 1600 5.86511759885 14.3449535594
764 1709 5.22212674119 6.57074616584
764 765 8.58606211102 14.4921404697
765 787 7.10656278452 49.7742985227
766 768 7.44803906572 52.4524994001
766 779 6.93748637091 64.0328718353
766 767 8.10021541867 15.3585724352
768 769 15.8438768756 31.9998660186
768 780 13.9212216624 9.05769835939
769 787 14.4008547207 35.1967052194
769 781 7.69505124677 52.8614190832
770 771 9.23641109467 11.0102225227
771 773 7.40242577527 27.8454041133
772 773 6.09708373296 31.739173749
773 775 8.77222104839 14.0768632007
774 883 4.03665320948 23.6158485851
775 785 6.61526385566 23.2364040158
775 778 6.38424398534 58.0270865517
776 778 6.6063947961 23.9476349215
776 777 7.91416535119 23.8868947986
777 838 7.62682715065 42.3791583103
778 841 8.32860235503 21.92988544
779 780 15.0303551253 56.2560149317
779 783 16.4923716984 21.8664972743
780 781 6.46434147759 47.4696182696
781 782 8.68184389703 16.819817007
782 808 7.18079175314 26.887873302
782 786 5.01756884019 73.2272279724
783 784 14.5680777325 10.0351301693
783 785 7.71685561069 25.9077470344
784 786 7.4199824333 40.4640834597
784 843 14.8039280549 48.6306961356
786 912 7.02359078438 18.5131701529
787 789 13.5466753266 37.8817708895
788 892 4.96505355835 4.55109876843
789 806 16.4616775513 11.4159975473
789 790 9.51043617627 31.5267754428
790 793 7.85850733984 68.7882101347
790 795 6.11651410182 30.6712065195
791 894 4.43062862375 39.1330407748
792 807 6.16227769852 5.29008506548
793 801 12.4350427424 12.0329788271
794 801 12.9010286331 11.6782918271
794 807 6.16538349469 29.470753692
795 800 6.25026681682 59.0344296676
796 1067 18.5947923903 37.9587271466
796 1019 10.1506921255 34.1890547808
797 903 5.79572760904 47.8763093008
798 800 7.85094894465 9.8199455788
798 802 8.0134388874 6.82377051542
799 800 9.5 4.60977222865
802 803 7.28507042872 29.6614155013
802 804 3.94428277527 38.5763204464
803 1072 17.0690724469 14.2273566358
803 1067 17.6575667069 7.94770003097
804 813 7.8317202667 69.9125821676
804 805 9.15871982578 28.8466635852
805 1081 16.4150048581 20.9422944039
805 1070 18.8870239258 16.7630546142
806 1563 6.70285201059 39.7229813579
807 808 4.87884216618 47.5415980111
808 812 5.39021267236 32.4948192883
809 810 6.34205863113 6.78440334671
809 812 6.10295127127 13.3361528767
810 811 5.1452518737 32.3301964703
811 938 11.0160355339 25.2283184158
812 914 7.34159118511 107.272196706
813 814 8.48889001782 51.1171633785
814 1081 17.1308791464 17.2827106238
814 1084 14.9767618179 21.8099174689
816 893 7.60138935621 12.5868031812
817 899 6.92248665848 7.14692310323
818 822 5.88223873787 72.827905804
819 821 6.34833548168 28.1490282943
821 826 9.29871086564 31.4949847392
822 831 5.18424188377 102.514935121
823 826 6.32382426468 43.902240484
824 840 8.08395379431 125.796323856
826 832 8.67623994262 103.53328197
827 829 7.9842598276 19.0463188704
827 831 7.62866884295 21.8756996773
828 829 4.2034352629 28.3743785144
828 862 6.1787784349 25.6192218808
829 834 6.05636419555 42.4116234675
830 862 5.43763017654 5.43346114369
832 851 11.2128987904 27.9911593186
834 864 7.5486320303 53.2842285772
834 835 5.92797487356 21.674175479
837 838 10.3129585933 28.9279356749
838 839 11.3358707428 18.8915324947
839 842 15.8145618439 9.65012953281
841 843 15.0806097102 24.7502333141
841 842 8.72047469039 28.6849026868
842 849 12.4159924786 23.3924315959
843 845 16.2240505219 17.7286491307
844 849 10.5160592218 16.504973375
844 845 7.97232935007 39.8188306337
844 847 6.6619378261 37.4939509942
845 912 8.20626519258 58.1122545986
846 849 10.6474324254 45.4048730865
846 852 7.09873771271 63.3612895303
846 854 15.1242849287 22.6505313623
847 848 5.50219604778 35.0103939804
847 915 9.10869785914 41.9218623839
848 856 3.0581236384 22.4407309991
848 854 5.38087222808 58.2928843985
850 851 9.59016990662 6.7082039325
851 852 7.04534588427 84.4628943605
852 853 7.32028704916 68.3393455099
853 859 14.6533198726 10.5528470752
853 854 8.00557288554 31.8148677946
855 856 5.0615530014 13.0084587865
855 857 4.68885171666 18.6950362462
856 916 6.24596335755 39.5981715032
857 858 6.88213196356 20.1964948106
858 860 6.80148123226 25.4456177138
858 926 6.51334629152 27.1423208864
859 861 6.93369505327 34.6572596499
860 929 7.55528452401 81.9800538577
860 861 6.03352979679 9.90368420591
861 895 6.47413549029 51.993205737
862 863 4.94130709567 63.6806670715
863 864 7.93857115892 61.1355682199
863 865 7.69645557321 40.6114655163
864 868 10.3320031598 11.7821987093
865 866 9.83903464574 9.4107246729
865 876 7.53365443528 88.2392676934
866 867 6.12622048323 22.251405053
867 872 7.5502623395 38.3850603552
867 868 5.16955235002 34.6897998732
869 1554 4.92867404198 6.49262553039
870 919 5.03236276751 9.84354066999
874 917 8.90243911743 26.1723613761
876 878 7.41377516121 61.3855909289
876 879 7.39459793083 18.9048616227
877 881 7.64932119926 12.6205226759
877 878 7.95322025277 37.5014556842
877 879 4.69848086355 32.897485867
878 885 14.8545139948 17.1692132929
880 889 6.48987592615 45.1787357683
880 883 8.67261115777 36.4910506975
881 882 7.36430615311 19.078608796
882 883 9.52328101887 8.65337347643
882 884 9.99371051918 36.7156779873
884 885 12.8309516907 11.574109037
884 887 7.63426089281 41.3384322556
885 886 8.32986558541 57.8015654233
886 905 9.9999324257 64.6770147111
886 887 10.2862165542 13.2651142071
887 903 3.77571381528 33.7298927637
888 1395 8.0995667405 29.3888984838
888 1387 9.55760772147 27.0107082477
888 1412 5.49365607879 30.0622133411
889 890 8.83282470703 5.65022123461
889 892 5.26025102333 36.1369298137
891 920 8.33152271523 7.61679639961
892 893 6.91552182888 31.0219277183
893 894 8.21935496553 27.0317874891
894 900 10.4178676605 7.92669540225
897 898 11.1989479065 10.4403065089
897 932 13.0311165677 14.910865588
899 900 9.42327776483 15.4200366632
900 901 7.76070422738 51.4533430848
901 904 8.40305017902 28.1080234183
901 902 8.90300131521 20.0929853554
902 907 10.0623054504 6.3957016816
902 908 8.80604269725 74.8489601123
903 904 8.72538883323 14.5653650195
904 905 8.36954692712 54.8445426326
905 910 9.73507005419 89.6516014892
908 979 10.1711250513 35.5072519095
908 909 9.57659063861 51.472220149
910 980 8.50200904338 51.1763219804
910 983 9.03960343808 45.7379677754
912 913 4.38606058446 10.1594239305
914 915 6.95040450518 59.2032474017
914 919 8.87527606016 11.1620158081
915 917 12.220079422 12.3297404677
916 917 12.735969081 12.4759032851
916 918 8.93566481468 57.253467258
918 933 14.6563911705 55.1760202194
918 926 4.69293777126 36.8425867496
919 921 7.33074678083 31.9246996998
920 921 10.1178627014 7.15069926651
920 923 4.27973680718 63.1458991447
921 938 4.73665977941 50.8691339207
922 923 6.20823035283 47.3847954664
923 924 4.77200174332 20.7060377668
924 940 8.21948121255 46.4149157944
924 925 8.72370152149 26.3273970909
925 942 10.0821782463 12.6054240294
925 934 7.03234457453 57.2494899313
926 928 4.92500046552 43.9220300765
927 958 4.82260894534 33.1160648958
928 929 9.01440432976 13.1257294792
928 933 7.63359059897 24.9973760836
929 935 4.48627426482 26.1647557727
930 931 6.04395484924 4.48135024295
931 932 10.5160903931 7.70146090037
932 976 6.77700275317 87.2077149167
933 934 10.8563404398 17.8020364004
934 936 12.6395277496 25.932854405
935 936 7.9820521771 17.226910282
936 956 14.0732078563 49.7065078507
937 976 6.62996903377 105.818454994
937 957 7.70871549323 17.0770313579
937 1717 15.1223656378 11.4571389209
938 940 7.95044386473 46.7245641807
939 940 11.6478157043 8.11310667993
939 941 7.62550583697 23.6050513142
939 943 5.44659950756 52.8497097951
941 944 5.87633049503 73.6424955605
941 948 5.60344174523 28.2829817641
943 954 7.0413813591 4.38634243989
943 950 6.60300888103 40.6261693106
944 1088 7.22234738532 56.0738779443
944 946 8.33878725999 42.158844943
945 946 7.41343784332 5.93401213346
946 1084 8.40783890082 56.4301337761
948 950 7.04910607768 40.1925545992
948 951 7.88466448438 43.7976801092
949 952 6.6320973495 22.9217387696
949 955 7.41678993717 131.392961066
949 950 10.6925354004 12.6269552941
951 1256 8.81038060289 35.7559086026
951 1088 7.53983694582 31.1741458361
952 953 6.61597016527 15.0229905661
952 1254 5.40905873309 40.6952249427
953 1259 8.75123932275 18.5043664492
953 1254 5.62852069502 25.5320925283
955 960 7.70191807548 29.8083117363
955 965 5.4752176658 67.2659689749
956 1717 14.5747667561 22.5158029727
956 959 7.74947448851 63.5256774188
957 996 3.0 6.42748006609
957 989 6.45479172521 63.8393816937
959 964 7.24504648403 34.2980282637
959 1717 6.64407932823 42.7397237211
960 961 8.24532312985 8.65851300883
960 1005 6.61497650274 8.13978774886
961 1011 5.03648689421 16.4267843109
961 971 5.81189312544 16.8575592598
962 963 7.19340658188 5.22804934942
963 1292 6.9466047287 4.77833653063
964 1001 8.56305099499 3.9541634566
964 966 8.55882167816 14.0431477953
965 966 8.88757052978 24.5510747058
966 969 4.89894870883 19.1454885261
969 970 7.28153694041 18.8647728671
969 995 6.22356895798 48.5800885137
970 1266 10.4578185337 18.3830396978
970 1534 8.21551729579 6.31041247347
971 1523 6.03553390503 8.86002257334
971 1259 8.6345539093 6.29682459657
973 976 5.7328006907 33.1114121098
973 978 8.41565407557 38.4961022085
973 1026 3.8184823965 43.6155008302
977 978 5.89629832831 30.7702368542
977 989 6.76602232268 39.4330038717
977 1047 3.98371252676 27.9427214032
978 991 6.8059808788 68.266252852
979 980 5.69468782214 28.4746758145
979 986 5.38253352854 35.6558506183
980 1073 5.16860748683 31.5076011732
981 1059 3.86208125767 47.8904282969
981 1037 4.03311344945 29.6493033277
981 982 8.38243103027 5.61359955822
982 984 10.8282483166 16.5293139426
982 1078 8.42171573639 9.48683298051
983 985 9.37635316444 69.8438796713
983 1082 6.26504090329 44.1091785518
984 987 13.3960445803 15.4652973033
984 1087 8.63155174255 12.5538838612
985 1002 8.51365804179 106.272951734
985 987 5.42019487844 77.4221182257
986 1025 6.19782736066 69.1750276261
986 1028 6.80285819574 10.1130350007
987 1098 7.5375207819 34.7387688913
988 992 8.02194552361 51.0474737934
988 989 14.8275696673 19.1449874269
988 990 9.78916809581 25.4968213314
990 1114 6.8077847666 10.8024865873
990 995 9.44942642991 34.3636799543
991 992 8.55724426439 20.7807533064
991 993 8.29394626184 39.203433952
992 998 7.11343583064 26.8887976025
993 997 9.98527796672 10.002014169
993 998 6.41690493936 15.8120948895
994 995 8.68331315793 52.9306149596
994 997 6.73627177339 45.6416855587
994 998 4.95668746958 24.8894280378
997 1152 7.01965119873 18.8050782449
1000 1323 5.95171650333 26.4921491337
1000 1156 3.99515447117 15.4000645553
1000 1317 7.50049700894 65.290642184
1002 1164 7.38965790217 6.14088804662
1002 1004 8.11588569821 18.5944660079
1003 1004 5.67174450703 10.2557303925
1004 1342 8.80608725698 148.357631703
1006 1009 6.65724451595 123.905168962
1006 1007 8.88713087644 17.9336018147
1007 1008 7.99270402034 20.6416758459
1007 1012 7.57837901296 101.188785651
1008 1183 7.74288206891 6.81182520865
1008 1014 7.41209821928 22.6505835115
1009 1010 7.14892522191 31.1480360462
1010 1261 6.6018076715 25.9087384456
1010 1017 5.03168506245 53.2539634588
1012 1013 12.2090625763 6.67083203206
1012 1014 7.16396752897 43.1451968823
1013 1043 8.05826690914 67.9997262966
1013 1206 9.62916278839 13.5092560861
1014 1261 10.315720412 18.6113331966
1016 1017 7.00684402786 49.0730159196
1016 1018 8.32847252733 49.7545361907
1017 1022 9.98922050157 30.7488838775
1018 1020 6.03661344827 28.9503259265
1018 1021 6.71605069835 56.3837196783
1019 1020 6.52189520549 16.9409651327
1019 1230 7.7286567688 3.5089172119
1020 1069 5.37780296166 49.2708598622
1021 1368 8.59886188212 13.3530734134
1021 1249 7.96581029892 5.60802995712
1022 1261 8.38296410383 56.8966957597
1022 1238 8.7576341629 4.80884601542
1023 1243 9.14369706959 15.3691853898
1023 1044 9.03379961641 55.5021221184
1023 1239 9.6151884 17.9831038158
1027 1032 7.28474972604 41.7459643174
1027 1253 8.82709492306 57.58008593
1027 1029 5.62662114273 41.1793277486
1029 1438 9.6392955909 13.7367664358
1029 1038 8.13683300523 17.2600184288
1030 1264 7.61971923037 7.01418322616
1030 1045 8.82885551453 11.3054190546
1030 1038 10.3450960121 26.3939875396
1031 1032 7.40377993182 15.7983310555
1031 1033 9.79424044696 17.2587523647
1031 1438 9.81288256986 30.4733843901
1033 1035 7.02608704935 28.5325028012
1034 1036 6.14209541065 43.4163353794
1034 1143 9.69887844522 24.4012807041
1035 1040 7.95061081677 45.4757969227
1035 1036 10.0140264378 19.8057581285
1036 1148 14.8906703147 15.8229035052
1038 1039 6.3737492292 24.8565078541
1039 1328 7.28833142127 9.26989583188
1039 1041 8.79877194965 24.2947236063
1040 1041 13.0057172775 7.52080447825
1040 1042 10.507498587 30.3105592162
1041 1438 7.90481857765 36.9794326053
1042 1057 10.145180998 58.8225509477
1042 1148 10.9648688271 35.6719965093
1043 1211 6.35470788139 35.0258348504
1043 1045 8.35951279809 41.4334401561
1044 1048 6.73992539293 19.3237606826
1044 1046 7.62099777045 38.4100548695
1045 1046 6.81274758989 52.4007952799
1046 1058 12.9370834597 22.0546223127
1048 1049 6.78615804661 7.01452627158
1048 1050 7.20384821247 26.3225431506
1050 1373 6.1370636805 54.2429702088
1050 1102 8.67448882476 42.8696463002
1053 1337 3.14961094527 24.7766601939
1053 1058 9.61995124817 14.9214610545
1053 1055 7.98220632689 35.3449840772
1055 1057 16.6057679498 25.4803970154
1055 1327 8.26587900613 19.2438301801
1056 1057 23.7805291668 16.5568147569
1056 1060 7.65254607763 91.1253274291
1056 1061 23.4970096807 12.2541655099
1058 1105 7.11243175585 41.4332154255
1060 1061 6.99302695082 31.0229762791
1060 1063 5.83487419548 20.4859198938
1061 1167 17.2625254388 13.0097930916
1063 1201 8.13362758819 15.1213564269
1063 1111 5.42124828174 30.4285616588
1064 1423 9.53436444785 34.4961785352
1064 1420 5.8035866411 56.8573991602
1064 1399 10.0364721612 53.6009434556
1065 1353 6.14824546693 6.04740509994
1065 1066 7.55531063871 8.00401877556
1065 1068 8.41458095889 11.2039911642
1066 1072 8.33780975189 33.9728291726
1066 1067 4.98861005888 48.7193006581
1068 1069 7.94229882916 18.2379584813
1068 1357 7.56530043077 8.46247756611
1069 1368 7.280885505 53.3813534106
1070 1072 17.8373905685 9.06883922216
1070 1071 7.66584823089 52.426815501
1071 1472 9.9387768863 20.4909761048
1071 1075 7.16086889374 63.0634899898
1074 1080 8.03081049323 21.7139416048
1074 1472 4.14059438183 35.878006212
1074 1085 7.85345295486 21.6833696005
1075 1076 5.6386919431 27.821958759
1075 1381 6.07581250522 5.91058907145
1076 1373 7.36593595151 52.9597001258
1076 1103 7.76493272651 57.191544243
1077 1392 5.04641922138 8.80062109405
1077 1472 6.27250136372 17.7706326098
1077 1080 5.9633344296 83.7025083738
1080 1091 12.469013455 10.9675245585
1081 1085 6.68821161365 63.7035522171
1083 1484 7.47344504583 34.7102583341
1083 1085 6.37166605142 39.7986144837
1083 1086 5.83734692243 44.6327646165
1084 1484 15.4115301902 30.6143286812
1086 1090 7.00089511093 20.6988574508
1086 1094 9.62431816431 16.3876306733
1088 1089 7.30485167787 52.4940073443
1089 1257 17.3977087979 48.6074010338
1089 1484 15.5636894259 18.8941778471
1090 1096 8.71179431925 17.774333381
1090 1410 6.64693260193 3.62215405525
1091 1108 6.4161870259 55.901866286
1091 1093 9.96260378763 15.4358657906
1092 1093 7.16471862793 5.26307894678
1093 1095 6.8426843906 29.6953916604
1094 1097 8.93983095825 18.6206781595
1094 1419 7.82842731476 9.26350365682
1095 1425 8.68334960938 4.74341649025
1095 1124 10.8046693802 10.4562182456
1096 1097 8.60062305062 34.7409058212
1096 1260 7.37480350389 72.2519542914
1097 1099 8.96574824146 12.2561806308
1099 1424 5.21121192339 22.1963899361
1099 1127 7.53934747875 44.3886410669
1100 1101 4.56538428204 24.3497629645
1101 1128 9.54010873148 12.7501447974
1101 1284 4.88727405676 24.8718033813
1102 1431 11.5276927948 9.83514107677
1102 1103 12.8918067043 24.4908717634
1103 1104 9.06908625965 14.1898949435
1104 1433 4.83275179047 31.9510538652
1104 1106 10.222270445 30.178998837
1105 1121 8.31477890972 53.3478960956
1105 1319 5.59131519463 61.3233277353
1106 1107 10.4628887177 12.5981149384
1106 1109 8.8732062153 26.6072470703
1107 1108 8.60074052239 27.8630901128
1107 1122 6.84156186065 32.5535504633
1108 1124 12.3715515137 11.8207444774
1109 1437 8.18919658661 5.48930778878
1109 1110 9.74804617096 14.7353604323
1110 1121 7.56399516386 54.4131169802
1110 1115 10.4615498679 21.5171099788
1111 1112 8.14901932285 7.32038930345
1111 1443 5.32288265228 8.1144932066
1112 1113 5.41059188138 45.1421532538
1112 1203 7.70822400213 64.7587553821
1113 1121 8.32685396845 19.0113447993
1113 1117 6.80394913838 29.7176264533
1115 1116 8.75330794304 17.2345230244
1115 1439 6.01724454135 15.5779575092
1116 1120 8.03463140492 24.174556496
1116 1135 10.7201762163 45.8415750166
1117 1120 8.69022761874 14.4860444452
1117 1118 5.11488822859 40.4368306639
1118 1205 5.33032953996 41.3489314317
1118 1119 9.54152297974 8.00078121186
1119 1120 7.39040430711 28.8902051271
1119 1218 9.35799265216 32.7790879552
1122 1123 8.89397544244 14.1827299649
1122 1124 9.24990885793 23.6905275609
1123 1125 5.81471140122 35.5939603814
1123 1447 7.38523101807 3.14682379551
1125 1126 5.55949833789 37.9204011023
1125 1134 10.4331886166 28.4391207433
1126 1593 8.57071630336 10.1401065261
1126 1127 4.41894456462 57.9058782137
1127 1128 10.3927029058 8.82264277059
1128 1129 9.70430518803 22.4749403951
1129 1593 7.49090518358 29.610589019
1129 1130 5.86053122451 17.8413616573
1130 1287 5.99569233299 13.1598114183
1130 1449 4.4134124185 7.69932436545
1131 1593 9.84243583679 7.64852927039
1131 1139 5.95969725996 26.4264665123
1131 1137 5.62282248458 34.1240332011
1134 1450 5.36534062085 18.8589206917
1134 1139 5.36662302256 24.7577162587
1135 1219 6.28211943437 72.4221688974
1135 1141 11.0080627333 13.9503584183
1137 1138 10.8133774183 11.4757680278
1137 1293 8.48805878826 65.2128876237
1138 1139 7.47368956995 21.5261582138
1138 1542 6.80981717997 36.3328111401
1141 1542 10.4527619685 16.925643767
1141 1222 7.12753893001 40.8206201131
1142 1370 8.64556387543 48.0523406733
1142 1542 10.866329311 18.1859836138
1142 1223 6.928831986 50.8717304377
1143 1145 9.71563573856 21.6387038091
1144 1145 5.0602241304 31.8787888279
1144 1148 10.4621219635 28.6847084698
1144 1150 7.60181275498 24.4850870515
1145 1146 9.89399375418 14.1755952737
1146 1147 11.2616767883 19.9449241663
1146 1457 7.28170585632 13.954210834
1147 1459 8.41859722137 17.6555940144
1147 1151 12.4083368431 17.606558042
1149 1170 6.57379193126 83.7837393539
1149 1460 9.12570381165 6.7797492579
1149 1150 9.86309224852 16.403409108
1150 1461 4.96505355835 11.0018180316
1151 1464 10.1324424744 11.3024333663
1151 1153 10.1769711235 36.6725455712
1153 1159 8.10055672853 45.1066013636
1153 1155 8.96463009469 28.5716640178
1154 1160 5.98127162404 60.3506448831
1154 1155 9.77836122208 14.8343707831
1157 1466 9.5701791177 19.1847649793
1157 1470 6.53368854523 7.60148011903
1157 1159 6.78755687008 12.7033813847
1159 1171 9.71850174412 28.0475569107
1160 1584 5.6735030506 26.6003642254
1160 1467 6.36110933353 4.2342801647
1161 1162 9.57705688477 8.87426053257
1162 1163 11.1690151168 15.2636694465
1162 1165 5.27091950382 41.1694904328
1163 1168 8.48929511992 65.4097332934
1163 1170 7.58596769552 50.9684764498
1165 1166 5.44849485485 34.3307727267
1165 1167 9.25024057691 29.2772026411
1166 1201 8.5449050483 12.1356585301
1166 1203 7.15802651587 22.9585981029
1167 1201 9.46383221894 18.1814278447
1168 1204 11.6983776093 9.97246208316
1168 1203 10.2389482773 8.93563922587
1170 1173 7.99250431516 48.3601471339
1171 1172 8.69165631147 46.8839293642
1171 1189 8.71570953931 48.2532570032
1172 1190 5.80895310907 63.8397283793
1172 1175 11.8760585414 8.36512352056
1173 1174 4.20296877047 49.6794867869
1173 1175 9.37798506076 17.8174915397
1174 1476 5.97219316798 7.18174608657
1174 1494 7.60346075467 39.2549314458
1175 1216 10.2508425959 97.2366467263
1176 1180 8.27842008286 71.1770236692
1176 1177 5.77224393573 53.964729624
1177 1584 6.45756350685 25.6773835371
1177 1178 9.15261125259 7.21962130989
1178 1180 11.2510929108 8.28402076289
1178 1478 5.69963310964 14.8899415569
1180 1181 5.76425165981 58.5595065817
1181 1196 6.21087581557 28.2384677575
1181 1182 8.16154270472 9.38064539672
1182 1480 7.34254407883 8.86707392548
1182 1188 4.5458237941 40.2012764858
1184 1186 9.10953121009 18.0612826116
1184 1187 8.64946860368 54.8916496903
1185 1186 7.63853202611 14.1904991066
1185 1187 8.03606492175 42.9337640708
1187 1188 8.9004810558 22.3223832999
1188 1195 7.95649082102 34.6971938209
1189 1584 8.22637286543 26.8211697184
1189 1190 6.25296298285 33.7086454549
1190 1192 7.65323800558 22.0401957929
1192 1193 7.91449600229 19.228613468
1192 1234 10.8944207571 56.4717849904
1193 1197 7.34673357712 10.9260109795
1193 1486 7.7426404953 6.09692545469
1194 1196 5.54352876366 7.0863887637
1195 1196 4.11010179743 16.0800237384
1195 1198 7.04733788839 48.3189179392
1197 1198 5.67243584994 33.9511426413
1197 1199 5.39834594727 4.31740662899
1198 1200 9.4578401952 35.4209682951
1200 1240 8.73410703586 82.1737316021
1200 1487 9.88266579924 20.003592283
1204 1469 8.33332734025 12.6291671568
1204 1647 8.70349501565 33.5148976095
1205 1489 8.65546922678 22.5396481807
1205 1490 4.87423369834 12.8302214718
1208 1216 10.3856372199 31.605818261
1208 1210 6.26930472341 37.0991878932
1208 1647 10.2588367753 34.793174618
1210 1213 7.73455138696 24.0432959685
1210 1647 6.01899905997 48.0915414601
1213 1496 6.2726407015 14.3409772384
1213 1214 8.21859842885 23.3251469121
1214 1217 7.61037633997 62.436343319
1214 1218 6.96632654483 47.1275580777
1217 1227 7.38273629404 28.0806101131
1218 1220 6.8863255451 12.5333420037
1219 1220 6.46276598198 30.4433272763
1219 1222 5.3490144787 35.5375050792
1220 1221 4.59935234752 56.3633181168
1221 1226 7.53924087528 9.99096593887
1221 1229 7.75975052174 111.326912894
1222 1224 9.7668122199 35.6553878581
1223 1224 11.4436311722 11.0920016228
1223 1499 8.93392977273 13.2990632868
1224 1388 9.93606824404 43.4576889369
1227 1244 5.09401323597 30.528138941
1227 1513 8.60977172852 4.65026880944
1228 1244 5.56734280862 33.5076063543
1228 1229 8.53538333353 25.6981964762
1228 1501 5.6069287356 12.1518532433
1229 1246 5.64464028237 93.0186661166
1232 1234 4.61727626814 26.2018890852
1232 1236 6.72241510002 37.0690558115
1234 1240 10.3514345623 35.0524609531
1236 1241 11.7216739655 5.83095189485
1236 1506 6.24388019065 50.0288086119
1237 1251 8.81389316728 43.4516397849
1237 1245 6.36781329343 63.8717869808
1240 1251 9.11423733459 100.184493336
1244 1245 9.57812441927 11.5917399056
1245 1247 6.62524443627 53.666131945
1246 1408 6.21366226403 24.032292699
1246 1247 6.31270517416 30.7960781912
1247 1250 7.78870520778 5.39048037521
1248 1408 9.40102049425 23.4184037839
1248 1251 10.4041550739 111.576292933
1248 1405 7.66190179881 48.058766498
1250 1503 4.87344559445 10.9554763611
1250 1517 8.74081340793 14.8327940442
1254 1255 9.02617804839 11.4102082662
1255 1256 7.63174861283 34.0175064642
1255 1258 10.1188965073 29.1201820049
1256 1257 6.72355823588 59.7618039107
1257 1260 16.6980323792 11.138334705
1258 1259 7.28730901579 41.5530659481
1258 1524 8.55012451802 13.5587773414
1262 1265 16.1140673605 40.5871114489
1262 1263 9.1684743541 37.0784123817
1263 1276 10.687409591 33.2112137069
1263 1526 6.44661936846 8.48039241335
1266 1270 7.28419180978 20.1485632045
1267 1268 15.6412817922 13.5012599042
1267 1533 9.16211208877 12.4182608486
1267 1270 6.62389083711 26.5462332545
1268 1276 10.9310073853 11.5485929879
1268 1278 10.1944389511 53.3655234497
1269 1560 8.04719476281 20.0155910562
1270 1275 5.28048136895 48.3145846522
1271 1273 8.14471535377 6.53080672891
1272 1274 7.75672184045 31.3080452721
1272 1535 7.70572070246 14.8845227403
1273 1274 7.3246679306 23.0670761043
1273 1316 8.18974185639 40.4288865202
1274 1280 4.37439770038 41.9555534163
1275 1278 10.3413902659 15.8293821846
1276 1538 6.82254076004 14.1908421174
1278 1539 5.78524396451 12.0565097254
1280 1283 8.63371994615 50.4339335238
1280 1318 6.25797736229 42.4683274544
1281 1283 14.5542718387 43.2163280726
1281 1282 12.93736529 22.1588396683
1282 1300 9.34248636216 29.0520653311
1283 1329 16.8602369101 35.44183107
1284 1285 6.18562147919 29.5125883713
1284 1287 6.31457119523 24.395492809
1285 1288 5.23333305676 28.4579380563
1285 1286 10.1479369219 17.5233331625
1286 1289 11.0420188904 18.0317775053
1287 1288 6.57657039683 27.7421185452
1288 1293 8.50333053535 43.3497515763
1289 1297 8.82013446886 32.1185196218
1289 1290 5.92254125262 60.4134122317
1290 1291 9.90246163459 28.6579028016
1290 1297 5.882909241 33.6734959844
1291 1299 8.04198303999 35.4134133705
1291 1309 5.84699083519 44.0517526474
1293 1296 13.2842023779 14.2224943118
1294 1296 8.13648476508 29.6916182199
1294 1297 5.47632625135 38.7895154424
1294 1374 9.39406873434 61.5997054015
1295 1296 13.050586477 22.8285569364
1295 1552 8.19258213043 11.2641022723
1295 1370 8.96511697449 25.4111614989
1299 1389 6.75331064074 53.1139553104
1299 1374 7.5721303656 38.6875202425
1300 1305 8.72070251419 21.3143730848
1301 1531 7.13571515192 64.2393226406
1301 1302 8.51464271545 10.1647675822
1301 1303 5.41507214892 30.5701276252
1302 1304 7.28781330856 25.2887313919
1302 1305 7.15650879533 31.463543799
1303 1312 3.39547501265 26.3690499078
1303 1309 5.77026104963 9.12223845347
1304 1312 8.92611130265 12.5047685292
1304 1311 7.64243784588 27.5216289756
1305 1306 7.80800405401 56.371093409
1306 1307 6.36229130916 29.8681124945
1306 1329 7.67846280171 73.9205857747
1307 1351 6.07053039593 45.9502289284
1307 1311 7.80030965019 29.1771915256
1309 1310 5.33831424306 33.0100647149
1310 1312 8.26048749478 8.72306046832
1310 1313 6.42968305565 21.6818497673
1311 1314 10.9458845901 27.8198072996
1313 1393 5.19682205187 42.5275623094
1313 1389 5.76561458324 52.8476272496
1314 1393 9.22656962397 59.0784365264
1314 1315 9.92541349838 44.227323146
1315 1355 8.81919474213 16.225681437
1315 1415 10.4730859003 24.8990443577
1316 1320 13.0568304364 9.66675550772
1316 1556 13.2557258606 6.0207972894
1317 1320 7.54925209264 22.848677275
1317 1325 4.5112349449 26.8922956744
1318 1320 6.51675106582 24.6809714426
1318 1321 4.72261535254 17.0029017974
1321 1332 6.61188275642 43.4236007896
1321 1326 5.29621210492 32.8108093738
1323 1324 9.46669986784 8.92117182528
1323 1567 7.48816424562 16.0879623018
1324 1344 8.18240999587 22.1074304315
1324 1325 7.1845230704 50.483081231
1325 1326 8.61483847657 13.6381738854
1326 1334 6.2501340286 29.661457447
1330 1564 7.15928173065 7.90569415042
1330 1332 9.84788501099 10.8143803069
1331 1336 7.85516082037 32.7988794248
1331 1332 10.5063625448 13.5855163143
1331 1334 7.37587836879 24.5432490275
1333 1338 7.41466892066 50.7289737867
1333 1335 11.9575437604 14.3152114408
1334 1335 11.1893386841 6.45948914389
1335 1336 7.03601227167 32.3876405769
1336 1338 6.43469447287 29.3782146944
1338 1361 8.6217010556 87.295475406
1339 1340 9.42355281578 31.3578140182
1339 1569 6.47689404608 13.3722423204
1340 1570 4.92238259997 40.4709228092
1340 1343 9.79752113664 52.8265892152
1342 1364 10.2740808654 107.223852135
1342 1578 8.5 10.1717746731
1343 1577 8.25691791903 6.27297623911
1343 1363 6.7450062201 71.2543893843
1344 1568 10.3078861237 9.683491106
1345 1363 7.72153383144 44.1820990402
1345 1572 6.90703494756 33.1423478084
1345 1575 6.75994270698 27.6581908066
1346 1352 8.19517053185 47.4621647157
1350 1356 9.78578907775 11.6270288246
1350 1358 8.32860842014 19.2053979458
1351 1352 9.52769901217 7.26594711997
1351 1355 5.68486498998 38.3314274813
1352 1354 7.44277313725 42.523464197
1354 1359 6.93100722492 49.3054155963
1356 1581 5.80333894234 23.3590633374
1356 1359 9.57806387553 31.2437113023
1358 1585 8.39941290126 9.97205713287
1358 1366 8.69143420103 49.2945673705
1359 1360 13.5666545491 15.3526860115
1361 1363 4.68085425682 56.6068627123
1361 1362 12.823657806 11.4536427653
1362 1365 9.26905536652 12.0784932835
1362 1367 11.1414693099 31.4962299331
1364 1592 8.44139969653 12.0947101932
1366 1587 5.83390426636 13.407553841
1366 1428 9.03112888336 14.3555738304
1367 1428 9.78359922765 68.2693997815
1368 1373 6.68120519782 41.9691560113
1369 1370 12.3659937242 10.4377982989
1369 1371 7.43827526679 24.5029730928
1369 1380 8.85896839202 54.4096276076
1374 1376 10.5749912135 13.4154591414
1375 1376 9.47916313513 10.8695250466
1375 1378 9.02131314121 27.4191647199
1375 1391 7.93746740691 75.270629121
1376 1389 6.46412677004 46.1831422618
1377 1378 9.0 15.9176788509
1378 1379 9.45406916725 16.7291558441
1379 1601 6.64774720231 57.2203977259
1379 1383 5.35575382317 31.2451171924
1380 1382 5.10808545441 64.7235852117
1380 1383 6.95801675735 26.750750912
1382 1385 9.0 10.854146673
1382 1386 12.9824754601 8.73838098114
1383 1384 7.78391385646 35.996224746
1384 1386 11.2510929108 19.4967946083
1384 1387 8.65762058458 43.3291875662
1385 1400 6.97011269837 29.1964514806
1385 1404 5.98119136487 77.2974687417
1386 1602 8.52079772949 12.1121839484
1387 1412 5.63371012583 57.8061050322
1388 1502 8.23933710997 23.2470429455
1388 1599 8.64005470276 10.5130870823
1391 1393 9.92801718342 40.9695728502
1391 1607 7.86294786588 30.0730500954
1395 1396 6.2336467195 17.4427862512
1395 1606 4.63029154872 32.1356484084
1396 1608 6.33883427104 33.9577019826
1396 1398 6.34035443238 47.5261814305
1398 1414 9.99861819373 71.0242916191
1398 1399 15.9546508123 17.1281516995
1399 1610 9.17611128525 14.8556386601
1400 1402 8.02806934777 36.6114720471
1400 1401 8.95512771606 6.75425791631
1401 1612 5.14005470276 7.92227871259
1401 1613 5.90640657588 6.26139913893
1402 1403 8.27894973755 7.05159556413
1402 1406 7.10784862991 29.504989547
1404 1413 10.5801107809 32.3658071854
1404 1405 10.5462530679 50.8551865595
1405 1406 8.28164477134 19.3741697351
1406 1408 4.53165283323 33.0567789008
1412 1414 7.76500983696 24.1149712698
1413 1618 8.3541021347 6.76017751246
1413 1414 9.93300498526 26.5546763851
1416 1426 7.2978786347 49.0362709512
1416 1420 8.56568570322 25.8869386411
1420 1423 7.96835214266 28.8989724426
1423 1426 9.80615788169 70.6993680193
1426 1430 15.7937841415 8.63495801959
1427 1625 6.40312433243 0.5
1427 1428 7.82591566735 54.0714229514
1427 1430 8.08406934974 75.9086817845
1429 1430 11.6832990646 15.4507281382
1453 1479 7.86806346965 58.6156333573
1468 1609 3.81442620219 6.33476628528
1483 1609 8.10380073491 50.87348026
1497 1763 6.66268175276 143.00811144
1508 1725 7.56666278839 4.24264068712
1522 1726 7.61601763624 8.16576768575
1543 1661 6.18252897263 4.23792402008
1550 1729 8.00766944885 12.5535851453
1561 1706 5.99419461356 41.5119830961
1561 1710 7.6726255085 35.9278119721
1619 1620 2.11803388596 1.97800404449
1626 1627 5.32242822402 7.91316192405
1629 1630 5.89291577073 44.3881150095
1629 1646 5.86899947313 76.2314784407
1629 1631 7.14103995001 26.4102190547
1630 1634 3.77082414145 71.3262296783
1630 1636 5.62959230296 49.6101777756
1631 1632 7.26801504014 14.0536460766
1631 1649 5.95264729424 67.1133593767
1632 1633 5.27744960785 4.87647413609
1632 1634 6.61094410051 12.5729077853
1634 1642 10.2804869362 12.0380752723
1636 1638 5.93358458904 15.3617165165
1636 1637 6.14065503087 25.4834651611
1637 1638 5.23688812782 34.2253175178
1637 1662 9.45459820586 60.3636085016
1638 1640 10.4921127813 9.66119994682
1639 1640 7.99840868086 14.0803235815
1639 1665 6.63505158024 41.4243325827
1639 1666 8.48270225722 20.2949695357
1640 1644 5.95459684896 77.862268563
1641 1656 7.86646014773 56.273367739
1641 1642 13.6333175756 8.64005494464
1641 1643 14.3454399109 8.25378700961
1643 1656 7.5241554894 74.4365333976
1643 1645 10.4562982239 26.0160229724
1644 1666 13.9210067384 35.3682051161
1644 1645 10.2083819453 20.0471943174
1645 1684 9.49185853685 51.690863916
1646 1648 5.62853219072 46.4812849591
1646 1649 8.0304129273 10.5388881208
1648 1651 10.4628887177 10.2206898006
1648 1652 6.25980624352 34.8825385872
1649 1651 6.49298464056 54.021676447
1651 1653 7.16071302348 28.6004353025
1652 1653 5.84407132453 21.067285141
1652 1686 6.08071141615 41.4796016899
1653 1693 6.44652047605 21.1285464352
1654 1659 12.7719408576 18.3387632878
1654 1694 9.39778007554 38.1177438168
1655 1656 8.44567751302 52.9527365251
1655 1659 12.8095741272 14.457696912
1657 1684 9.74496286913 33.4579531975
1657 1660 8.95105915523 37.3930099876
1658 1713 6.18515226632 57.526984705
1658 1660 9.20165582649 29.2514839173
1658 1695 11.0298067727 59.3878775509
1659 1660 7.85180004546 53.3710963775
1662 1663 16.0570998333 15.58236123
1662 1671 9.77908383962 26.7798431661
1663 1664 11.4641628265 12.7641098397
1663 1737 8.31885318674 122.615343656
1665 1671 10.8284339467 27.616344798
1665 1670 10.7556700963 24.781293348
1666 1667 10.5242898024 29.9964104104
1667 1676 7.41601588507 40.7995484059
1667 1670 10.9447971046 19.5941317746
1668 1675 6.13403310323 35.3817221223
1668 1747 6.20972563101 40.9034301839
1668 1671 8.37023927794 24.1034716069
1672 1736 48.1373330237 241.207914984
1672 1739 54.2853330003 55.206703208
1673 1674 8.73907470703 7.9865511956
1674 1675 10.4099493046 13.7200020205
1675 1746 7.35748598007 19.7842370173
1676 1677 8.24381067523 23.5363755632
1677 1684 10.0073245608 35.4243503417
1677 1683 5.54445354415 75.3276836481
1679 1681 8.40115734188 23.6627721436
1680 1681 8.80543700772 44.0960386398
1680 1753 13.1125907898 10.3966340707
1682 1683 5.18618865524 38.3112268271
1682 1718 7.23819402291 26.3591637917
1683 1754 7.18458778359 75.3017050427
1685 1688 6.49454515243 52.9804551993
1685 1686 6.69562672362 31.2230560142
1686 1693 7.31439144725 68.2436715616
1688 1707 6.3888145905 55.6649256915
1689 1698 7.74159103195 56.9138104224
1689 1691 7.28538322449 6.00083327547
1689 1690 7.62310552597 8.68331733844
1691 1692 6.12586385483 15.7192120111
1692 1707 6.67676849092 64.3244414068
1692 1703 5.17704002772 20.814459684
1693 1694 6.85353970993 22.5110435575
1694 1696 7.79552091717 24.9705399682
1695 1696 10.5738973958 32.2477688182
1695 1699 7.86549135508 34.3050063663
1696 1697 8.6027194741 27.5149217231
1697 1698 13.2586083891 12.1385208863
1697 1700 8.40108373959 42.4213931058
1698 1703 6.04815398946 58.3071093658
1699 1715 6.50497715721 34.1543662628
1699 1700 10.2648200989 18.9516490048
1700 1701 12.8437576294 10.6360236931
1701 1715 5.85385795921 69.886643519
1701 1710 9.51656889826 84.464519324
1704 1705 9.50623957272 18.9496701818
1704 1707 8.53977143722 45.1787725283
1710 1711 8.80355929449 28.1484953036
1713 1716 7.8608718375 67.0027741755
1713 1714 9.69228935242 6.82825014187
1715 1716 7.11361448753 32.3402501834
1716 1720 8.95917404954 64.0646739308
1718 1723 8.9397218739 46.4630991188
1718 1719 9.81600952148 6.41580080738
1719 1720 7.04460878061 76.2058053078
1720 1721 6.03325631731 27.69960595
1721 1722 8.86623796467 24.7686041336
1722 1728 10.4272494851 22.1536804473
1722 1723 7.94996007359 43.739842732
1723 1724 12.7840873854 26.4256428262
1725 1726 6.30437938075 32.2198771796
1725 1735 6.98477468868 108.746467601
1726 1730 7.01988683482 91.1760660754
1727 1728 12.989862442 7.5
1727 1733 8.05440642787 46.1609412399
1729 1731 8.11219120026 6.09261848469
1729 1735 7.39129768031 26.1460294131
1730 1731 5.59974833202 17.0294020849
1731 1732 9.14005470276 7.20850192481
1733 1734 10.9245231057 14.3125818775
1737 1738 57.242950151 31.4039677996
1737 1739 57.6341171265 27.4590604355
1738 1746 6.3115211255 76.7486821984
1738 1750 49.2169423867 41.6296819677
1739 1741 8.97018574755 91.6927614373
1740 1741 7.84292196628 12.3953231563
1741 1742 8.6425971627 34.1689836985
1742 1743 10.5426348415 9.67513589944
1744 1764 9.41978645325 6.5192024052
1744 1765 5.43878448987 55.6023801415
1745 1758 7.13034896732 21.4985136638
1746 1749 7.22736333277 18.4623262693
1747 1748 5.79806793285 30.0505172944
1747 1753 9.05463425468 48.5613851219
1748 1752 10.8664063791 71.4265115332
1748 1749 7.6954537306 11.8258775928
1749 1750 5.2032224606 64.5473612469
1750 1751 46.1339566768 20.7289982599
1751 1752 45.156492147 10.2454998164
1751 1756 7.49553029763 88.5793360068
1752 1755 42.9924220509 38.3834783773
1753 1755 7.89833820448 85.8940772114
1755 1759 35.2882843018 28.8300624349
1756 1762 5.84005058945 38.1599091477
1756 1757 7.53553390503 5.05222723163
1757 1777 4.70497087107 42.8079351679
1757 1758 8.55907555426 26.4313111933
1758 1767 8.4120392676 13.7058381721
1759 1761 36.0539319685 14.3230183827
1759 1762 6.560274527 55.010505271
1760 1761 8.44197917074 59.0370652103
1764 1765 5.58363839708 32.8585145943
1764 1767 6.24643908106 53.2121931089
1765 1770 11.0314746859 10.5131749175
1766 1769 5.8017399194 36.7130964454
1766 1777 6.47862719841 22.9939592143
1766 1767 6.59929355529 12.1917952645
1768 1769 5.69847408803 21.7474305792
1768 1770 8.59629563597 15.4111410145
1768 1773 6.8514400216 25.0160036562
1769 1771 6.69451715715 25.183742283
1771 1774 8.82496492446 9.40508224512
1771 1775 10.0151573863 12.0237542173
1773 1775 9.29982346992 12.902223647
