0 1124 9.27943706512 7.71897013856
1 620 4.01806923713 20.532424128
2 1459 4.39860681468 59.8260230892
3 516 5.57860963033 7.90405493389
4 352 6.86937353607 80.9721731329
4 292 5.99950401558 101.738391569
4 302 7.67248615318 73.470084996
5 996 5.86753611982 31.91456989
5 917 5.33983798204 50.7059225217
5 990 6.16064396467 71.4888934932
6 1125 5.80882269504 24.7592719736
7 1130 8.83513253654 22.4406176861
8 1412 4.84807187793 12.4221367531
9 244 4.55110501357 77.1975662798
10 224 4.10038441077 25.6585102767
11 836 4.54006753078 15.8641217508
12 1412 6.51637935638 3.57945526582
13 1412 4.70829440109 11.2278834723
14 525 3.92237866539 42.3577803072
15 1414 4.99777113938 47.420296785
16 1135 7.03553390503 36.7916090977
17 225 8.1542339325 2.22036033112
18 1416 3.24298432506 20.9278244049
19 1140 9.20380020142 11.7818716679
20 1414 3.52277610273 12.5911028013
21 505 4.34372507324 79.3606005495
23 1143 4.62961766647 14.6665888925
24 525 5.55051316395 70.4751121678
25 1411 5.20453333838 94.1408660823
26 1148 5.68843760455 67.0819387715
27 227 3.13139396582 20.7519589194
28 1419 5.75435225748 36.096344244
29 520 6.03848737205 14.1456343071
30 1144 3.38546590248 8.87892990992
31 1144 4.73606777191 5.82580466545
32 1419 7.38525606014 18.4735991572
33 227 5.21654950647 51.9429467747
34 623 5.00640701721 37.7169643525
35 1143 5.56891344435 14.79125666
36 672 7.35680757651 17.2748315822
36 617 5.58589229825 73.0970251268
36 669 5.78993460507 61.5465472997
38 842 2.98105850676 16.8467428689
39 231 4.71565962047 55.774018918
40 526 6.51775220338 19.7044561383
41 842 5.30375741588 4.08548688693
42 532 4.13656049541 14.5782144267
43 1420 6.5 5.92663479556
44 1421 5.53553390503 4.89540600972
45 676 5.60239940874 68.7627478578
45 1510 4.87711226916 73.6972028856
45 679 6.59765171513 24.0688544394
46 877 5.57698123128 296.434511363
47 240 5.45279042259 27.8786713188
48 774 4.01684511859 31.4659029387
49 534 7.69258213043 8.96172416447
50 1430 5.01255789861 8.86370613238
51 239 5.22056927246 95.0897710797
52 240 6.08504390717 4.03887360535
53 537 4.58917441929 24.2554001436
54 537 4.73471767806 12.9701138911
55 1349 6.02998924255 5.33666562565
56 538 5.7444011892 16.191550513
57 236 3.99176307649 74.2011174142
58 1158 4.10621491146 13.5091189738
60 1312 5.11661553997 83.0477058303
60 1067 4.85900434506 19.4323086415
60 1335 4.51562477344 30.2031940911
61 1429 5.64434753386 9.40600792673
62 800 3.09950523904 29.109864702
62 689 4.89135042263 65.7745541553
62 708 6.6472498537 40.1510255178
63 245 4.10055833741 29.6033568811
64 287 3.25518979432 43.7588363822
64 317 5.15909178401 98.9858307524
64 319 4.52607451276 55.2511078996
65 1157 5.30363761408 95.4137175808
66 224 6.11398935176 29.4359378792
67 1431 7.07444382014 14.473108579
68 857 5.64621035731 49.4808254622
69 1160 5.09117984724 11.3714654057
70 1432 5.50022519816 22.724340275
72 891 4.66200011645 62.0992163714
73 563 6.2540772794 40.1527907758
74 1430 3.9110733428 23.2062870612
75 969 3.51843846909 42.1251591342
76 1163 3.95524173414 50.1343989975
77 863 5.14134471114 64.0691701074
78 547 4.15406514463 17.5877940793
79 801 5.30730525282 13.7057703146
80 547 4.85009262517 32.5512102367
81 339 5.98268712547 18.4185627806
82 257 4.21201598395 65.6172901583
83 801 4.60071907615 31.82224445
84 1435 5.3056568021 106.422145854
85 861 5.41530249279 48.3113462534
86 551 5.24101783011 12.672653357
87 88 5.12144483622 44.1878956499
89 861 4.87221358967 38.6281164056
90 832 5.89177211465 8.32222792959
90 804 6.15822947745 11.9602107914
90 903 4.94058890511 7.65651056438
91 559 5.57148477829 10.8407127464
92 559 4.09869186435 26.0019843533
93 1442 5.23064253463 7.76771491255
94 1451 4.12491955928 25.712254734
95 1440 4.33549796715 66.100807953
96 866 5.97939876316 48.4897558035
97 869 4.75325382892 46.0535802584
98 1451 4.54848744352 9.69055509753
99 560 7.02164554596 5.99770789552
100 1440 6.03553390503 4.89540600972
101 868 5.23748287966 13.4073339616
102 560 5.95354904081 41.3266119538
103 868 6.84347936118 4.96651718683
104 1441 6.24223363305 12.556631284
105 1442 3.7589100924 27.4180772451
106 1194 4.10590499712 39.5258987291
107 704 6.86767534358 30.7167391005
108 562 4.92242356673 55.4454147281
109 1362 5.57910339136 66.1667810638
109 1187 5.52900691694 42.5818388327
109 1183 6.08292893704 87.0436995134
110 563 5.34164561006 50.3538577909
111 715 4.23711473058 28.4819993568
111 716 5.12844448931 41.3475693333
111 989 5.09421257149 9.33731473186
112 113 2.53574997818 38.7331768364
114 872 3.68459657729 50.5628713427
115 1160 5.36637448525 50.6143724341
117 1121 6.40201980367 80.1725130356
118 1446 5.52718569083 10.5217872556
119 1446 4.62761110391 14.3891948023
120 1479 7.30778358192 41.2723945787
122 569 6.91913105237 21.9596889428
123 371 8.14083368506 244.980940229
124 1452 5.36687019424 73.1233875241
125 897 5.45038592338 38.7483891287
126 273 4.28827867181 5.11655408851
127 1450 5.5851490636 13.8946940105
128 273 3.6546177344 6.21788577161
129 879 6.38649166296 6.45016891814
130 879 7.25922679901 3.79011873165
131 569 5.73463154511 40.8678963613
132 276 3.8625402032 41.3955317577
133 134 2.53224754333 4.25256835826
135 1372 4.75873459484 51.7354288494
135 1364 4.53007194035 50.620885232
135 1191 6.11942978233 69.7693873329
136 1265 6.04395484924 6.45174395028
136 1298 6.88552985309 11.238690787
136 1266 6.72336244583 3.31436268384
137 1049 7.46704897099 151.184847523
137 154 6.68055768331 110.138970406
137 1370 5.45780373742 26.7815411635
139 1188 6.03349069037 38.8739028365
140 889 4.81240799633 52.9808398877
141 575 5.31315675894 17.0308915834
142 281 7.00463359877 4.70347051503
143 1388 5.75264959578 420.30766322
144 281 6.80788660049 4.2687820277
145 575 4.31975117741 9.94952027722
146 1186 4.67367457789 24.7851833502
147 267 4.1763699116 47.5652825802
148 1455 5.47969986397 83.0354105494
149 939 5.24996360703 77.3854770511
150 578 6.69258213043 4.6930800121
151 577 4.24634704354 67.3332921637
152 268 5.55836860284 8.67000892303
153 1189 6.20565439563 32.6100609579
154 1374 20.6632426085 41.4761195007
154 1385 20.1678076279 67.0844011827
155 581 5.27513784372 9.57518011229
156 1453 4.506295929 24.2530293806
157 290 5.01888057116 40.7205907172
158 580 6.7467008196 15.9842252199
159 1453 4.66256711111 27.3314033595
160 288 4.22537430738 75.9768205054
161 1043 5.25479562075 15.7099175934
161 733 4.99880695646 28.635854872
161 727 5.40248118504 23.6534248293
162 291 5.26032084927 17.4389950307
163 581 5.14007470342 48.1320455556
164 731 3.60634306827 54.0236678902
165 166 5.90721955501 33.2040027603
167 290 3.20237333369 15.4982052462
168 615 4.15907200638 26.0357179814
169 1041 5.08429375611 84.0629237507
170 588 4.53088152031 70.3588058144
171 608 4.83428738133 37.1666263028
172 1041 5.92920684814 5.27944125831
173 899 6.27650029846 11.0269432817
174 295 4.4284384056 33.8903840683
175 1421 4.56656029584 104.522779098
176 1194 4.86230249392 49.7124151178
177 588 6.31061434836 25.7121739455
178 890 4.32436920171 25.8803317147
179 1508 7.82623767853 5.48178802947
180 1400 4.72230929412 42.2813180015
181 510 3.63953369855 18.5809206215
182 593 5.30676280481 11.6809792314
183 899 6.63631343842 4.50111097397
184 1508 5.14620966998 27.7895523359
185 900 7.02045833607 22.8453162648
186 1420 6.32358457512 319.928986011
187 593 3.20825334116 27.2584576891
188 1463 5.98228868425 26.5162807923
189 304 4.84273063468 6.19404095117
190 597 3.79703673853 38.4819761106
191 904 6.66142503496 17.2773067101
192 304 4.73051857726 34.0462290412
193 1199 6.5556640625 2.73358738657
194 1457 3.44953012309 31.8676463306
195 305 6.39889720435 10.1607975334
196 682 5.85486030579 4.10761487971
197 607 4.09410797625 111.863980519
198 907 6.33263731003 3.55316760089
199 1200 3.6184398958 45.5178663026
200 310 5.22559063606 72.9180948207
202 310 5.86207307108 15.3246958325
203 1205 6.03864447795 32.7487014029
204 805 5.52173464139 160.052331586
205 909 5.6779359599 17.7275646654
206 1456 3.12419185249 62.5773157456
207 910 6.39619376164 7.89504028244
208 604 4.08506588789 32.5952864425
209 605 4.93502207143 5.52941947881
210 605 4.51108521889 21.587747814
211 1464 6.02203250446 35.0272611314
212 1205 5.77770354575 58.4020589283
213 1465 5.59589405695 7.03637982207
214 606 4.54374055982 53.0857895397
215 239 4.64982797563 41.363799944
216 916 6.27704606535 59.4334041896
217 918 4.92135802688 75.0942932917
218 611 5.30710337043 91.7454044139
219 226 8.63908507036 210.023609117
219 229 7.30771551847 73.0542740064
219 223 8.3225343595 136.914047518
220 611 5.11831516149 12.2729592986
221 235 7.55350773782 117.758371568
221 236 4.79986195698 40.9242530376
221 223 7.552217722 112.976451896
222 1213 5.71914765524 16.5356321484
223 243 5.96408717945 66.7026777081
224 245 4.81082514249 42.4197100081
226 258 8.4262386405 105.2579989
226 230 5.97257427138 69.5327716807
227 228 5.99908395457 30.5894014207
228 233 4.70675137758 36.8566422499
228 229 5.06197952781 40.0593240852
229 249 6.56327652408 82.5779739065
230 1485 7.5065755885 39.5279347143
230 231 6.08827744453 92.368364618
231 233 6.21745988958 22.219686542
232 233 6.20574274966 23.0853448693
234 328 4.48682200365 51.7757224141
235 307 7.0293262336 177.828081093
235 238 4.89310533818 47.0251059908
236 1349 6.10464718777 67.6021450921
237 328 4.54237393837 53.8673400038
238 241 5.65897760491 94.6397197228
238 239 6.95507036239 26.8581013039
240 241 6.38909923384 22.9713438822
241 1349 4.41998543638 45.7069304962
242 625 5.4612534539 14.5770133087
243 252 5.96595683687 98.9452849814
243 244 5.90919317003 68.536917466
244 245 7.40016018144 11.1978690731
246 1227 3.95121297104 53.9011111622
247 329 4.82055753869 5.90946175572
248 917 6.22811603546 4.17851648316
249 283 10.0990200043 164.415479806
249 251 10.0 32.6190895029
250 1217 5.25919165985 31.8158548573
251 254 10.0271598579 145.367018268
251 255 6.47114602699 54.8295701834
252 313 10.0075132154 155.809824043
252 254 11.6363880259 15.923550357
253 615 5.37614926073 7.49545752787
254 343 6.6565418797 134.616448055
255 340 6.06894869264 56.7287086308
255 341 5.72671270532 57.8784137199
256 616 7.30788660049 3.98120584748
257 288 4.83070715425 47.3587574058
257 341 5.26279443018 49.1633577954
258 259 8.73716744315 113.032100976
258 261 5.52407899611 55.3989743199
259 265 4.94137268481 62.2058234508
259 271 8.57567745458 117.674085101
260 920 5.13535715948 17.3763806689
261 1270 6.0615530014 8.16471065011
261 263 7.16827942516 14.4666599277
262 617 3.40638040823 41.8064910313
263 264 5.56377074864 32.8323322436
263 267 5.33561043523 27.519141113
264 1451 4.93435394056 31.3337730122
264 1485 5.52691566333 48.1607679894
265 1363 5.01799524088 88.6163431063
265 266 7.68182003495 10.5693223341
266 274 4.46426330973 52.2906096498
266 276 6.19080855106 32.7790673738
267 268 8.14723074776 10.0277942138
268 270 5.22263440847 100.952767767
269 617 4.01380279228 29.579550386
270 276 6.62875341704 18.6193116174
270 293 4.95077668253 54.2081667946
271 373 8.74254020582 132.785754086
271 277 5.56294692011 70.4683709084
272 1218 4.27113237554 24.364379758
273 274 3.74349055371 27.124645204
274 275 6.23052984186 32.8207675893
275 281 6.07888748784 61.7804749343
275 277 6.16582685562 50.72115137
277 279 7.59727048837 37.7700127063
278 1217 5.0823183835 79.8601018153
279 387 4.33608377778 111.796824996
279 390 6.26109003802 69.5996410128
280 1419 3.55456495903 55.5213357424
280 1404 5.19150081216 34.7617574457
280 1495 5.13479133557 46.2179054854
282 930 3.9890871196 27.5421606156
283 285 11.988681335 43.0732684886
283 289 7.6436261823 89.4806130914
284 285 11.7842876899 83.850612151
284 302 7.15677709632 90.846819304
284 293 11.7367672365 73.5283857033
285 1485 6.25535888767 84.0737195885
286 921 5.47934084063 13.536134356
288 289 4.79019517997 50.7651774191
289 349 7.3577325693 76.0348014416
290 291 6.10619933826 31.4764268436
291 292 6.16603023222 73.4727226115
292 349 4.71327159366 93.8445414428
293 297 11.5997164038 90.2734727696
294 1053 5.72687149048 5.26117857519
295 296 5.94256924844 24.3045357932
295 1508 5.62223499037 32.2656322071
296 304 5.41051271713 94.3400564633
296 302 4.96159128136 54.8156664793
297 300 7.29988050984 102.163650334
297 390 11.7907284997 71.4121235028
298 625 5.6682773068 4.33272882549
300 456 8.2370663622 68.4154266945
300 450 4.87687794997 32.2207305431
301 324 4.32873056028 30.240714531
303 927 3.30483620506 28.4301919044
305 307 7.67043374619 56.8877778577
305 308 7.28126925386 150.675702531
306 327 6.80857562961 8.93313741476
307 314 7.27851767577 115.364594036
308 534 7.18873569751 266.259691313
308 319 4.36270721177 41.9732295203
309 623 4.85223804101 88.07947275
310 320 6.00027580378 88.0321139575
311 337 7.14577915424 141.890778029
311 314 9.61699965196 74.8611652502
311 323 9.42747154886 138.963100803
312 930 5.07892227432 13.5842209544
313 314 9.87353558727 129.06077346
313 333 6.70076099295 138.310688955
315 330 5.12133924276 70.5287215326
316 921 5.56887779085 6.6958886017
318 932 7.14108514786 4.42295150324
319 320 6.19366746713 29.356772464
320 323 4.85485229738 57.9975310475
321 1225 6.42248296738 9.41607667768
322 620 3.76148887549 28.2343017401
323 326 9.33094551463 54.1594087437
324 327 7.4780753657 19.3931806654
324 325 5.50602868439 12.3936117614
326 536 8.81477942769 156.550790142
326 545 6.59094951238 86.8449936697
327 545 6.04834511408 86.1438791507
328 332 4.18866464636 28.6329547355
329 330 3.92312502454 37.358587605
329 334 3.76561168049 51.8832470229
330 332 6.94533360503 19.6637927682
331 1226 6.11797277978 22.8538660664
332 336 6.84944858221 69.5394173578
333 360 7.34395140712 222.991787278
333 589 6.41471309706 112.244079861
334 359 5.00001785972 28.8121210674
334 335 7.61577320099 7.40354644748
336 337 6.42943473587 58.6924009517
336 589 6.2186657035 96.199476667
337 548 8.72413379119 23.6462655197
338 402 3.58533973088 30.2770348338
338 598 5.45359011 109.532790027
338 414 4.70762105035 57.6038716663
339 424 4.60245718166 38.3746377759
339 340 5.98530643917 44.5373111834
340 344 6.51546168834 55.2116325413
341 342 4.99419617338 31.4418858462
342 346 4.75170105531 62.2357137502
342 347 4.21094313564 91.2906159198
343 601 4.97718896686 95.0203750104
343 345 6.71840764114 51.477548962
344 345 5.47276232133 32.4386743196
344 346 3.73764787868 44.175851142
345 358 7.33497004361 32.3274043547
346 487 7.56666278839 5.90444747627
347 348 5.84097813303 64.9594711034
347 350 5.42626622064 70.3489425704
348 362 5.68119089628 88.03706439
348 358 5.73821079221 100.753983756
349 350 8.56086107542 40.2979360737
350 364 7.56885399656 121.757458657
351 354 5.12487863824 33.7850538025
351 515 5.39834594727 5.64025708634
351 356 5.21098954612 62.8450629226
352 356 5.65940398192 75.5585996144
352 353 8.00620995634 20.4917405305
353 456 6.90274497571 120.750408765
353 479 7.91316495166 190.394055814
354 543 4.50763720285 18.6915519517
354 549 5.77160167694 3.64005494464
355 364 5.96623817827 49.9711483571
355 356 6.2328423828 77.1478278684
355 365 6.1722975274 100.620120814
357 576 5.14480879939 14.1220121901
357 370 5.50510060734 139.561521975
357 572 5.02634572333 13.1843168476
358 360 7.11333774195 88.6127377171
360 714 7.96791344421 92.307789779
361 624 6.23518017937 15.0972629931
361 1476 5.27012426371 8.70733782799
361 598 4.60836758583 93.7218649251
362 696 4.74295834972 125.26160499
362 363 5.11721766768 49.6408027321
363 803 6.01245290307 31.2814290988
363 714 6.31136383542 107.691608434
364 366 6.98136417932 59.4804967742
365 369 5.18968056626 36.5809843715
365 370 6.42395035158 44.5993039376
366 368 4.66170909722 49.6321192893
366 723 6.93039152714 137.181090901
367 368 4.82826132886 97.8205914683
367 803 4.53444582823 42.1679209665
367 718 5.45706548374 129.880000935
368 718 4.34271880073 28.9231403995
370 726 4.98817433916 48.603203386
371 423 7.98507571553 522.927
371 759 8.7683193095 7.23428097684
372 378 9.08231331389 207.892437006
372 373 9.30091682479 129.567572952
372 375 5.69745240219 66.5933061023
373 387 6.6696682458 98.5599143559
374 634 5.94046774279 52.3105895022
375 376 5.77227595236 57.5042724193
375 397 6.70067229958 121.82909444
376 381 4.7033619518 39.1883714419
376 382 4.04682382179 25.0697953448
377 634 4.44325095762 28.6174327024
378 412 9.06222684437 130.891654889
378 385 6.20205728221 125.242489305
379 1236 2.79081240835 21.2767825589
380 384 4.45999005508 51.8922830472
380 859 4.46922881191 23.488822368
380 854 6.0 5.78013840665
381 384 4.83284608693 35.9092780145
381 383 6.1968065663 12.1866342708
382 941 4.59514360394 67.0540770409
382 383 2.69218033735 20.8231372155
383 396 4.19196469775 34.8516255465
384 385 5.38694334295 35.3756964355
385 400 6.14976595526 87.3650523204
386 912 5.19258213043 2.37118114028
386 892 4.30319271752 7.13476354179
386 887 4.77083526699 39.9667968214
387 393 6.16530681013 81.3033694115
388 1236 4.90361566495 58.8031527689
389 401 6.27476919461 101.751405502
389 397 12.7268123627 10.808908363
389 393 11.3178360165 91.3482527469
390 391 11.8691326268 51.0846091471
391 393 11.752819714 52.0536427306
391 587 6.57317203984 94.6143295689
392 449 6.19451050241 31.5313206204
392 1166 5.83880928669 8.61008007573
392 1241 5.66227769852 4.45533388199
394 395 7.47847577398 9.64017733696
395 936 5.12829874338 24.4994772138
395 454 5.58198047654 56.3346498237
396 874 4.0730468918 9.76462705355
396 950 5.42626365957 26.3882411654
397 399 11.9742814254 105.875322149
398 1240 5.24483388614 34.1679451982
399 408 7.60179045849 116.050393838
399 400 12.7400951438 55.1697346434
400 437 12.5911427815 112.5108304
401 403 5.35039364696 17.5277722045
401 460 5.90327905996 57.7911043814
403 464 3.96363331599 41.391814608
403 986 5.26951011954 51.2625665535
404 1240 4.5072225203 79.8030379673
405 406 6.2412140831 18.5328005485
406 967 4.25595240258 24.8161896497
406 407 5.60904850896 29.9776562632
407 409 6.34471863578 47.7021386349
407 439 5.83284472369 53.6995962257
408 409 6.23382228847 79.4385170375
408 466 8.07107268184 93.647839769
409 410 7.20191217198 38.5996145823
410 496 4.44306771602 135.922683123
410 497 5.82382945037 73.513778401
411 1085 4.91299089187 120.58471913
412 416 6.1188738154 61.2503729067
412 413 9.35417802433 106.242913613
413 979 9.19565611714 241.395185876
413 427 5.22661348062 39.9692914389
415 1151 5.99500856666 76.3384937847
416 417 5.96203993926 72.3844680608
416 418 7.19848358891 26.3109297647
417 436 4.84363257926 63.0554752864
417 421 6.68072345205 21.0392951232
418 419 6.42126522862 25.3759366042
418 420 4.78341319358 69.7082531301
419 436 3.28366375395 43.7225033261
419 1079 5.4383999971 44.1555611766
420 1082 6.21400161544 24.6432360756
420 429 4.22298002435 61.0727557568
421 1147 7.10031657678 44.3603931858
421 852 4.53088483778 54.642380148
422 640 6.8599574384 39.3722051635
423 425 4.74399765502 47.2005537762
423 1098 5.33331139068 11.3903646772
425 1100 5.00433778763 6.99714227381
425 1068 9.20701930431 1547.90755101
426 1244 4.3096173438 29.4311332128
427 428 7.52935284473 41.7657127957
427 1069 4.98271045996 85.2780414268
428 429 6.9416749736 26.1578166574
428 430 5.32767734344 43.364419765
429 445 6.30845148133 83.5718810209
430 434 4.28874647942 29.4739777856
430 431 5.97883231489 35.8282585747
431 432 6.97517697778 27.29733801
431 1133 6.40512466431 5.19711458407
432 1004 6.76913632538 22.9398448944
432 1005 6.90315798931 16.180478267
433 1204 7.54384082913 94.3659663194
433 445 12.3525251426 49.9239162228
433 1007 12.5386365164 136.575332658
434 1096 2.9627856809 29.1227026072
434 1001 4.38352121761 100.305820143
435 1244 5.60879906315 32.4087019463
436 1167 4.96060242598 19.5009137589
437 1152 7.9842634201 13.6562256865
437 438 12.1523227601 96.0420539642
438 443 5.77101476456 52.5763376683
438 445 12.9192263932 109.76602038
439 440 6.38402033844 56.0606415553
439 1174 6.32459698644 93.9591227504
440 497 7.1191153473 76.3306032037
440 443 6.04715779087 126.444027566
441 949 4.55026104092 43.0572867715
442 1245 5.5413813591 3.22218869714
443 446 6.95205438337 133.049898499
444 1245 4.48080874656 17.0038728318
446 448 5.36749764531 72.822793828
446 506 6.83075317983 170.225865587
448 1235 4.58509466079 53.4450164066
448 1211 5.50861669061 48.1756826701
449 450 5.04032983955 54.6652115386
449 587 5.37881915191 58.4581130876
450 451 5.08368146542 43.6069026955
451 1257 6.60555124283 4.52216762184
451 1255 5.67450615653 32.1621929798
452 1306 4.08461919779 76.6930638395
453 587 6.59538728059 30.4916798847
453 454 5.64276860316 60.5369514175
453 455 6.86317865072 74.6866134445
454 460 6.26618845905 19.5405587882
455 458 7.31630000076 46.724230975
455 1290 4.11357472963 16.1114782862
456 457 7.07825318191 76.8626945988
457 481 6.59010962386 194.291537918
457 458 6.87799115514 21.9448324011
458 459 6.71008685654 96.9724346543
459 469 4.70284683171 92.1811495843
459 485 7.80380968224 74.3897653392
460 461 5.66118082134 31.0055592124
461 1313 6.05323256097 6.89443423428
461 463 6.26103558176 75.4651725494
462 464 5.16239894338 36.1581262898
463 473 6.6174639864 60.9696514978
463 1356 4.74214076171 63.1873817964
464 1332 5.49643921726 11.8298406333
465 645 5.35699118698 8.238790106
466 1336 4.79973371025 97.8402837324
466 473 7.8997597383 51.3059711391
467 469 6.53246175374 23.3390781161
468 949 4.3529409719 29.9996459067
469 470 7.65526485443 6.12474489265
470 1366 5.8541021347 5.66414159427
470 1437 4.09422367322 39.9133522336
471 472 8.58455571913 29.1154682992
471 473 7.83498868 73.4720059832
471 500 5.12190474349 68.9682381741
472 488 5.19478112841 70.4506141509
472 501 6.81503511395 15.9005716533
474 650 4.26751263247 54.9076755614
475 1384 3.94435855178 45.6215996181
475 476 3.3432298998 23.0636438539
475 1391 4.1379233143 23.2269030367
476 1393 6.94991349173 6.22985884837
476 477 6.50288928492 12.1797783228
478 953 6.34905601323 9.61775175134
479 482 6.71378544893 75.2474373559
479 481 4.98701964114 59.1161968461
480 640 5.80740852723 81.0491520934
481 483 5.77471235275 37.0946933152
482 492 15.3061896174 121.887296006
482 724 14.7681007239 115.34283721
483 1423 3.4363224078 40.1423905934
483 1401 4.13594510292 43.6581610095
484 1251 3.74463668605 17.9286933979
485 490 6.31893444079 138.735030594
485 486 5.33569906271 62.7200312085
486 488 5.38321967998 41.1726937353
486 1448 5.07906950382 72.5110440934
488 489 6.63175831369 13.6582236535
490 491 19.5222121363 36.5360541893
490 492 16.7951018948 41.0500613148
491 493 6.05220392427 63.5415627009
491 511 16.0991052039 175.206692999
492 765 7.91583802323 144.656371869
493 494 6.76308393454 33.2443523615
493 1475 5.73606777191 4.66476151588
494 762 5.48506733854 70.7082327912
494 1474 4.47060347145 73.9173462769
495 650 5.52765480555 23.9930038253
496 500 6.09007389591 41.0207155726
496 498 5.68115286315 73.2940650384
497 499 8.44785281933 67.2072710962
498 499 6.99678872907 62.2042132868
498 503 5.95378617674 89.2670594357
499 506 7.88539715574 69.3238248921
500 1064 8.03553390503 4.20267771784
501 502 5.55430467335 90.3902639404
501 511 6.38231000126 141.017515369
502 504 4.87681794214 28.7201392339
502 503 5.12289473475 61.4850322403
503 505 6.2859531244 25.4764643441
504 1490 4.76931885655 23.1907268956
504 1483 4.70233694026 53.5480910816
505 1492 2.95611241513 31.8865544467
506 509 7.28089860196 188.226489749
508 1256 2.99789070192 44.8186416773
509 518 16.5503704687 89.2255016346
509 1239 17.8548483129 115.764364714
511 513 14.6831075672 60.7521008246
512 652 3.63538493648 48.246578876
513 517 7.09800603677 127.984724392
513 518 15.5400932662 146.128755782
514 1223 4.24537578586 56.6638061127
516 833 4.92442234175 77.4254164059
516 835 4.27650831544 38.3761301867
517 770 7.49688542496 98.424221475
517 762 5.52608127016 181.531375445
518 521 6.3625173057 88.8291753689
519 664 5.67497306145 39.926104102
520 522 3.7468830108 21.3472909927
520 532 3.52088205159 72.5763101045
521 529 6.14800443375 89.1255555091
521 532 3.90561096867 31.4616816351
522 778 4.24134831044 40.0083567689
522 1299 5.33240466277 37.5294347643
523 1496 5.30003379314 104.037322036
523 1232 4.50582325322 30.4333674343
523 1503 5.02824277841 75.1227470957
524 1030 4.54886462958 73.3535969103
525 526 7.49346982874 29.7100702922
526 772 4.21866940328 128.678216987
527 529 5.93314856492 28.9292372123
527 530 4.57354782467 27.7014554599
527 772 6.31761603198 54.9494499242
528 1299 6.62902437765 57.5250263455
528 531 5.41848246429 79.0770466883
528 1300 5.64812024256 60.1498795262
529 531 6.57552709964 12.7530395126
530 776 7.10310421362 55.6549561595
530 531 4.3784167177 24.9915466669
534 535 5.5347535804 40.0187434401
535 538 7.34598777071 57.4774989689
535 541 4.97637825481 63.1218165963
536 542 6.69873691188 77.2616109716
536 541 8.92517603722 31.9356903751
537 546 4.98541216674 44.8727515555
538 539 6.32554500544 58.1307922553
539 560 6.36690893776 29.3700679839
539 540 5.27794681281 27.7600346642
540 561 6.39889828052 43.6301503987
540 541 7.98320256075 111.736049123
542 546 5.79768973904 55.8569079274
542 574 7.62718440431 101.218549447
544 1346 4.59594733962 29.0800000017
545 550 5.56124198598 65.0954452172
546 547 4.23179038765 42.5192334541
548 557 7.69012075747 89.8396053925
548 553 6.44329426654 68.6926563827
550 556 6.84250818281 64.6466327932
550 553 6.77467229666 45.9999912493
551 552 6.29814064432 8.32421657441
551 553 4.76400508963 27.3482453833
554 963 4.20275779054 94.1168724916
555 965 5.79350671341 7.63387320676
556 558 6.88175931616 60.4780412813
556 574 7.09159757096 109.025546227
557 558 6.77158383637 56.4386318948
557 591 6.37106093253 71.3614351009
558 585 6.95548648778 70.5201575235
559 578 5.75006735993 72.5030028085
561 568 5.40463979866 115.573065298
561 570 6.62107778554 88.0407559511
562 563 6.26651026781 29.9377641507
562 566 5.94511200985 35.4535744191
564 972 4.93364245232 59.7867067783
565 570 5.3206199063 35.4589775699
565 571 4.7689185728 50.2582707924
565 566 8.53112888336 4.5
566 567 4.44217157137 50.4090543268
567 571 5.41371775933 19.8406323191
567 573 6.00431056317 86.2575492017
568 630 6.72259365052 209.705041778
568 569 3.84580885042 56.1453759882
570 630 6.26285610763 107.453924511
571 580 7.02228552942 45.8462212241
573 583 7.65981179704 180.238342129
573 574 9.5 6.2096698785
575 579 4.82131270259 46.406215598
577 578 4.2188266435 42.6019600226
577 610 5.30034660654 41.4580147148
579 580 6.52997934119 31.6459344708
579 581 5.70752647429 44.3232133057
582 742 3.0120046381 29.3391943429
583 584 9.74547557257 28.5833815371
583 614 9.90466634475 145.996946264
584 632 9.65414753026 153.118587325
584 638 6.77659651529 82.8116352652
585 593 4.24118638183 32.3048837785
585 610 6.8330812923 30.0944242081
586 971 4.52912276653 12.4001474463
588 591 5.37442133083 51.5476554835
589 590 8.19117158076 43.4713812654
590 596 7.66546990705 100.469373853
590 597 6.233253305 71.7537751907
591 595 5.93389088047 54.6788787671
592 664 5.6157804547 21.1245082959
596 618 6.84147038985 114.254462286
596 604 4.92941326836 65.3704757898
597 600 6.91950811778 49.7096661044
598 600 5.40110783573 32.478161348
599 600 7.3381820837 13.4195828563
599 602 5.45661078856 79.5693194512
599 603 6.25156052343 41.5528447755
602 604 5.08939060219 27.2128533392
602 605 5.57503098836 29.6277243019
603 621 6.38119608627 114.438316619
603 606 6.20659805454 87.5606836767
606 607 4.87908889395 29.2098393628
607 984 4.5596768467 41.8446789723
608 1409 6.02643128034 140.437935384
608 1455 4.58972618235 61.4524822592
609 1269 5.17074422554 80.9280352006
610 611 7.05246679963 22.1628505608
612 660 3.25731046159 55.0197540018
613 1337 4.52828922909 17.8796984785
614 618 9.93065469508 130.534965175
614 669 6.68195266116 118.047038367
615 636 4.79651176889 26.2020060819
616 1089 5.59589382712 31.3389219748
616 636 4.68547057713 33.7633779861
618 619 11.8288113304 38.7710992954
619 626 6.36554491273 121.66884838
619 621 11.7864270586 87.1844374142
620 628 5.39862682767 16.1896640754
621 735 12.1185988011 143.06786216
622 1273 5.24909346378 13.6499189183
623 628 4.69701761572 38.4587227188
625 672 4.26718313136 139.146171493
626 627 6.98762383931 18.693324986
626 681 6.34890756078 71.6548986972
627 729 4.12583578296 50.3712249386
627 628 6.27926972481 66.8546821331
629 976 3.89478104628 32.7679664619
630 632 9.28134747115 61.8703552694
631 970 4.84415721893 4.55329550985
632 635 8.45630868656 161.76967027
633 1274 7.08074626571 35.3233958924
634 644 11.3097504949 19.7249451239
635 644 7.62521718707 88.5530974617
635 646 7.13252612334 47.70336541
636 637 6.10322267215 50.7149244373
637 638 5.05438886933 45.6468535769
637 663 5.51891823457 109.29313795
638 643 7.63088581804 88.7872101394
639 1200 4.98183277534 171.083898298
639 1140 4.85026577081 282.944225538
639 1190 4.87754346236 29.8796959864
640 641 7.53192785761 32.2129780325
641 648 7.58699497861 75.0515091844
641 643 7.16925533727 63.1572134
642 1259 5.66282961975 77.5903583188
643 656 7.16707835023 46.8474412501
644 645 4.2675223891 69.8565989161
645 646 6.76295046769 112.768023874
646 647 7.91543497682 53.8457324191
647 649 8.33668399706 63.3934882661
647 651 5.79728575941 67.0326420874
648 654 7.35147260136 51.3792140904
648 649 7.8112374462 21.1695804525
649 661 5.26511418871 74.0917350719
650 651 5.28482004584 42.1724293867
651 652 6.48108417145 136.332512601
652 661 6.75078949523 40.1019029155
653 656 4.12359315013 51.8756034648
653 1037 4.18137855449 31.4732607643
653 655 4.59862467775 29.512939144
654 662 5.7425457195 47.4547585045
654 655 4.87359515689 46.9530479137
655 659 6.12131206492 33.8319954691
656 658 7.36378533825 44.3423373602
657 1276 5.28452005733 56.1303022444
658 659 5.62146924613 79.875278437
658 677 6.14501703025 40.0159708148
659 660 7.37237121534 8.99280253697
660 1203 4.26777864256 11.4074063817
661 662 6.54402605923 34.28527296
662 666 8.407348418 75.9278526595
664 665 6.25439376876 71.1252430617
665 667 6.22551192895 38.2117958825
665 1365 5.70790052414 5.80517010948
666 667 5.09444290423 42.9088145255
666 695 8.3098156835 48.1525414972
667 668 4.39502598394 43.4969207702
668 856 4.26543332968 50.7908470154
668 703 5.45773469609 143.009969268
669 676 7.34620059317 107.611262535
670 1276 5.31960105677 7.52841035355
671 985 4.88706859637 54.418197444
672 673 6.02790810413 48.8995398821
673 681 5.74691418258 57.6035549178
673 674 6.23087502138 36.2380749958
674 679 5.7866524871 49.7348724258
674 687 4.86573247644 49.8796229899
675 676 7.40754633726 54.5136973711
675 677 8.84670297559 16.5864151614
675 694 5.07660290614 58.5036829672
677 695 5.85586259565 155.828406234
678 1337 4.62214025427 152.97399822
679 688 6.24548328006 92.468984312
680 834 7.5864066342 18.1725225671
680 690 3.47696277302 74.9649028147
680 694 5.08368672652 50.0732960378
681 683 4.78779584558 20.0873133126
682 1457 4.59044111901 124.600631074
682 1459 3.8854687523 25.8619449051
684 738 8.14891610599 154.676970194
684 691 9.00996796766 84.1819308351
684 806 5.12051984785 87.3528065714
685 686 5.5669080588 27.919442876
687 761 7.93918221625 15.2962096698
687 753 5.81094444729 12.1906079888
688 689 9.20467455077 76.1296326194
688 698 8.98449629676 105.030829618
689 691 9.18751779772 71.7833816557
691 692 6.21133777781 67.4509680431
692 746 3.97381646739 76.421221495
692 830 7.36240826168 69.5071197012
693 816 8.21532344818 5.14708655455
693 826 6.18112828176 13.7715457473
693 828 6.22486787866 18.3359711008
694 697 6.04404508326 110.644580088
695 699 9.10477102188 44.0123436715
697 698 11.0474959144 16.1164280936
697 699 9.14382891986 78.8507199373
698 712 7.18532498643 119.348718426
699 700 5.09267437232 67.308696103
700 701 4.42063246176 46.8135934775
700 703 5.55741221858 29.5602591122
701 702 6.40718013961 10.2228183726
701 878 6.91547584534 4.62385120868
703 712 6.1938255342 131.388118258
704 705 4.41616138245 23.3544150793
704 707 6.60183682953 26.2160739737
705 914 3.82932286733 16.9722309397
705 845 4.10279250368 47.3174973569
706 1286 4.87788907019 20.8096914991
707 708 5.56430931236 63.6821432926
707 933 4.84742625129 53.7694411166
708 711 6.98520975842 41.3039919138
709 1286 3.85695584478 16.5932493683
710 832 4.09409577541 25.8004771849
710 836 4.13411500557 17.0392612983
710 711 4.99672252057 71.0288423501
711 713 5.64312110821 49.3303972429
712 713 8.26873496557 114.362919451
713 837 8.45723595164 159.135207791
714 721 7.68019722262 141.711285762
715 959 6.04615860492 4.83392269558
715 957 4.27132203766 7.48195263899
716 803 5.63366241899 51.6995996963
716 988 5.81199516668 33.6253825371
717 917 4.97658810138 44.2091552996
718 720 6.20320968019 46.3963164512
719 1291 4.11000062694 52.189925708
721 722 13.2134461662 74.9975088824
721 735 14.2135749823 49.0858000818
722 723 12.7700603049 249.302799322
722 740 6.23755192397 155.442022167
723 724 13.7999320723 87.735405646
724 732 7.79199929198 132.561824577
725 992 6.30788660049 8.30331259197
728 991 7.67609144402 6.48092185345
730 995 4.62800625911 9.71250146685
731 741 5.71331955961 28.5050401368
731 1013 3.04648627432 69.5578749765
732 744 5.84301736591 67.1704615533
732 743 7.90279958529 37.2368817657
733 764 5.21222527157 56.6754176268
733 734 6.9257693241 56.097004517
734 744 5.72780332636 37.7257508142
734 747 5.57977829508 73.8278574191
735 738 8.01170288714 121.39217396
736 996 4.7810726998 20.0693301309
737 739 5.98139394494 64.7159395798
737 741 5.14019602164 65.039432809
737 1014 6.07072729753 40.2923906165
738 805 6.0619708086 54.434617751
739 819 5.95367503763 120.421968538
739 740 4.5801012032 102.750200696
740 815 6.48354896338 39.2702465836
741 742 4.88440510537 21.6350399755
742 1164 5.47159606546 59.4522633828
743 819 8.41532736968 140.860933108
743 749 5.05122765377 76.8529178893
744 749 5.89497884464 39.302018125
745 999 6.89739795441 8.96907134548
747 782 5.70767462855 59.9693219511
747 751 6.2552925141 58.2575185775
748 1169 3.67456031317 14.9101120702
748 1171 5.16078429067 8.66790348768
748 846 5.62908992536 75.488754008
749 847 7.3023819492 89.2159137087
750 998 8.06303763048 15.6125970963
751 851 3.83661715062 62.3050958041
751 1373 3.77796590129 24.7882129534
752 754 5.94199100599 14.3294242832
754 1192 4.79839265488 25.0760669443
754 756 5.17604161894 26.7509234851
755 760 4.47445948581 31.6355459323
755 1466 5.08461589668 43.8915157612
755 758 3.788777659 53.2365679432
756 764 5.44928355752 40.8079791414
756 1038 4.24386775918 16.8353442419
757 999 4.49870120921 20.0617719507
758 1193 4.54236300815 8.70697357655
758 1195 4.36905873563 7.64613943836
760 769 4.65888737063 37.8195278138
760 1202 4.62252044678 4.57001094091
762 763 7.4247066451 15.6857022476
763 769 5.75732307058 68.9245833766
763 788 7.08196181374 167.34732306
764 765 6.11693696325 86.0273330704
765 766 8.92508469313 14.9698680946
766 783 8.80120656554 82.8322042445
766 767 5.43441407959 61.5959974906
767 769 6.08976330545 35.4537797168
767 1247 7.53247128076 8.44505808705
768 994 4.36831948347 26.6605322438
770 771 6.10197943493 61.2522637178
770 791 7.44723431479 124.81482768
771 779 6.12313270746 106.176488732
771 772 6.2720934987 31.7051192585
773 995 4.06655495445 29.4647203018
774 776 4.14709469011 30.7487204703
774 775 4.41840082928 19.9915776165
775 1300 3.44463221756 32.4935546822
775 982 4.26384123768 5.21554071316
776 1318 6.72990434871 107.336331033
777 1292 4.57177870227 21.8485027751
777 1502 4.77251872975 6.49608132483
777 790 5.65920218828 20.1881232748
779 792 5.31268775855 30.4187803553
779 793 7.48511536661 22.1992463769
780 793 5.27273922532 49.5507595474
780 1418 6.01764073404 53.2718327073
780 1311 3.06803089871 28.7469467147
781 1297 5.75571164568 95.7214146796
782 1330 6.40512466431 6.18142378421
782 1333 7.10668706894 4.28514877221
783 784 5.4014159564 66.0167495525
783 850 9.09242976443 159.288305133
784 786 6.57523827845 35.2366361557
784 1237 4.81676106405 56.2213809655
785 1368 5.19296630769 25.203068439
785 858 5.77337403666 104.028465503
785 1387 4.0927446426 46.5461012375
786 1344 4.30012337067 66.444925381
786 787 6.29335838323 43.1439080148
787 858 5.90684310902 91.9756286379
787 789 6.40885888578 52.8977774232
788 789 7.78594323947 28.1589130474
788 791 7.57008342276 95.0518437956
789 864 7.46864208203 125.199164914
790 792 4.56910677715 43.3923370319
790 1403 4.91277247981 45.5160681816
791 795 6.87792559739 69.9760204805
792 798 4.31067069542 67.3721408196
793 794 6.81623385231 104.556881916
794 1321 9.31154809034 85.204416464
794 799 8.79527295816 103.799813243
795 796 7.28322210938 32.2409772428
795 797 4.72818042974 111.713843654
796 860 5.54578161722 84.3768931667
796 798 4.31334334115 48.3030698045
797 1436 5.36947750093 51.2377074479
797 1443 7.48135937325 6.63425666263
798 1454 6.66521254793 21.6372157153
799 860 8.51656567298 111.717324064
799 1354 7.82493484786 631.160989771
801 1165 4.5326761204 39.5846043862
802 1068 6.27242613734 18.0224120129
805 810 7.38638600302 106.592162385
806 809 6.22025826198 30.549781917
806 807 4.56219285588 36.472988057
807 1469 5.65947660761 45.8380473185
807 1470 4.11124971046 42.5923944685
808 1005 5.9227189237 97.5088467886
809 812 6.67045352586 69.5892464593
809 831 6.61557927274 71.1473226875
810 811 9.52268028259 6.76017751246
810 812 10.8916087425 13.3824186803
811 817 5.95794715013 110.362754203
811 814 5.30076385985 82.7262612306
812 813 6.58660818964 75.142775832
813 835 5.60387225655 110.851633701
813 831 5.52165118136 94.2154943911
814 824 6.09973312081 47.1261073212
814 821 6.40534991017 35.9585836997
815 817 9.07413916713 24.1889052145
815 820 5.52181855952 71.3554592394
817 818 9.99493694305 7.5742986474
818 822 5.02996063787 59.2691299569
818 1487 4.39581043016 19.7899572432
819 829 8.93849758353 212.44606915
820 1489 3.4895004797 60.0748750853
820 1119 5.60805797577 3.21636440721
821 822 5.7805966421 33.1168677547
821 823 5.64409928386 46.2087498631
822 1494 5.65685415268 5.83630876496
823 1498 5.5768557866 51.6074022415
823 1500 6.1947658576 19.7592565031
824 1480 4.01757148681 34.31379633
824 1499 6.38795179453 51.4675534005
825 1297 4.70438987111 52.2331492264
827 1302 3.26779163904 24.5879506472
829 840 9.30563916832 187.286629462
829 875 6.59741259834 119.719985062
830 833 8.4056902275 23.0176140813
830 831 8.16360384507 35.0650341158
832 1506 3.62321963024 13.6045462079
833 837 7.05654049868 83.0071807541
835 840 4.74470233106 40.5773438754
836 1353 4.49776589829 18.7004077525
837 838 9.15516725525 50.0768719113
838 840 8.68281433821 43.9994683716
838 843 5.08050655902 56.6995881634
839 1302 5.51072514957 29.8184958656
841 875 6.7509423557 241.644598533
841 842 4.57361801104 25.8235767225
841 843 7.16787649924 69.630223832
843 925 6.22127374001 354.848093023
844 1305 3.91585935618 111.188107294
846 866 5.17367801771 69.9313285558
846 853 5.3928941471 62.5926478813
847 849 5.11553511182 41.1117244846
847 851 8.21713376348 5.74082193385
848 849 5.81250720016 35.8372624268
848 850 6.84357500339 73.8587563353
848 851 4.0697723898 34.8938441546
849 853 6.7558740339 45.3972997349
850 880 9.47013501933 80.3343973338
853 855 5.81372445884 35.8668651659
855 857 5.29746202409 34.6794055985
855 871 4.00115332543 61.3079206225
857 879 5.39231745384 21.1592802957
858 862 5.55076280761 45.8092783509
860 864 9.70946800801 139.54678427
861 862 4.78577756986 53.0709483288
862 863 8.64328477883 8.99400913186
863 885 5.80252597529 59.7051779322
864 885 8.36514661748 140.560256691
865 1305 5.0309265813 24.3166375672
866 870 6.55493094683 49.6669243564
867 872 4.08884174423 50.0059248534
867 868 5.79964275328 21.6435752788
867 869 6.53024612346 12.2159849773
869 870 4.88207490659 58.6098733534
870 871 8.33498861642 20.9548237823
871 881 6.47764324985 99.5238348604
872 876 4.43942320463 30.2663975839
873 1012 9.2002620697 14.2148689758
875 876 7.70663715819 38.6411020827
876 877 7.85866598193 53.0871284033
877 886 8.38032780153 64.2928712958
880 881 9.58700052113 87.4070265214
880 884 8.21149157983 135.705845919
881 886 8.29874674976 39.1497758477
882 883 4.46838944753 22.8313831156
884 890 5.75146469143 70.4845247015
884 885 9.36221380997 36.8642909014
886 891 6.33743132178 112.842641489
888 1017 5.66511516861 77.8771571391
889 890 6.09758378704 75.1559782558
889 891 6.07047102871 48.0952056635
893 1334 4.1680379232 24.2914844505
894 1252 4.94817339478 117.122088921
895 1015 5.18362796583 50.4730729212
896 1015 4.36967933563 46.733615788
898 920 6.75258003908 65.1757288011
898 900 11.262925664 74.630145981
898 901 10.0805355328 168.168076471
899 905 5.31021073621 110.252898997
900 915 9.81907283857 160.219216173
901 905 5.58286182495 40.8027126527
901 1271 9.28806289271 408.206145805
902 1307 6.67179785775 99.1841466926
904 954 5.78674607639 71.8610695017
904 907 3.64254299271 36.9106042238
905 906 4.96405743655 42.8350170408
906 911 6.6620096661 50.2610062307
906 1063 4.17565098423 46.2042329256
907 1063 6.34356913966 13.3683093409
909 955 4.56249498938 111.053655069
909 910 5.22092036694 32.8629562306
910 1063 6.35706299543 29.4914484258
911 931 7.02962188444 82.4964481758
911 919 6.80977765529 146.104939163
913 928 6.83131049808 7.3717768602
915 981 9.60481173215 199.096957193
915 990 6.05718289549 119.309198652
916 992 6.74135075257 35.3898093298
916 918 5.82699859291 36.5471550193
918 991 6.61485637103 36.8097966613
919 923 5.30195429251 87.2096217174
919 932 7.10714116517 52.6325618133
920 924 6.43629301794 52.8235929074
921 930 5.81955593151 60.1053118026
922 931 15.3664282461 21.7123951656
922 958 13.3685053525 88.5776999802
922 1030 5.27390840913 76.0447744673
923 927 4.34943659009 38.1173730039
923 924 7.67231654044 7.52181780719
924 993 6.21246810648 67.9185851607
926 1022 5.08291954819 27.8409482856
927 928 7.119468712 24.8144100759
928 932 3.98463248786 80.6962296492
929 1021 5.16711456074 22.0182090455
931 1020 13.0181077771 166.495556287
934 1301 6.45337636474 40.1061499749
935 1021 7.2015619278 3.4
938 954 6.62762161392 33.8785919912
938 939 6.83088804377 101.902083508
938 965 5.34508453791 158.313338949
939 940 6.12535750597 72.9234721019
940 947 7.01229796738 60.6416056098
940 965 7.01971392717 56.4406686913
942 1039 3.28875461917 38.1723551472
943 1040 4.43930685473 52.5665625773
944 1320 4.56565182398 18.9085796374
945 1320 6.27178122411 46.1570547563
946 1042 3.37803176179 34.0059112176
947 948 7.47009801725 26.8870210716
947 1271 6.31865934526 55.9020141388
948 952 5.63847990325 113.046898997
948 951 6.11664142195 51.6561291509
949 951 5.47165233681 30.6508094582
951 953 5.79097114511 32.8198760766
952 1085 5.23507277012 39.017952773
952 1351 5.81908591196 34.5138901073
953 1142 5.5740112431 84.5126887037
954 955 7.6832267074 40.2615415336
955 956 5.87835472377 82.4565695628
956 966 13.4403455335 120.565998526
956 958 13.6039974814 53.0992020736
958 962 6.88182321806 87.7426798661
960 1322 4.95530323562 51.3845160031
961 1026 5.0 4.11460812229
962 1027 6.47744967479 26.3082775606
962 963 5.55402953748 28.0718573771
963 974 5.08753969763 56.0563706759
964 1026 4.57007392325 9.26393696142
966 1141 12.7948877227 152.295319768
966 973 7.08017876485 81.8307783786
968 1029 3.45358443498 32.5617245101
969 970 6.41551104347 11.3867250541
969 973 4.85145410883 42.0858597186
970 971 4.55753235553 32.4157146057
971 1238 4.27573680477 30.4635872435
972 974 6.9799752447 19.5007829749
972 975 6.52033114771 73.4648463764
973 975 7.09717415969 40.1174157308
974 1031 6.18787750237 48.6961807458
975 1032 7.9996577099 60.9999838525
976 977 6.04925191179 30.9714909864
976 1149 5.16274821123 58.5854864641
977 1162 5.96443407618 84.4951186203
977 1468 4.36256132557 51.8938197751
978 1324 6.62400534259 10.5111355346
979 1003 6.0797428228 70.7395416998
979 981 9.63033552132 190.543898502
980 1029 3.35604916447 13.53478239
981 983 5.90279228322 83.3220223199
983 985 5.50301276211 42.3848698807
983 998 7.40534484711 49.245872172
985 1008 6.26242809564 125.074317831
987 1031 4.39152281435 14.7646089978
990 1000 7.24987272089 108.525122402
991 994 5.85244350524 36.8055760663
992 993 5.85803652035 42.2675052986
993 1019 6.94583172667 73.9371124877
994 995 5.61415373909 18.8000560735
996 997 4.00841368892 28.5172435057
997 998 4.08229130899 44.0861848182
997 999 6.45321814922 77.462198603
1000 1024 12.5884030306 132.442138648
1000 1011 12.6676819687 44.618976492
1001 1004 5.53542947697 14.1833189756
1001 1002 5.45055340933 39.9282077578
1002 1003 7.1407631135 29.5498703173
1002 1004 4.35642580928 46.0029844075
1003 1006 6.71652761383 125.021456631
1005 1131 4.84181457013 85.4184766067
1006 1008 12.4563922885 100.550938717
1006 1007 12.8111113588 21.2678403224
1007 1208 6.23389496727 112.704349106
1008 1009 12.3292163926 54.2297200478
1009 1218 7.15306853482 115.734005334
1009 1012 12.3127796453 72.5483948466
1010 1328 3.23413709142 38.3126485693
1011 1016 7.08239655451 72.1470169207
1011 1012 12.2392697291 117.480737747
1015 1250 6.13320279087 111.336968488
1016 1017 5.50122792795 45.312818987
1016 1252 6.79495831823 62.6459795478
1017 1018 5.3755970862 46.9064443544
1018 1115 5.76199045134 67.4277561737
1018 1254 5.21512045299 66.5320986789
1019 1024 12.8625457722 47.4005152082
1019 1020 13.1887032473 114.437071644
1020 1048 7.02291920472 122.928707046
1021 1023 4.26496771488 38.989977759
1022 1176 4.95747644499 48.5490154795
1022 1025 3.72056650795 43.7751351739
1023 1025 7.04561693454 21.775124218
1023 1028 5.48422013936 59.9503423056
1024 1052 7.44889774865 163.160277112
1025 1046 5.99874183637 71.2225610423
1026 1047 4.74408962358 38.2280026854
1027 1036 7.27630650065 60.8133772004
1027 1029 4.2942081164 40.3755304305
1028 1034 7.16144259999 78.5296986238
1028 1030 6.71407553578 30.7365025604
1031 1033 7.17937268503 12.2882001062
1032 1162 7.36639657124 78.1863609887
1032 1036 6.43204847903 211.829371481
1034 1056 6.42344166915 77.7416986747
1034 1035 7.3829971378 63.0127826669
1035 1057 8.05878494858 85.5089302991
1035 1036 6.22455072775 47.4757098046
1039 1040 6.34592219582 21.0052725691
1039 1042 5.5936143645 18.8327772545
1040 1449 6.61696590847 18.8714841921
1041 1199 5.33394103415 75.4903890498
1042 1050 5.35746685267 9.25033926877
1044 1045 7.25039868548 10.6846431408
1045 1449 4.47580135959 53.5753046054
1045 1051 5.74700186611 55.693040838
1046 1048 5.52298841418 55.4367603149
1046 1047 5.38102677458 62.1341153649
1047 1056 4.54562675008 67.8684493374
1048 1049 9.10244059803 21.6483599279
1049 1449 6.80919011027 75.617852897
1051 1497 4.96946886487 12.7246677034
1051 1053 7.86548642891 7.49797648486
1052 1264 7.77341989543 74.8880080745
1052 1364 6.2299583956 158.005335243
1053 1095 6.10555124283 4.54120028186
1054 1056 6.6568690581 25.7774911548
1054 1058 4.77141163165 67.9114542355
1054 1059 7.00250748677 77.9836352386
1055 1112 5.67178404946 25.3354435099
1055 1060 5.93251790607 53.5681394678
1055 1118 5.18703286352 10.5864828857
1057 1060 4.54157373611 54.6553556028
1057 1062 8.96572671627 120.704391732
1058 1074 4.93992438097 51.6633322613
1058 1370 4.69153943357 42.4517399327
1059 1378 5.21438947953 82.8260066023
1059 1060 4.51747762539 149.714781616
1061 1168 21.2758715519 140.713764226
1061 1389 5.30234369325 340.071208901
1061 1062 17.4327693646 54.50519672
1062 1379 21.0481836461 124.616298317
1065 1497 2.46269616545 11.5243703594
1066 1068 9.31968766618 193.981362105
1066 1182 8.20087718964 8.50881895447
1066 1071 8.83432959483 234.810492021
1070 1122 9.28144432819 179.484122057
1070 1116 6.34932411127 84.4594307748
1070 1271 9.37168884632 676.16675035
1071 1105 5.76042198789 70.4427238544
1071 1102 5.49602676435 310.962030291
1072 1073 5.60664754083 62.0432000984
1072 1093 6.34237526114 35.9362915829
1072 1415 4.69571179222 59.3760525174
1073 1075 6.23636366436 50.3300917445
1073 1263 5.01519689637 46.1560406972
1075 1116 6.31396034247 38.7830121489
1075 1077 5.41865038157 25.0867998531
1076 1289 5.8541021347 3.5
1076 1282 3.58255896216 19.708543828
1076 1077 6.52654036132 22.8043535789
1077 1505 4.68740984761 7.6126310581
1078 1080 4.85399511962 45.6238706079
1080 1081 6.36319285071 45.4162744596
1080 1085 6.28983202628 55.7546845904
1081 1091 6.59569270822 41.8284915142
1081 1294 5.17322754876 66.6398490332
1083 1210 5.22145052463 57.3868066132
1083 1091 5.38143785821 106.803239107
1083 1084 7.76162485939 18.631105545
1084 1331 4.79069234924 97.8444724648
1084 1092 6.87400971635 42.3392810388
1086 1497 3.41421365738 4.00281151192
1088 1097 12.6372713881 211.166045008
1088 1090 13.2401018006 67.0675047132
1088 1091 5.66401797786 82.4243011145
1090 1146 6.82245567447 110.144265139
1090 1142 12.7794652726 134.57198683
1092 1093 6.28566953942 67.9812459956
1092 1207 4.35471641673 66.1403939385
1093 1094 5.49816865947 92.2088477865
1094 1120 14.3282709387 79.4155364869
1094 1097 15.9910620162 9.11348940572
1097 1099 4.33925796222 129.651647927
1102 1106 3.47492422894 40.6042002961
1102 1467 3.01445248999 27.4872352319
1103 1113 8.25725052562 170.395026739
1103 1108 5.326711601 196.209544859
1103 1105 6.94203655742 130.451318096
1104 1105 4.4330005765 26.4247198018
1104 1458 3.69908019219 38.9650661314
1104 1462 5.0331712421 34.8322447307
1106 1472 5.40492584273 38.9363232201
1106 1107 4.46116878087 53.7531533872
1107 1108 7.08774633455 15.443238082
1107 1109 4.19401319645 49.2568184605
1108 1111 6.64136249989 55.9589940784
1109 1478 3.98750643693 26.1546010798
1109 1110 5.34445315021 101.702708975
1110 1481 5.3589016151 13.5801938907
1110 1111 3.9390687014 44.9344863859
1111 1114 7.40648400938 95.5772695234
1113 1114 8.81408664778 37.2009655857
1113 1126 6.70056591006 73.8062731045
1114 1482 5.5847592599 97.4910338943
1116 1117 5.155072777 43.4921122816
1120 1121 6.38715437292 115.120236603
1120 1137 19.0109732799 288.958151849
1121 1134 6.33166669435 150.105156316
1122 1123 9.87025738381 97.4816713583
1122 1486 5.06513772102 168.813184269
1123 1128 5.37161250149 44.8060903601
1123 1124 13.796995163 8.70703738363
1124 1127 8.6799064485 66.1660673538
1125 1126 11.4391884712 12.1623227233
1125 1127 9.29546606826 18.3159004489
1126 1484 9.34694244421 49.5945860161
1127 1130 13.0053830569 12.6129472734
1128 1129 4.32756855755 71.9430757365
1128 1511 5.6868729967 71.0131511603
1129 1137 41.2577977276 42.3389519744
1129 1130 23.7792236795 61.5731576254
1132 1493 3.4508065072 38.5652106256
1134 1139 32.0186285064 17.2591773974
1134 1181 29.507166779 141.877974904
1135 1137 45.9206311348 110.037392339
1135 1136 32.7761587093 32.6523677619
1136 1139 32.8225416943 55.9657068471
1136 1140 9.57665771874 89.9590184473
1138 1369 4.90223960362 44.1812281855
1139 1185 9.27162181931 175.060825392
1141 1142 14.5524477225 17.2466955826
1141 1149 6.4059051646 122.241979821
1143 1145 4.05249623535 39.0164987082
1144 1153 5.62538499848 136.627276027
1145 1146 5.51337715363 50.5772422552
1145 1148 5.47346222875 26.8713804693
1146 1156 7.04305325538 64.4948837828
1148 1159 5.02811112316 161.48415867
1149 1165 6.84064289119 120.587537215
1151 1153 4.73544215573 36.4876918819
1151 1155 5.33181069266 62.8070441292
1153 1154 7.16168063477 42.2623013105
1154 1179 7.88739168919 47.7937376116
1154 1396 4.35899735655 95.5274499112
1155 1160 6.10184864925 42.0520195096
1155 1158 4.04956942015 36.0039872485
1156 1157 5.59970799667 55.9107811856
1156 1159 6.52142027037 39.1844450198
1157 1158 6.692910741 38.8998816676
1159 1173 5.80272484293 144.080118781
1161 1194 5.34388735366 196.319777417
1161 1180 24.3916321967 199.634933898
1161 1175 24.0872908472 76.9666083933
1162 1163 7.43193082629 53.8432174932
1163 1168 6.53929399083 93.7450579615
1165 1172 6.32042734581 138.806727458
1168 1177 21.77868085 74.1894853042
1170 1352 6.40512466431 5.40370243444
1172 1177 24.7545099889 67.1989654309
1172 1173 23.511811556 78.1929004378
1173 1175 25.3378128767 15.822211034
1175 1178 5.51983891652 149.542443039
1177 1408 8.58749588356 318.430285382
1178 1399 5.8383114076 129.146048391
1178 1395 5.95316611384 136.363563715
1179 1180 7.45691952456 172.550296687
1179 1413 6.45465346399 21.092431554
1180 1181 28.0573539421 27.4323011611
1181 1196 8.1563751452 347.587949032
1184 1189 3.61836937674 17.8242312872
1185 1188 5.11779633057 98.7807701452
1185 1190 7.9713417201 112.020315456
1188 1189 4.67968947045 60.261105916
1190 1198 7.19809037185 185.62530773
1196 1399 8.65214364175 109.5167936
1196 1197 5.03018857276 64.9701889974
1197 1400 4.60457868546 73.8912703928
1197 1199 4.65132325141 59.1299652884
1198 1201 4.5880619497 43.0597006643
1198 1407 7.42958621989 225.401645205
1200 1201 3.89010469355 49.6574011288
1201 1406 5.62136261365 145.85755068
1204 1211 7.22840859459 85.6936002467
1204 1206 6.78807841138 34.7548111963
1205 1206 5.24941796221 30.8164514292
1206 1214 6.79357698388 80.0400181092
1208 1209 6.24045910412 19.4664458487
1208 1214 5.59071960095 43.2536784964
1209 1217 6.46702864441 45.9647550686
1209 1220 3.6579310541 55.8703874651
1211 1212 8.30298167418 18.8167193856
1212 1224 6.9878986007 68.3146656244
1212 1213 5.78306964264 64.0336306153
1213 1215 8.27376937866 7.85143299023
1214 1216 6.97999193456 73.1204722021
1215 1216 6.0281720843 74.0522651769
1215 1226 3.61641625222 61.879634742
1216 1221 7.72690831263 63.587760198
1218 1222 6.8980027162 104.206656584
1219 1220 6.05444689131 13.3090721425
1220 1461 5.46409980311 19.9883045937
1221 1275 7.81726793986 215.669635264
1221 1222 6.08917980583 75.4338775495
1222 1223 5.20231256088 84.17120726
1223 1274 6.1789521232 61.2374162718
1224 1225 7.29656928217 49.4613916764
1224 1229 5.02145845974 53.08699462
1225 1232 7.38544180487 45.385018447
1226 1230 4.52880258359 37.4176485216
1227 1240 6.43905887011 16.2929053461
1227 1230 5.49051857203 28.6579370899
1228 1229 5.69243125232 40.9291722452
1228 1230 5.50273011013 29.58472242
1228 1231 6.84288677495 51.4132507929
1229 1234 4.69050318033 78.7276605796
1231 1243 6.09780240172 59.2342632051
1231 1246 6.454065575 103.30874606
1232 1233 7.02788686782 33.883690302
1233 1234 5.33651902508 36.3582172397
1233 1239 5.14579613782 96.4971613148
1234 1236 5.70341193332 32.1479826575
1239 1295 18.1684105136 27.2135211997
1242 1362 5.82480722231 25.452530241
1243 1244 4.69436435313 108.196540466
1243 1245 3.83485845255 32.9263619534
1246 1248 17.7383689709 66.4286267102
1246 1295 18.3566588097 117.265281035
1248 1275 17.6919668446 115.691269589
1248 1309 6.30034567732 129.1120579
1249 1251 7.89823944892 6.39486841883
1250 1367 7.52722136001 33.0640451331
1250 1253 8.50699551467 20.7989979254
1251 1256 4.60114519973 97.9194241372
1252 1253 6.07232537396 52.3873598883
1253 1254 5.70959286385 72.5563389534
1254 1260 6.35798524916 59.4013655246
1256 1367 6.38511666378 20.7858938903
1258 1259 7.65493596163 71.7946720828
1258 1269 5.38548436695 94.724004135
1258 1367 8.20786119145 45.8686106703
1259 1280 6.84976250724 102.972617095
1260 1264 7.1097227428 59.1951016986
1260 1268 5.5540216508 75.126408109
1261 1262 4.21670374357 4.24406403183
1264 1267 5.9328701706 60.3145454592
1267 1272 4.48450815507 23.8046628826
1267 1375 6.20348874315 93.7324829807
1268 1269 8.38832278822 6.79415619907
1268 1422 3.78718364392 56.9714753883
1272 1273 4.94758697809 60.2699943897
1272 1422 4.14189500399 71.7062768478
1273 1422 4.29801911183 37.2361246809
1274 1477 6.68642142274 5.8237795172
1275 1279 19.2437209765 56.3942893191
1276 1335 4.26225955572 77.8424216908
1277 1304 4.18135228677 52.8707048099
1278 1369 4.41333607757 36.4224395342
1279 1339 7.32469800828 300.176745267
1279 1281 19.242236468 120.873331882
1280 1283 19.6253128877 137.518655483
1280 1281 19.027237435 36.4745652415
1281 1285 6.13826056012 110.312609082
1283 1293 6.92792438796 188.110787127
1283 1383 19.5653185983 68.270627863
1284 1372 5.18532189451 41.8154117405
1285 1343 6.46747596021 94.5884226241
1285 1287 3.64694373926 38.4030179093
1286 1288 4.77205688203 27.4084960589
1287 1288 5.03295608227 29.908862541
1287 1493 5.02089662636 76.2449914263
1288 1291 4.28720498265 20.8984782582
1291 1293 4.45159391354 59.0709433954
1293 1347 7.08587411715 111.160602174
1295 1303 8.77915849906 267.389435722
1296 1372 5.21439492671 24.5770709528
1297 1299 5.41162994218 33.6966418092
1300 1301 6.51158678452 17.022050222
1301 1302 3.97721110178 36.5347381031
1303 1314 6.42558985849 164.564966951
1303 1319 10.0234489441 24.6840029169
1305 1307 6.28809099707 14.3556025298
1306 1307 4.7861661144 33.3947569913
1306 1309 4.80214413208 50.2710790418
1308 1314 6.39899668152 141.905768122
1308 1309 9.15213150972 13.9128162768
1308 1310 5.67025756774 24.0811265916
1310 1312 5.09383869172 31.8341516647
1310 1334 4.80701851464 52.9167264595
1312 1340 5.6677664608 103.700602194
1314 1315 6.05198728286 40.369603293
1315 1316 6.42041838561 54.6481381572
1315 1317 5.26665253371 42.5192319094
1316 1352 6.48228452023 66.1933915456
1316 1340 5.92209993342 55.0174453258
1317 1329 5.00267046027 84.3675837401
1317 1326 5.34566168683 75.5729267639
1318 1321 9.303791577 24.1646221749
1318 1319 9.14944501438 116.341588122
1319 1325 6.05395484977 86.2181729549
1320 1323 5.61747083228 59.1444942818
1321 1322 5.32716083157 79.9049497864
1322 1324 4.77150614538 52.0343211103
1323 1324 7.069533453 15.2107086176
1323 1327 6.33203000086 127.764354703
1325 1327 6.79774012218 45.1347583341
1325 1326 5.89795850322 20.6006773492
1326 1507 3.21102969755 10.3249083895
1327 1328 4.8199928045 21.8967265529
1328 1329 5.27172084947 107.807272255
1329 1352 5.16725123015 53.8822716445
1334 1335 6.65599938112 9.32089390248
1337 1338 4.15774341629 43.3231574211
1338 1342 5.0428903086 27.6057555999
1338 1343 5.89526337127 90.8474498109
1339 1340 5.97314496149 73.1748023021
1339 1341 9.20031189996 14.7166256512
1341 1354 7.29702067867 170.400218969
1341 1342 4.64900475869 85.5571658078
1342 1350 5.09863787952 127.732515406
1343 1345 4.22879091336 36.4652412229
1345 1346 4.60118488217 30.076061528
1345 1493 4.99585172517 33.8031126171
1346 1347 4.74506858949 65.3085232893
1347 1348 8.89492929531 17.2030537323
1348 1350 5.5956825284 151.697660444
1348 1438 7.24030646915 73.8235267339
1350 1361 5.6798774235 103.127911749
1354 1361 8.10732614165 157.324324911
1355 1380 3.74417318006 39.6746696518
1357 1380 4.43324953872 7.88371488463
1359 1360 5.78832174391 65.0332313359
1359 1361 8.06513695345 89.8105058164
1359 1439 8.5664272282 116.758665428
1360 1441 6.21797402678 101.314973348
1360 1362 6.66005100215 217.341101191
1364 1371 7.02778298225 36.7803155724
1369 1370 3.90309681869 42.1652323319
1374 1392 4.79495020849 206.864615023
1374 1378 20.9236608792 61.1320558804
1376 1383 4.6110625267 20.8639042367
1378 1379 21.1949781349 71.9338950455
1379 1388 6.25319545824 191.207258739
1380 1389 4.32305647191 129.383817379
1381 1405 4.80785513362 52.7228122538
1382 1385 20.0309634337 118.595708226
1382 1386 5.59953271001 100.902144605
1382 1383 19.1215387088 61.7335820001
1385 1433 6.70040014673 325.115479864
1386 1425 6.50219665743 232.158739371
1386 1429 4.60666445141 155.118769393
1388 1390 6.41264755768 15.9807971431
1389 1390 3.40466401488 38.6991552368
1390 1471 4.58442122927 163.756440879
1394 1473 4.03982106995 41.2026599875
1394 1410 5.06101103582 147.8043752
1394 1395 4.39657692708 44.380605708
1395 1397 6.60035123459 47.0007010467
1397 1398 6.69927471995 46.7047892677
1397 1491 4.68435156117 180.298525206
1398 1417 6.48184368796 75.8316916554
1398 1410 5.79572611608 89.9223814828
1399 1417 8.40030908463 141.35116684
1400 1402 3.38733863794 57.4822394754
1402 1488 5.99053506909 19.3229707155
1402 1404 5.08650747584 48.4326205909
1404 1407 5.10923324198 51.8743072459
1406 1504 4.76290407334 17.7802335019
1406 1421 5.67119682669 210.980714804
1407 1420 6.98817915156 121.905496265
1408 1409 5.09167992582 78.5053287332
1408 1447 8.33617885199 666.745584519
1409 1411 5.3090062253 58.0989332316
1410 1411 7.49878719329 13.5720425772
1414 1416 5.58051115126 37.2689404051
1416 1455 4.17320033426 56.3323305391
1417 1460 7.66151018071 819.063970748
1424 1425 5.52933867072 65.1327959017
1424 1428 4.46470553085 103.750988638
1424 1438 4.94560043107 56.9323695185
1425 1427 5.29359406899 70.4929882912
1426 1432 3.3328882429 42.2183038688
1427 1434 4.67647347661 62.000492764
1427 1428 4.32394409343 28.7861179017
1428 1446 3.59408389586 37.6708185253
1429 1430 3.96377357947 40.019207399
1431 1432 4.88079755527 31.9936076231
1431 1435 4.08555419928 135.104202575
1433 1434 6.23662928618 65.0451839903
1433 1435 4.50583744332 58.0045289976
1434 1447 5.46323584851 83.3863239697
1438 1439 6.0846939904 111.263920654
1439 1447 8.04789947623 215.757016147
1440 1445 4.97687669661 47.9620494299
1441 1445 5.94181750539 31.7485344078
1442 1444 4.10454929952 52.8615638889
1444 1445 5.82274397099 49.5547559422
1444 1450 5.72967145545 30.9339646269
1450 1452 5.65743482889 71.4423747325
1452 1460 6.64872177422 210.025559957
1453 1464 5.38500773684 30.8370387131
1456 1457 3.72247308261 32.5524185748
1456 1465 5.0000024209 39.2299862783
1459 1460 3.49933249235 30.9820382004
1463 1464 4.53772254962 42.1972973646
1463 1465 4.57459520887 76.6860167489
