0 635 5.59780068339 68.9372364849
1 1771 6.0 4.87083155118
2 1833 6.53234434616 71.5972074918
2 1426 7.51945171811 173.329094926
2 57 7.02980660388 292.207850328
3 640 6.98022598771 81.1475677906
4 626 5.08861213335 13.7019287652
4 14 6.28468328028 201.926767083
4 1823 6.50092850887 127.022784251
5 144 5.36343525178 56.5300682405
6 1331 5.03773473859 30.4293845039
7 998 5.76462591588 4.54467935303
8 639 5.53206861226 33.4010018973
9 609 4.7485846318 22.3858171382
9 84 5.56443627377 73.1925311793
9 14 4.42168162541 81.8989008595
10 636 3.69066823355 39.1579323646
11 1704 5.65114263121 33.8082919398
12 21 21.7292971689 77.7654629907
12 1749 21.4671412668 78.3313331567
12 15 7.26824875089 152.857282557
13 637 5.44829377464 33.5284737608
14 15 9.1240280769 9.86600517555
15 124 6.45049652022 44.4992214595
16 635 9.16684363259 19.8362322239
17 19 4.84948682416 39.3975131484
17 829 7.61577320099 3.78582883924
17 831 6.30788660049 3.99155358225
18 1329 5.37878931374 8.66985371226
19 928 4.47826956511 24.0087631131
19 22 4.96457502904 37.7365613981
20 1760 7.55506956839 118.306538389
20 37 22.1245486279 95.1554813834
20 21 22.6660686847 61.5980454906
21 22 6.15985165047 100.208454271
22 39 6.08029911907 60.4597617908
23 644 5.4966833822 25.6284004016
24 752 5.59328116282 62.2895376049
24 26 5.63174193113 77.4906708278
24 442 5.37123061275 27.7159653271
25 1002 3.55983000723 16.5527089756
26 1792 7.04144242419 138.485384427
26 37 6.2628994256 97.0934393194
27 1434 5.36874093837 75.1095319011
27 1306 11.4603379831 109.16754266
27 1431 14.5421678893 6.23361941927
28 32 7.01169610199 47.0956525885
28 1793 6.34612822658 89.1364995971
28 31 4.16341225122 69.330459508
29 33 5.39590284454 22.7612338993
29 898 4.83563263292 9.15600948129
29 30 6.50711366709 19.2350632192
30 120 6.06963718446 41.7011845875
30 1794 4.26365595324 78.9970628723
31 866 5.53708962838 14.5242180379
31 34 4.21619835889 46.9492519524
32 36 4.49973459076 56.5150821888
32 34 5.75007666971 79.2654402412
33 1602 3.76805681194 63.7168980589
33 933 5.14229947285 4.07133637257
34 939 5.24823054312 6.67185502252
35 1683 4.18405421239 149.102434303
36 48 5.81304472253 47.4120982966
36 125 5.96866719146 76.9043475717
37 46 23.2155376835 12.5949853826
38 40 5.48607756248 78.4259138499
38 124 6.16014739877 47.3802174704
38 39 7.42128512267 25.9778655704
39 43 5.10983971569 77.8231867287
40 41 4.18744736564 67.9632627444
40 44 4.9089423175 75.847648595
41 672 7.02493570157 14.0264130065
41 1018 5.85486030579 2.90903764156
42 50 6.85505875073 145.809394815
42 43 8.39510726929 4.77624329363
42 44 4.45366502879 66.1229709167
43 985 5.38735926585 117.762864823
44 1223 5.20123986762 50.746506318
45 134 4.30337638031 50.0645089154
46 152 21.3009551113 307.756987151
46 50 6.66671570594 108.112538574
47 1005 5.25055757182 44.3169218777
48 49 6.86921780363 27.725352429
48 126 3.68289321737 21.245097805
49 401 6.15608009151 7.4621253484
49 114 3.70706842379 66.2016975817
50 52 4.45005762385 100.121195026
51 136 4.46379416743 23.2584581445
52 53 4.54929591333 39.9591818879
52 303 4.24060073777 66.7542576395
53 96 4.84656000928 34.5808653139
53 1132 4.11758159267 35.7786227667
54 1005 4.70739376343 7.02169819031
55 57 4.84584683293 88.2514377943
55 58 4.82592359146 51.2212542688
55 1165 5.34659808454 32.5193754691
56 658 5.3508423005 10.7433499524
57 71 7.94451761275 158.52256057
58 65 4.88132081935 41.0640140507
58 1210 3.77290702685 12.5500378891
59 1008 5.65243065382 32.103265728
60 364 4.67075958719 47.244401746
61 131 5.05520445262 56.0189565157
62 1273 7.46760707995 18.8767560858
62 1830 9.65757974807 563.430249385
62 63 10.1958910813 38.5771237327
63 88 9.37488678969 165.012214876
63 81 5.67806797349 127.361249623
64 1013 5.18294032591 30.568260771
65 1257 3.79306616703 20.9312068713
65 1221 5.01596110767 31.4708227636
66 1252 5.33335811363 45.068672361
66 69 5.13331281785 66.0352704392
66 71 6.01551137619 90.1809663014
67 916 6.10713736139 19.6546792612
67 69 6.23233583847 63.8760569195
67 974 5.1568775177 7.34659785207
68 642 5.35285364375 9.93002556287
69 70 5.69213788639 26.2511452914
70 81 5.76064485408 134.950518313
70 74 4.14303360763 28.9361237446
71 77 8.42600040345 135.013471063
72 642 5.57995966173 21.1022191112
73 1340 4.52857793875 8.4573560375
74 1322 4.6068008028 26.7991198798
74 1327 5.39834594727 3.23109888428
75 664 5.06270925769 38.0327549065
76 1446 5.06589569657 24.116270413
77 1360 6.7860605782 10.1793962474
77 110 8.44134739898 297.707143395
78 112 6.33086974362 311.059971791
78 488 3.66754388809 9.24026514771
78 1294 6.99516562958 241.97711943
79 242 4.23772101973 61.5611172277
80 1386 5.50059700347 12.4291315374
80 83 4.75648047773 85.8503229709
80 1383 6.67610975131 11.4027920782
81 83 5.36054036989 48.1837684497
82 134 5.02103756628 40.7710480546
83 90 5.98126760601 45.7090979005
84 768 6.38525271251 15.0486745381
84 782 5.05700433264 21.6125511618
85 646 5.06796238644 25.8421069859
86 1012 3.5 6.12474489265
87 1343 4.77587203105 10.4496633588
88 96 4.93564865928 63.8830918763
88 102 9.0460934662 182.550766248
89 1344 4.74805588363 27.3070242705
90 91 4.8598223745 71.8259479695
90 413 5.80588963871 107.809901892
91 1499 4.38904092566 10.2581420409
91 94 4.65409153267 96.291641493
92 646 5.41547584534 2.51246890528
93 1344 5.81893328654 12.9575820589
94 104 3.95189736776 57.7701107948
94 109 5.7221271611 19.1617039142
95 104 6.47470750201 34.4303931542
95 413 6.16055277473 51.4391760151
95 1541 5.10912973106 104.297287927
96 1152 4.68760353417 24.887461117
97 1013 6.67789912062 14.462470294
98 647 4.84577220958 26.8746356531
99 1668 6.03553390503 4.83037265643
100 281 33.8549226585 28.4466662062
100 275 9.27556387575 78.868414181
100 276 27.4801049833 48.2614757058
101 1012 5.0 1.80277563773
102 152 9.39924992923 83.1111839662
102 104 6.47829824572 219.548764258
103 158 5.50683459618 82.1756997708
105 1343 4.74412217985 56.1573920603
106 650 4.54300005867 60.0324986652
107 126 3.49592655358 40.8083333121
108 993 6.08030267157 73.8367989764
108 994 7.06166504144 52.0315438148
108 1003 8.21527405305 59.5325936282
109 1589 4.41850793498 66.0895149474
109 111 4.87750435687 60.2759342455
110 112 5.35888522757 91.284989633
110 111 9.61953905758 16.2535492093
111 275 9.05618453998 631.519673788
112 118 6.94121978893 222.433847795
113 1673 4.80581461276 49.3375261803
113 116 6.02049533117 90.30775591
113 1703 3.72111439344 50.3955663921
115 1699 6.02444141264 22.7148596205
115 1691 5.46827689649 36.5890494942
115 219 6.13695448733 183.106020174
116 1707 5.96592794784 22.4368368188
116 118 5.64015131081 71.0129171942
117 143 3.83666056856 31.7411827249
118 238 7.58851821658 230.251574844
119 1670 5.20015069988 101.661974266
120 122 5.82548980086 33.8501574282
120 1795 5.40229154947 53.7185682915
121 1348 6.3366557077 51.1791025826
122 1796 7.16179667752 98.4671850165
122 125 6.83725579494 74.8557699473
123 128 6.64416221342 101.940574535
123 132 13.3031094851 59.3023076025
123 1797 13.6087221514 82.8112030756
124 755 6.64300513242 162.62838293
125 151 7.48365545317 248.20549855
126 1818 3.51967662685 30.7521361958
127 1010 6.36203019843 64.8313856935
127 946 8.65060924458 144.667033747
127 1015 9.39827025883 69.2391037603
128 130 4.04006936962 54.5203155746
128 532 6.24306919212 166.948921095
129 130 3.72338115064 28.9565353501
129 1836 5.04245197648 7.20340670931
129 1807 4.67109054898 7.25006980836
130 131 6.6266189326 16.5405649287
131 145 5.74431044297 82.979016192
132 138 13.3586679681 86.8110627481
132 1802 7.07125599888 101.027504516
133 1350 2.81696101104 29.10829844
134 1805 5.11474190986 97.1031622813
135 1017 5.49022364695 45.9240729224
136 137 5.60639083784 44.4032303027
136 565 4.77795190117 11.5548365815
137 524 7.11626485886 110.906053234
137 1806 6.01783155941 58.4891026751
138 139 6.03553919398 66.3458374375
138 142 13.0788199298 96.2612211539
139 155 6.50100456806 70.9062789894
139 197 4.8495097059 72.611043963
140 1224 5.5 7.36698717251
141 534 4.41417274841 7.96905301693
142 524 7.27717720755 43.806874492
142 157 13.7305923003 42.7947398857
143 144 5.36704411589 16.4195326047
143 534 5.17811958138 42.9772447721
144 145 3.60308516667 52.263654267
145 155 8.78828233179 11.3761845718
146 1668 5.83010258667 6.53791462763
147 1019 5.01480673583 76.0927748768
148 1679 6.30788660049 6.2128898268
149 153 4.41869872825 33.8331501966
149 532 5.41340316964 34.1049643627
149 161 4.86049883727 47.2198226317
150 1679 6.72336244583 3.48173807171
151 152 26.9541009776 17.4102385704
151 222 26.5779668832 117.741843909
154 701 5.99130993453 72.1179202776
155 160 7.169530059 95.2277185328
156 160 4.56731748315 52.4940769223
156 201 4.05828032714 22.6601716973
156 158 5.77739993242 40.0319037604
157 192 12.6858645122 106.159497187
157 159 5.53689832736 84.9521220745
158 159 5.49891578718 41.6158385178
159 163 6.0795738707 87.7720260843
160 232 6.67187928054 182.747135911
162 1680 5.17166578203 67.0233322779
163 276 6.46408590911 180.483573923
163 230 4.18112708447 43.7140890044
164 261 6.32842731476 3.81608438062
164 518 5.46502464545 17.3422124504
164 165 3.03429015112 35.9762560405
165 229 4.71831819799 88.1554705886
165 166 5.22343959464 15.3753224104
166 250 6.07790956309 40.187268912
166 629 5.83311899453 106.269733193
167 705 4.88472470517 65.961886545
168 1389 8.49195964681 14.3644614794
169 1474 8.61170144792 2093.0082901
169 604 8.38359983491 186.194591787
169 294 7.0276927948 8.5422479477
170 1465 7.06806675008 5.19257959733
171 584 6.00915797314 51.3954831753
171 172 6.50995630901 41.1154690645
171 278 5.04991343958 66.3816370324
172 304 6.84075045887 10.7216560213
172 313 4.66843770987 23.7933631452
173 1369 5.22537117316 68.64487962
174 1354 3.80634092712 29.7112501864
175 658 4.35000516733 7.3636587602
176 1025 4.89561928881 63.3611528652
177 584 5.92139776213 72.4818502322
177 178 6.21294832613 20.2546221327
177 589 7.08312608168 81.5752387891
178 346 4.71379279943 63.7997809825
178 311 2.9690186423 21.1552263881
179 188 10.0489330281 150.165074647
179 589 6.68413076708 29.7601838206
179 1782 9.59922616833 446.189471979
180 1023 5.01848426804 12.592705387
181 1023 3.91094512546 13.5410499717
182 185 10.4672830595 39.7062758439
182 604 10.7272923564 39.7786381973
182 183 6.92482198976 31.7315682943
184 185 8.83248753676 26.4054701425
184 613 5.22618510587 35.1337887936
184 190 8.2293772893 51.8896192094
185 334 6.35179464825 13.4641909723
186 195 6.1573402784 87.3044107647
186 196 4.46153782078 48.5408400952
186 589 5.77716935263 55.7757199389
187 337 4.56686019141 5.14657095907
187 339 4.97702884674 3.65410727812
187 613 4.21180995256 23.3890407984
188 200 5.7819459002 57.8115624718
188 271 10.451080928 227.916499609
189 668 3.41878247085 38.7726974796
190 205 3.9505120009 49.6984149178
190 206 8.40280760482 45.9443576542
191 661 4.5709866386 16.1906764055
192 586 6.98268021318 106.139750802
192 629 15.0312974591 18.9040084152
193 1356 3.72611179234 7.9918980254
194 1356 4.73606777191 2.83240180765
195 373 5.09443396673 37.2895332839
195 350 4.69082395674 13.5656800064
196 353 4.08970752508 16.8526124081
196 198 5.31592346915 28.5531740264
198 200 6.0468828801 77.2423068689
198 199 5.18187753859 22.9853243379
199 376 5.57976777332 51.1776227552
199 360 4.5764913559 5.68726647872
200 204 4.81582391581 83.097776798
202 1357 3.84895269925 21.4038345304
203 369 7.81133460999 6.81780756549
203 372 8.27690805062 6.14452106729
203 249 5.91655476049 28.810950613
204 381 5.32737186935 5.56562878064
204 269 7.37805103992 162.969994197
205 550 4.65845738229 36.852629993
205 390 5.39888906236 30.2781759896
206 210 4.69778514219 102.690467111
206 214 8.17302460072 81.1236089982
207 283 4.78243315688 32.9442547253
207 282 4.22398364906 35.5482875994
207 587 4.86030989821 56.8719316521
208 212 4.89540388565 20.1856116118
209 210 8.10116165102 19.9779231137
209 211 8.88145024708 20.7588974256
209 1831 8.99071598053 7.63806258157
210 214 4.62015848471 86.7557373286
211 213 5.63624868133 45.9058388224
211 217 6.66497920305 41.3207435278
213 264 6.22486712962 108.368030905
213 396 6.78939131313 44.1838100602
214 265 8.58790997657 90.4525200287
215 1111 4.64196366083 72.5821108619
216 663 3.84577803708 33.0606462649
217 270 7.11492222017 142.458056808
217 407 3.82337053992 21.1618254874
218 1359 4.66823800372 55.8625802273
219 417 5.36694359 107.32416615
219 223 6.69686793538 140.574564664
220 666 5.56577674837 8.13986468451
221 1034 3.62176676768 35.2080514514
222 223 27.6654271114 22.3978914938
222 454 6.27879510936 115.484349346
223 231 24.3763717566 126.693609597
224 432 5.0985100129 12.5564057015
224 225 6.54711344293 26.4935726745
224 431 5.12132024765 6.95287710232
225 226 6.0867872463 56.8348380625
225 436 5.86580203788 69.2540192334
226 227 7.43427944183 5.57314991724
226 233 5.3665407866 49.9343612968
227 429 3.83253713825 53.4346804489
227 426 3.43781405498 25.8964264571
228 1689 5.2215434549 110.087179121
230 448 3.0426310307 16.7077892024
230 446 4.5308047786 9.16341453144
231 232 27.5 7.05779710675
231 233 4.93648731963 141.940463872
232 276 25.6651176622 123.191158394
233 439 5.90347170577 48.703328634
234 242 3.69845592931 49.9508099587
234 467 5.42165922084 7.35210047023
234 235 4.43055660495 38.6153187434
235 464 3.84470020233 40.6482638506
235 236 6.25451234296 18.386877687
236 238 5.15222830105 42.7486222073
236 463 4.63824568601 86.0364167146
237 240 6.21353235143 55.2269651947
237 1425 6.60040520964 526.339746228
237 476 3.90259377415 65.279406164
238 245 8.256716123 49.7867528258
239 240 6.15631695193 83.8072013111
239 509 4.01131028583 16.6047782922
239 245 4.98919012319 37.8882679871
240 489 6.40512466431 4.67038542307
241 242 7.61533739593 11.4493666293
241 643 4.88635522217 29.7931712158
241 492 6.10063039443 20.704042434
243 674 4.79000444944 5.9472338125
244 643 4.44812200313 98.9908415626
244 285 4.5744484471 60.4433215825
244 279 5.23701209313 109.703726775
245 285 8.21483486598 188.991079868
246 1315 7.99324688432 125.317294867
246 515 6.16448460067 9.51395604601
246 511 4.15495436039 76.5277855176
247 1690 5.06258062276 41.477732301
248 1034 4.44588850154 30.8540230396
248 1035 6.03897238909 34.1874111952
248 1038 5.36853690147 31.0594987621
249 250 3.98149817692 51.3380136699
249 253 5.44332073886 50.3732804518
250 258 4.41731960218 113.028928395
251 1037 4.38525508283 22.7815609267
252 513 4.08236095053 11.9001460435
253 546 3.89429093766 75.9212713197
253 254 5.08577233802 31.0060921569
254 292 6.63027766294 137.448945841
254 526 4.47377293358 47.7901705742
255 530 4.55665714302 26.3427236909
255 259 5.62222943134 63.6075614013
255 527 5.81649922224 4.72669689035
256 1037 6.36396121979 5.25547333739
257 674 4.19146933562 10.3121533314
258 281 6.52027385123 58.3312337782
258 525 4.823043661 72.0082320981
259 547 6.12226017742 9.83350406658
259 260 7.99381633099 13.546403361
260 267 5.51794634486 28.6778867721
260 299 7.47054847971 101.4256868
262 677 4.01252312171 8.95107456094
263 1222 5.38592619773 26.7328430075
264 266 6.85504229476 10.8836816723
264 557 7.46344041824 6.12637739615
265 558 7.15928173065 12.5027996865
265 270 10.5978369218 12.666885963
267 564 3.92369002418 40.2525924205
267 541 4.37362993335 10.7009453077
268 269 49.5207933807 49.5995825514
268 301 57.3324225828 43.0956207562
268 629 18.5292697809 389.673195884
269 296 41.5054542362 27.2555673538
270 272 10.6662472638 44.9238918915
271 273 24.3776179415 43.503925833
271 554 7.79472770397 39.2997623845
272 274 26.3607153401 22.5317105621
272 562 5.61138496062 164.864782419
273 296 36.4486503601 22.8705596783
273 274 32.8080320188 16.8458747558
274 295 18.1524772644 34.2873518954
275 282 3.67043192985 63.620569078
277 681 9.2426404953 3.39484903935
279 592 7.00646540024 9.73714752953
279 283 4.16410999004 55.4567604356
281 292 30.6254106073 135.243962853
282 283 4.11646076411 22.0870915627
284 1692 3.5868073961 9.65199193101
285 286 8.42980574916 39.3801209961
286 288 4.26661811812 33.024536714
286 293 8.52949620305 249.088143492
287 1692 5.99070453644 4.75657439761
288 593 6.32455539703 3.60555127546
288 1315 4.11395374481 36.2938470291
289 1044 4.98714736993 50.4586573579
290 305 6.05814185218 154.81060084
290 603 6.55674287698 16.8946142134
290 1315 6.40400666007 98.2501133451
291 685 7.29752875009 75.0195203756
292 299 29.7067938964 50.6175545849
293 611 8.52079772949 12.0415945788
293 411 11.4425201416 69.4586207753
296 614 7.81024980545 41.2075539192
297 299 40.9877984729 61.460466977
297 298 55.6286879087 51.9948988579
297 411 52.4282903068 55.9218368301
298 301 56.8973232936 43.4841362624
298 615 32.1259307861 55.4473173382
300 677 5.19229362124 57.1644912521
301 616 34.043586731 58.8330051927
302 1696 3.77658361585 26.2142108956
303 1117 5.12931303844 16.6153239853
303 1455 5.62989090589 45.1473479296
305 1475 30.3545621315 67.3084550588
305 622 3.46948976575 66.667290711
306 1373 4.96505355835 4.5607017004
307 1698 4.53064291395 17.4926936838
308 1374 4.56201492545 32.5827820713
309 1376 6.03553390503 7.47010709428
312 1704 6.08701061248 14.3627475996
314 1379 7.91425034896 9.30872249517
315 1249 5.92042000667 60.4119117042
315 1035 6.82656924253 63.015379106
315 1225 5.97505945593 7.35698160207
316 693 7.52909848607 41.227869559
317 1498 6.04255297864 100.681517287
317 1628 9.41038806903 293.097579361
317 1479 9.19605792933 254.002923626
318 319 3.16227769852 1.7528548143
320 1051 5.89060858009 7.47654091292
321 695 6.37210574316 9.1482015496
322 1395 5.44703666267 69.5322380455
323 1702 5.11314491502 107.138721659
324 1053 5.0231590271 7.60591874792
325 697 7.54703842602 9.30384918324
326 1385 3.49057215465 13.1976981384
327 713 8.5 5.16623654124
328 1056 4.12324877661 17.195856488
329 1056 5.58024551986 13.4396111152
330 604 9.05458864222 11.7099064606
331 1379 6.05930362166 53.8593400402
332 1828 6.54376446483 6.55551172478
333 702 4.0764154361 26.4354404789
335 702 7.59674263 3.9852854352
336 1712 5.08113861084 5.85234995536
338 1571 4.79519648719 73.0770601921
338 1507 9.35318851471 5.48862460003
338 1505 7.23030482857 55.8797546559
340 1385 5.74727910585 31.4585219126
341 1388 4.08515973166 16.0474815076
342 1714 3.52928221302 20.42722544
343 711 5.4124130295 57.6348254255
344 1391 6.60121352682 5.70293863659
345 832 4.84701810376 116.10492697
347 1393 5.6663470951 59.8805318204
348 715 5.80909970069 8.49255345664
349 1073 6.82157131829 39.1951177801
351 1062 12.6078018526 7.2633776369
352 1064 3.0 3.65547534529
354 849 3.80126570635 79.7221490926
355 1724 5.52167411465 8.71603042952
356 357 4.15094891732 5.54060226477
358 1474 6.90988079797 13.6333732028
359 715 4.9309584259 18.7874251138
361 643 4.37244377755 15.5152025461
362 1729 5.49929558323 11.4505609092
363 1064 3.45313327961 26.4464985125
364 664 6.15388915707 34.9926543738
364 659 6.7320333759 29.2156875319
366 1753 5.52339418631 28.0739835678
367 1400 4.82612983061 7.36835322052
368 378 19.1201791854 52.8683255271
368 1524 18.621275711 57.2930463933
368 807 4.0 21.1273519401
370 1724 5.10709939945 36.4075290341
371 1084 7.03698070376 17.4965151849
374 721 4.65134807527 40.532237647
375 724 6.47728239295 39.0652583657
377 1070 5.4607946543 47.3572994036
378 410 20.0865623277 42.759243756
378 1402 8.03787615539 209.447297134
379 1405 3.41030962672 28.7992214345
380 1755 5.8199661483 57.5694334491
382 1737 3.5792071995 21.7299415852
383 1453 5.5826750843 64.1026315485
384 853 7.15243277643 23.4041939854
385 613 4.49198962911 50.1294977774
386 1570 6.28648721187 7.43076738574
387 803 2.89252790827 10.3135199615
388 1693 3.02225868513 9.81048982289
389 1693 3.5426681065 13.4653174099
391 728 5.14107260809 48.4603226954
392 1074 4.7586387085 33.9939833167
393 1074 6.11632601569 10.8791723434
394 1750 4.2561625584 25.0684174004
395 1740 5.03765553074 64.092862405
397 728 5.68112075427 28.3525558019
398 1073 4.61529697706 73.9859458025
399 1401 4.46306882812 62.5124953873
400 1076 3.9373524956 11.4338931205
402 734 8.89373111725 9.060353194
403 1230 4.86704049983 14.467612991
404 405 4.056986176 18.3736269499
406 1079 7.25995376323 11.273887209
408 1410 2.67712776624 24.5990737414
409 1076 5.67839459319 49.0770881639
410 1540 20.803516352 36.0194091207
410 1538 7.06396210921 130.383728051
411 1475 39.4682232391 19.1147215409
412 1759 4.4375044697 35.8613562143
413 1517 5.35007183513 71.2121190795
414 1082 3.90638527273 22.0158011349
415 1756 5.20042894217 45.3645276695
416 749 5.90134710887 31.0345380227
418 1746 4.13860831391 48.6164453934
419 1084 4.44605861732 63.1445809247
420 1756 4.85171654933 30.5616971661
421 1113 19.8210039602 14.0730656967
421 459 13.0617733002 19.6022957839
421 1103 18.9226704694 65.1832466871
422 733 3.77709442313 45.7617038289
423 1179 4.96942144535 41.050586
424 1414 5.96109569105 17.2522914713
425 1770 5.22482400254 62.157608779
427 1414 4.68507492126 31.4261228014
428 747 3.92910648504 20.672511553
430 1093 4.28070875144 15.9021668445
433 895 7.10042858124 8.87764045228
434 1093 3.74065018585 12.2782545986
435 747 5.43881269274 8.22515873538
437 1094 4.48880338941 27.5443446179
438 1001 9.53662342861 142.327539711
438 1782 9.65088550826 138.526562966
438 1775 5.05885020925 49.1926266566
440 810 4.5489445574 72.471152587
443 1764 6.73355197906 4.58911756224
444 1094 5.37143371092 19.183159946
445 746 8.70650919588 5.73637622813
447 1766 4.25056734228 39.8539574826
449 1424 5.88100920641 11.2240085609
450 1100 6.67261505127 7.5894663844
451 688 9.49302569982 16.1972113897
451 677 4.80178856591 22.2374001159
451 462 5.5964229284 44.2349441699
452 1424 5.8794067297 19.6731995587
453 1400 6.02998924255 3.25
454 532 4.3457231349 67.4843829639
454 534 5.36762692064 48.3624031314
455 1698 3.05133937337 47.9315524587
456 997 4.61835478292 29.6555124346
457 758 4.82004523902 11.4096095571
458 1310 7.52524805069 6.68823594081
460 1104 7.65115356445 4.77624329364
461 1568 6.67584314643 24.320845806
461 1600 4.95252033887 81.7554092553
461 1557 8.47131405616 10.8033659575
465 1766 4.44772487986 71.4538564417
466 709 5.04631136339 5.74799595941
468 1378 5.269465018 42.653795637
469 1770 5.32461302835 35.3769665935
470 760 5.78397978057 51.0988520525
471 1791 4.94365267285 34.5540502257
472 1108 4.92681352956 80.8090723468
474 1432 4.77827126498 19.0835358005
475 1113 11.8402805328 20.6158312954
477 1572 4.42031090027 47.9684716154
477 1205 4.467832773 12.3488556594
477 1574 7.2660184987 8.89798893531
478 1115 11.1925821304 17.2209900993
479 705 6.2261362471 45.8068820421
479 484 8.02096376053 57.6923015162
479 701 7.36410527081 25.6067001446
480 1318 4.6213499018 34.6777803315
481 1774 4.7464377949 70.2770822646
482 779 5.43758687987 11.3834916092
483 1774 7.5491101982 11.6475481058
484 700 6.92078566228 102.382131671
484 710 7.53811614742 66.5547016872
485 772 5.53782158469 95.0107736866
486 1440 4.90567035587 18.257738304
487 689 3.49575516276 5.37702897821
490 1438 7.0276927948 6.65676347785
491 1122 6.01137524176 21.0238245376
493 691 6.24869376086 17.6930050714
494 497 6.91399294765 24.8240358138
494 1523 5.77091707231 71.1167256729
494 918 3.87485288214 51.8031059293
495 1125 2.90608812037 10.1577878173
496 1781 5.2532044534 33.5131518515
497 923 5.69716488028 86.6520746048
497 915 6.22463754685 69.3457044968
498 1126 3.99187900615 7.45512098276
499 1122 6.57595805335 31.9383461072
500 1439 6.72365544207 42.8462891686
501 1780 5.41302828521 20.3349390127
502 1780 4.82492604877 4.7110376463
503 773 3.7484314192 43.434277909
504 1640 5.29690689908 101.898050759
504 1584 7.77683384224 81.8210122101
504 1620 7.58251564626 78.2950011339
505 1146 5.00456146013 72.7686313497
505 1141 4.71052322807 87.1958574048
505 1151 4.78686090648 49.0766495327
506 1130 5.11565794657 9.975161408
507 1442 6.77125121145 7.36751579136
508 801 6.71136657189 39.4058145955
510 1130 7.11981634402 15.4291844932
512 1784 3.80420334329 44.7918499816
513 1088 4.94177692448 8.09690477951
513 1367 4.6297840846 78.0260519119
514 783 5.08563209442 22.0221543095
516 1446 4.43999933922 7.29479255718
517 1140 4.08894941337 45.3872788618
519 778 4.53441557941 101.390529012
520 1451 4.28841609135 25.2801691003
521 1450 5.76030649179 8.45331353681
522 1790 4.2457908891 21.6219999246
523 1450 6.05010696118 9.87854103937
524 586 5.32033445045 232.466244006
528 1453 4.29290075214 25.3648416288
529 1791 3.45644771151 5.09319786301
531 788 6.30788660049 5.74891294072
533 1799 5.52552564572 74.7209366593
535 1142 5.3867561115 10.4578112129
536 1142 6.36396121979 5.06063237155
537 1569 3.86068784332 20.4029609121
538 1462 3.91421365738 3.75532954612
539 1141 5.5 6.67534452038
540 1232 3.77083369031 17.6023376279
542 1804 5.18144486211 6.58118189983
543 1145 5.9319102901 8.99396436127
544 1800 5.86943912506 9.13085428643
545 1804 5.91547584534 5.77169819031
548 1466 5.41547584534 5.88430114797
549 902 5.89911767517 13.6757831112
551 1469 6.24733816661 7.13204058065
552 1470 4.7856074605 49.4414806615
553 1803 6.0615530014 6.43816744113
555 797 5.36363871286 8.31914528728
556 1146 6.21017938941 68.7629441716
559 1153 8.0276927948 5.60446250768
560 922 5.62665950249 28.4699818066
561 1473 3.23610061896 30.8470374595
563 800 8.27853107452 6.65300683902
566 800 8.92442893982 6.15832769508
567 1552 5.26812456573 71.5737090146
568 799 5.8941358728 108.893625918
569 1814 5.28683811061 70.5860179812
570 909 3.78826266024 22.7005416247
571 1485 3.04834908373 11.0452537701
572 823 5.59800999386 29.2931474101
573 1480 5.83920323067 16.1496055482
574 1480 5.40832710266 6.75462804305
575 1163 5.09087482012 49.4065106248
576 581 4.7679558257 12.5194781407
577 1482 5.91547584534 3.0103986447
578 803 4.82538760284 10.287648925
579 1815 8.177384941 34.9264611648
580 1466 3.8590147013 34.2435902027
582 847 6.63018310927 5.04223507823
583 1167 5.18045611408 7.93647885623
584 586 10.4264990664 8.7667925791
585 1816 4.5387743014 15.7233552033
588 1817 5.37805111297 53.5934175301
590 1464 5.88454842852 13.4742717262
591 1164 4.19138011913 47.2849609553
594 818 8.42243203663 36.9972785018
595 817 5.56604992711 6.13001896725
596 1489 5.99551425183 8.43469883033
597 776 7.36654236129 57.8334546045
597 802 4.87238726539 52.4373382055
597 798 6.50248884424 93.4907338226
598 1485 5.71178722382 4.87493589702
599 1160 3.39214992019 36.6579685663
600 1824 6.14171197674 95.5517771274
601 1494 4.51258204017 51.0126184688
602 1167 6.16039712112 16.409463404
605 821 4.86108943115 18.5666705508
606 1826 5.55617747005 39.3767840123
607 1493 4.38461610061 29.141890712
608 1202 5.33015707588 41.6124338557
608 1211 5.05748500373 86.6815364645
608 884 6.57827956673 47.0338389458
610 1156 5.4210974969 57.5412843158
610 1197 6.42458578528 97.0544880936
610 1206 8.37767721887 18.2444352166
612 1554 3.1964344781 63.3573331702
617 1172 5.71755725807 31.1060393175
618 1501 3.4055205804 27.0654118259
619 623 2.93395579068 18.6495278767
620 828 4.93677874622 10.8198956752
621 1173 6.07725687103 18.058999679
624 1826 3.84143380814 34.8592246445
625 922 3.97066247935 20.3475531284
627 634 4.97889600311 17.0841601733
628 1500 5.58978251643 61.294209707
630 836 5.21024495258 37.9203967855
631 1475 22.0514183044 38.861323961
632 1216 5.21578006597 70.0520927637
632 1483 5.38061764121 4.8096050441
632 1214 4.87053272142 50.4039842847
633 1174 5.20979529121 53.4429475601
635 638 8.71569779404 70.7453412595
636 637 6.50802410943 18.1633198981
636 638 4.88976903205 61.192531856
637 642 5.83606642692 58.6167223714
638 655 8.99776609672 102.955061963
639 640 6.43740765626 46.2830184012
639 659 6.1907487163 91.0417946397
640 678 8.72348770457 97.7538158319
641 1833 6.60504975136 69.455104754
644 645 7.78585516635 49.5698846744
644 646 3.62008153808 49.0340554942
645 650 7.46319210267 79.2781421509
645 647 7.31861614843 30.5206932624
647 651 7.86414809147 57.6470648174
648 1184 4.98885794133 25.1596638581
649 1825 3.89081769906 19.8773048468
650 692 8.4283712954 19.6932630867
651 655 7.29803848265 89.0418269812
651 652 5.07116127195 43.4378970338
652 701 6.07233275283 46.2496859665
652 653 8.46783056541 18.4130950565
653 692 4.75097981698 68.435224848
653 695 6.21999873713 43.9036285261
654 1833 6.08210195893 12.9172637673
655 656 12.650889277 12.8706620209
656 683 11.2165604694 87.7195039584
656 678 8.6296012936 136.567034122
657 682 5.64211254866 57.5139619842
658 660 4.06850380211 35.2457260206
659 660 9.10469398954 10.2062700237
660 662 6.67063341043 55.8782518324
661 668 6.66042059641 32.2840763028
661 662 6.16814032831 41.7493533834
662 675 8.12448254309 85.8533248871
663 664 7.04242222824 12.5907138592
663 666 5.12113182345 19.4568439816
665 1228 7.92596723377 151.979982996
665 1189 10.2556755408 147.494828932
665 1231 9.69506973059 104.234755737
666 732 5.64376863612 32.3815674164
667 675 10.0645679477 41.4418061502
667 678 8.04839529979 94.4917942346
667 679 6.50934116584 63.9554773551
668 671 6.47731093902 51.4592145339
669 670 8.30788612366 4.56426335787
670 674 6.12941410617 18.2103777816
670 671 4.47521012862 37.7255145198
671 673 5.35204277008 24.7224217848
673 759 5.00021264869 80.1559337719
673 758 6.09174824227 96.4036301542
675 759 8.88508207244 103.581512802
676 1657 8.30143565838 19.6831893345
676 1659 7.90685943744 50.7916536097
676 1660 5.09742468878 78.2743935286
679 681 7.51306809857 64.2101013932
679 684 6.40759751396 36.6962331268
680 1179 4.89816936041 7.05730634207
681 682 12.5 9.38616002421
682 683 7.4185444852 95.542615153
683 734 11.0551348005 101.430331021
684 688 6.76744159641 63.6410540542
684 686 6.14090380057 30.9376374443
685 690 4.55506468837 60.375224635
685 686 4.90028154894 29.9168160645
686 689 4.19371465805 57.5165119688
687 1825 5.78540042267 46.9174179238
688 767 5.92108965335 35.6263363414
689 767 3.12375006886 28.3740300802
690 770 8.94242271641 63.6049109619
690 691 10.5509552263 16.6079878773
691 736 8.25125916425 143.580388748
692 694 8.42928270875 69.2228302509
693 697 4.84856803449 41.4247721421
693 694 6.09647993508 49.2218299612
694 699 8.77406370709 38.8237696385
695 702 6.28290862946 39.6422823561
696 697 7.387611866 4.821047604
698 1181 4.24216529111 101.355993041
699 713 6.38754106769 82.4496225631
699 700 9.98873085484 28.5619414098
700 717 9.88055176292 100.609938456
703 1493 6.80895484507 30.160238746
704 706 2.76525468624 9.19040549464
705 727 7.40674910256 48.6107517797
707 738 5.293286226 25.8835213336
709 721 6.84263835331 38.4737769454
709 711 6.91986848025 15.8466226218
710 730 9.93714332581 6.72086303982
710 727 5.5703270334 75.6914393193
711 730 6.33418394735 27.5353882928
712 713 7.39040720175 40.7287646739
712 715 6.20597783622 63.6948808946
712 716 6.88142798446 93.1433491081
714 1191 3.41852286416 225.734941836
716 845 5.89050559113 81.6516915771
716 718 6.77168329957 92.7035164569
717 718 10.4547020579 37.9081333761
717 719 5.53270092601 77.7802895543
718 855 10.7535901805 134.11818128
719 721 6.76428399069 27.1082121799
719 724 5.48005533866 54.7872049503
720 1514 4.25480201882 12.9455393213
722 1514 5.40907479448 12.5527982744
723 844 7.46246343134 68.8326389564
724 725 4.24602219125 47.1174082977
725 740 6.51757103159 57.8639345241
725 743 5.30268698248 53.7092902994
726 1184 4.47572061387 64.0513932588
727 728 5.64102331373 38.1233191848
729 730 8.21233751562 49.9453727518
729 740 8.16657659164 67.028306039
729 735 8.71618643116 116.038549365
731 844 4.23421017459 28.8312954975
733 748 4.45071616118 47.8930594974
733 735 5.26047811409 110.494306586
734 736 12.0917792668 13.2547640909
735 737 8.41579440799 35.3493693099
736 737 13.4028080044 35.7641814135
737 805 13.1312582455 131.232350599
739 1616 3.00109824135 30.6004409958
740 741 6.58932469224 36.0701314874
741 748 6.74695748245 89.5530960527
741 743 7.38810864828 73.9233121187
742 745 6.3208611848 14.9744661952
743 854 7.29567923676 83.5922465474
744 745 4.12101499591 29.4303552346
744 746 5.02203230945 34.0363184485
744 747 6.21454628249 16.1842288134
745 751 6.49228564072 74.4881620447
746 756 6.57054498603 36.1213034724
748 750 9.26162935667 29.7997924154
749 805 6.37903544241 147.936044056
749 750 9.94641971016 17.4909410306
750 751 6.22471748297 48.9912055951
751 753 6.7487405063 60.4657982104
753 754 12.4562320709 10.7200746266
753 756 9.4377752913 67.2355941668
754 810 7.98548330703 48.1169365134
754 876 5.9715686439 59.3696675176
756 870 8.49600152338 28.6052999632
757 1349 5.774366875 35.8796125514
758 760 5.94861996315 24.7382654985
759 763 9.58646021616 90.1497918293
760 762 6.4038093649 62.4613148872
761 847 4.81611187373 11.528236951
762 780 5.99350329066 72.5371407236
762 764 6.79371319088 83.5933214255
763 769 8.0121511548 137.122831227
763 764 10.0242542824 29.186306124
764 766 10.1375789396 49.2160666694
765 1188 10.1920828031 29.9362014958
766 784 9.1935619443 57.187921268
766 779 3.72849938592 56.3797195976
767 769 4.55584788412 44.555493823
769 770 9.408389558 20.4684580868
770 776 7.11945669507 74.4883952031
771 1520 6.33754187729 26.5881729907
772 774 6.00591834704 18.8843581953
772 773 4.60507376336 49.7484426576
773 774 4.05929319708 40.5065539134
774 775 5.4117559364 33.6496240524
775 784 6.4985614615 87.0474142542
775 777 6.36208213953 70.6139200367
776 777 6.32313786686 49.3095390292
777 789 5.72932580363 61.8002005638
778 779 6.79111714143 14.0843628037
778 780 3.42457079442 25.202563346
780 783 6.39174553415 34.2119867664
781 1190 4.41394395269 27.4229144677
783 787 7.85267971349 165.760984284
784 790 9.950790911 75.6555250916
785 850 5.1495333841 26.0584876916
786 1522 4.02546029079 18.7532081061
787 794 5.90355475429 98.981577499
787 788 6.33550076444 45.0514513162
788 1053 6.79806412673 58.1331260184
789 792 5.47947598272 63.5685066481
789 790 5.89515678381 122.382221415
790 791 10.4807952442 44.3359031721
791 793 8.57918921124 110.708184429
791 794 10.4346839577 14.1527782791
792 793 6.00266513561 49.1743725449
792 801 7.09182265066 109.931507916
793 821 8.79357643388 28.8202827295
794 795 8.73336674749 115.673703685
795 796 10.7458219862 12.5627708026
795 1054 5.35727163226 94.5014717142
796 1057 9.4405276127 84.3345714859
796 797 5.89368968943 56.332713482
797 827 6.07764061272 48.0830656824
798 800 5.69150978964 64.4841692296
798 799 5.39532070315 60.9832639373
799 802 6.5295256721 58.3220517459
801 802 9.19287725097 18.2126231861
803 804 5.28862703964 29.9517545639
804 818 8.13046528512 48.7313598219
804 823 8.40045559881 71.81652341
805 811 11.4603080195 91.0048899785
806 853 6.63631343842 6.37887137353
808 853 2.93123572218 57.271530904
809 885 4.33936178225 28.1566247986
810 811 8.52645018689 87.2338766909
811 812 14.255359389 57.1723282109
812 820 13.9590550606 66.0318323374
812 815 7.60697699828 79.7157911521
813 1191 6.30788660049 3.78318648761
814 1530 4.34967703818 47.7191206969
815 817 4.51724375436 30.5329503342
815 818 7.75857413866 35.0013801408
816 817 6.48621579905 11.032366938
816 820 6.15439398402 89.0424463747
816 837 4.87571475274 110.653748077
819 880 6.64645180198 330.059704268
819 820 15.3169927308 9.60243226151
819 958 13.3270877842 68.7621944773
821 877 8.60008394178 73.8954587249
822 1156 5.10824782223 95.0686736243
823 877 10.38925738 22.1760435565
824 825 8.21652091797 24.097657656
824 827 5.9948938073 85.3442621086
824 877 8.65126150382 49.4536951176
825 826 9.31524828692 7.49760887589
825 834 5.97673773029 88.1385600724
826 837 7.51389167338 145.267821239
826 833 5.23896652727 52.9710704667
827 828 4.62649348259 24.8335451604
828 922 3.94049292125 29.0279777595
830 1530 5.97283350873 18.4353910918
832 834 7.53870326261 32.0727592214
832 1057 6.8806509667 92.6881615193
833 840 5.32865260133 34.9853349785
833 843 5.06531366501 114.176420988
834 835 5.4769878397 38.179031784
835 836 5.00589994821 15.368543742
835 1062 4.98831451545 149.116232866
836 840 5.10113052017 47.3465941445
837 839 5.780778565 75.8146645884
838 1114 5.82308055914 8.83081803105
839 843 8.34654388005 91.3416799788
839 959 7.18033807607 102.794825493
840 843 6.01903409726 69.7882981508
841 1114 5.85486030579 4.77126817523
842 1532 5.27799577133 6.2135385514
844 980 6.81149896961 213.022068665
845 849 9.25349660485 13.2963276653
845 846 6.85202611385 18.4557738403
846 850 5.56486005731 66.0156764601
846 847 5.15641211902 38.4454747226
848 852 4.48973279863 21.9326493158
849 861 8.15294985511 200.234544725
850 851 4.35717297457 47.8804900182
851 852 5.09205691489 30.0731545869
851 855 5.1294891945 40.1059521541
852 859 5.81818589512 63.1841298279
854 856 7.35516754299 81.5796242167
854 857 6.45208636694 51.863159476
855 856 10.8873592428 27.3455992336
856 863 11.0973523248 89.5023887921
857 858 5.65269650718 43.6287931847
857 869 5.31086246862 78.9795859185
858 872 4.10900248531 18.7046885865
858 860 5.95115296485 39.1321402399
860 1313 6.74181159223 23.8788505079
860 1114 3.86762493711 28.3080049919
861 900 6.25417637606 83.9446765495
861 862 7.11659676894 123.475691652
862 888 11.3338041064 125.299653369
862 863 12.2853927755 16.8283901288
863 873 6.34237243182 91.8769380907
864 867 5.12800625072 37.9930751686
864 900 6.55816223816 44.131113279
864 901 4.72693394745 63.7784046664
865 1532 4.25870647354 65.9532461377
867 901 4.0357144777 53.9328317317
867 919 5.9254628181 38.3035258858
868 905 5.66227769852 4.64004310325
868 874 3.82713195514 49.9166940192
868 886 4.08558126781 26.1418549362
869 941 5.2497364027 8.38890687017
869 870 5.4817126617 28.133317962
870 871 7.52900687209 52.7143262482
871 880 7.44388997069 48.7654796563
871 873 5.90400079682 103.873209568
873 874 6.24253044622 14.1774059383
874 875 6.20296125178 12.1522136025
875 885 4.43185706771 32.0113393986
875 1773 4.31293856225 78.503485612
876 984 7.81831191788 26.8226864784
876 989 6.40776097673 45.6267841826
878 1535 3.2736745852 26.2880729197
879 880 7.35517811771 54.4032620414
879 892 4.80069955749 69.2681644937
879 887 7.37039606239 103.544700444
881 1686 12.6416318549 94.3768074145
881 1685 6.04156366323 52.9789956157
881 1678 13.2980253043 98.7484914228
882 883 4.09687985946 12.8318573952
882 1107 6.60281683552 11.6679051077
882 893 3.87884464481 28.5358204337
885 886 6.5402642219 16.1275834285
886 1055 5.58739913574 31.722471612
887 888 6.90050903695 54.3523020645
887 891 4.76200855478 58.8516633974
888 906 11.3847813133 44.8526148291
889 1123 4.22655914032 41.4465387663
889 891 4.36932997008 35.8152094394
889 894 4.08565956575 51.918803162
890 891 6.58784901534 9.6385525667
890 908 3.75567350322 42.0481223662
890 926 4.01075719309 45.6420301633
892 893 5.2677222213 30.3897840359
892 894 6.32956379516 16.7624884687
893 1098 5.90956034476 19.9915148725
894 897 4.46384872555 74.686922166
895 896 10.0041777879 13.1014963232
895 897 7.33598534517 56.4700738054
896 956 7.69990438286 108.709883247
896 965 7.62007849653 61.4188337523
897 927 6.37899382304 84.0533767319
899 1202 3.17181509865 52.5807761279
900 904 7.27700644619 103.581184452
901 902 6.19701306623 18.6125238709
902 911 4.012968928 31.9629126736
903 1528 4.76158843108 30.002728674
904 912 7.27347352026 74.9665918148
904 911 7.59729094731 54.0444055766
906 1523 11.3404662571 146.948290225
906 911 7.48163332645 88.1548409627
907 1529 5.39989616082 48.3699239844
908 1187 5.00208889169 8.86776713901
908 1063 6.53553390503 4.43846820423
909 1192 5.20485454131 10.6038415376
909 926 4.8142348059 21.7278771003
910 912 4.47041291846 57.3811022117
910 1196 6.18718512496 9.33742805787
910 1199 5.70110716796 35.0827866293
912 914 7.4428065605 56.9701585975
913 914 6.31339227127 69.8719880357
913 1204 5.33236995163 52.6378479598
913 917 4.37270736492 35.4018521498
914 915 9.06261933574 78.8906897063
915 924 7.88255141967 97.7183096669
917 1244 5.88733363429 43.7594838806
917 918 7.7146908229 9.01061296525
918 1263 6.69258213043 4.80208288142
920 1573 4.64667904892 86.2249775024
921 929 5.65419185365 38.5694990123
921 1155 17.4290163458 52.198065467
921 1277 15.5284866495 149.831419776
923 1300 9.68651288115 19.0303031964
923 1303 6.2751818642 29.32945269
924 925 9.64443161299 21.8918990857
924 1239 5.26830723376 145.59829003
925 944 8.05687632025 67.653088069
925 938 5.63022151521 72.604928613
926 927 6.85631158864 34.2099194641
927 1508 6.10507724833 34.5109806254
929 1256 4.86007325146 36.5446967261
929 1260 6.35521790975 104.441224971
930 1206 4.98301078228 50.2239887326
931 1523 12.457004489 24.6890799825
931 948 11.30055605 169.06648512
931 935 8.02946916893 141.333831588
932 1352 4.27342322345 5.9450714458
932 1372 4.302775383 6.1400325732
932 934 3.33495866462 23.800802986
934 938 4.97380172849 64.9811178771
934 1365 4.302775383 4.70106370942
935 972 6.1225893787 63.7420944333
935 965 7.89493144574 83.8323629934
936 937 5.48497994399 14.1590360359
936 972 4.7437609748 66.886978624
936 1382 5.28768891534 45.2711013011
938 940 5.52149265002 18.7911600465
940 942 5.37380590079 51.4176061048
940 1366 4.75897467612 45.350988821
942 948 6.03844411676 75.9612635737
942 943 5.9335092717 31.5362006964
943 947 5.57276817139 62.2449675105
943 1413 5.16231890909 77.6178811808
944 945 3.84926496165 29.2069589981
944 946 8.77838219265 72.8964072169
945 952 6.71782385116 199.59060306
945 1308 5.5093886353 66.4252786815
946 947 5.60028429498 62.3303060181
947 949 5.80998333875 50.6318666561
948 999 11.3284016978 99.5605971256
949 999 5.05157570988 83.5032866258
949 1503 5.81896303897 68.8014575852
950 1536 5.2536401066 88.7018984299
951 1209 4.46376766711 74.5557208434
952 1438 7.32597344978 478.72685729
952 1497 7.53756517522 4.25
953 1213 5.80681360008 37.9791036462
954 1521 7.41739792015 27.0149269711
954 955 6.9655138207 35.0811555102
954 1525 7.35278378707 14.9406964666
955 960 7.81196814137 102.602834967
955 956 8.46641850406 30.2126774134
956 963 4.81338257856 159.336399327
957 962 6.58827728418 38.7202926149
957 963 6.13876080904 79.3916515147
957 965 8.65300321452 90.4271602643
958 959 14.6675249362 13.3175359449
958 1531 6.0910908481 29.2394233577
959 960 13.4536714129 31.5319474867
960 961 15.2044916311 14.83605079
961 1586 5.81072669376 37.9314965525
961 980 14.3659739236 34.7879101724
962 1608 5.28368207682 42.0683714784
962 1778 5.40497003249 50.4320966317
963 986 5.8058035507 145.043394289
964 1253 4.85729989324 64.4465817462
966 968 4.28449523928 34.726964755
966 1613 5.73734963926 15.9957098784
966 1614 6.04931389247 10.6237076095
967 968 4.01651565079 35.1204110256
967 1776 6.22873349406 40.1635681118
967 1623 6.16738759952 30.3177128792
968 969 5.05876145423 56.4820007526
969 970 6.43264601783 33.3980023842
969 972 7.79559008829 12.8497099189
970 992 7.61208940044 132.812848381
970 971 7.0383727869 52.9464708787
971 977 4.38409021313 47.9770754114
971 1658 6.5150615146 14.2345065036
973 1216 5.74449913721 24.2618750431
975 976 6.10918481778 20.1498423368
975 1777 4.12957162232 47.1982261971
975 1778 4.89614220705 43.9671889079
976 1776 4.67925476365 39.2624282091
976 1677 5.04215290035 42.8311655699
977 978 4.49641965318 39.6248215714
977 1052 5.63465073693 33.2484393511
978 1684 4.69244429044 21.7919215026
978 1697 4.58942838463 37.3793455909
979 1254 5.83059777272 36.6816144098
980 986 14.4921592657 110.68107019
981 1213 5.00145739702 6.47750626811
982 1689 6.24822896146 60.4753893626
982 1765 7.3463442097 105.770543528
982 1695 6.77379244093 55.6692650609
983 1736 4.71755691093 13.6764499823
983 1754 3.2339420961 22.4236408927
983 990 5.32285201703 67.5671472747
986 987 16.3010339155 12.1915874184
987 988 7.99545022173 87.8356396657
987 1102 14.7731681802 111.991347903
988 1066 8.35049782275 83.8493796607
988 1743 8.10316758548 18.866377241
990 1778 6.39893556189 28.8322566162
990 991 5.2700909821 70.3845976589
991 992 8.40881257382 107.679324094
991 1102 7.75747596212 143.01276368
992 993 8.6264849915 34.569925734
993 995 7.39455373873 31.3941738406
994 995 6.81919121209 33.9562755535
994 1029 5.6116936042 62.3879789749
995 1120 7.10804980316 124.288325599
996 1812 5.90072068886 17.2047653317
996 1821 3.96004309571 12.0301947723
996 997 6.75582362149 31.3875911006
997 1119 5.85488417315 91.1011352614
998 1835 4.39414282411 20.2326244357
998 1052 4.76074515018 55.394092012
999 1000 12.7530653152 12.618092354
1000 1003 6.7379590248 97.3983723976
1000 1007 11.370384842 67.8738754621
1001 1768 6.07598509231 79.8911527031
1001 1687 9.84094436809 222.737642168
1002 1010 6.28676446263 33.8719362133
1002 1007 6.09707571063 83.6104197156
1003 1052 5.70079717081 55.9969680367
1004 1219 4.82151833645 30.7740588405
1005 1006 5.13063918643 29.7267662063
1006 1008 5.4596828807 26.7889692601
1006 1026 6.70080052185 18.5857790846
1007 1039 11.2468513116 107.129149242
1008 1009 3.89291992717 24.236462625
1010 1013 4.47729110037 58.443006691
1011 1220 5.79486377239 15.0296052943
1012 1016 4.04380843189 38.2268930569
1014 1548 3.64793717474 21.5609744659
1015 1016 4.7682641323 51.858688947
1015 1021 9.32164355128 126.959350306
1016 1017 6.52261633223 56.7354642132
1017 1019 5.22877071815 48.3705824393
1019 1020 7.75781141988 14.4013448133
1020 1040 6.57261391835 61.3974081633
1020 1042 6.36560488394 66.0857550709
1021 1040 6.11016696549 82.1540171542
1021 1022 9.2471681929 53.9860974822
1022 1427 9.05766695879 157.145131203
1022 1044 4.58267693348 30.4662288937
1023 1026 4.33429808596 28.3096283557
1024 1219 4.32957152096 33.2017355501
1025 1032 4.42954944238 43.5927606637
1025 1031 5.75367152525 51.4574015966
1026 1027 4.77910840254 63.6717593438
1027 1028 6.5809473802 32.3447685632
1027 1031 5.06069575707 42.5580205449
1028 1035 6.09022275387 45.9999147806
1028 1039 6.61180397639 95.9534300543
1029 1032 4.27381886191 40.9526366629
1029 1030 5.78345978911 20.7290465104
1030 1827 5.44118740572 13.4356826471
1030 1829 5.73007596353 46.1514678407
1031 1033 5.51983561221 58.5762128529
1032 1242 6.04914395469 51.1498102142
1033 1242 5.26034883716 25.7416634307
1033 1245 3.83682690182 24.6976498277
1034 1038 4.96519814782 106.085385701
1036 1551 3.99618424375 52.2781660986
1037 1245 5.67583648791 34.2630915856
1038 1323 4.04585576391 37.0920602901
1039 1042 11.9673597185 69.9750308578
1040 1043 5.31759899714 65.1946292493
1041 1222 5.3541021347 8.3314164462
1042 1048 11.4017543793 98.4723946088
1043 1048 5.34338271022 72.6710142062
1043 1049 6.16673098218 52.228984029
1044 1046 4.52430543683 63.8063452466
1045 1047 5.68101378447 29.1270226323
1046 1049 7.74469914149 15.9845673449
1046 1050 5.1491334211 50.4322293509
1048 1295 13.0416882615 18.4462441995
1049 1051 4.11332005679 66.7406729157
1050 1526 5.26674936522 37.0086332127
1050 1150 5.07640996694 53.9302550041
1051 1150 4.87629834995 86.6460822943
1053 1054 6.87234471188 23.5972178528
1054 1058 8.05092058671 85.7474293998
1056 1058 4.78907330647 39.0009026746
1057 1060 9.49791563771 77.7344358643
1058 1059 6.86123292253 107.120396465
1059 1072 5.78685625278 64.3630333263
1059 1060 6.79702840986 81.889487598
1060 1061 10.0019871597 87.3212832404
1061 1080 8.16852855746 118.95813481
1061 1067 9.49080154299 136.129186723
1062 1064 6.63261520245 25.4611551007
1065 1552 2.83163179541 29.5500503381
1066 1100 5.3084388564 62.6797445848
1066 1067 9.4335199498 144.348656289
1067 1087 6.60327421096 100.880796763
1068 1070 5.81398503796 32.1291469185
1069 1296 5.4852298247 69.9059384088
1069 1298 5.87865469464 108.27769755
1069 1335 6.45324703989 95.635067019
1070 1071 5.27474142696 68.0657242372
1071 1106 6.1998705107 62.9716531159
1071 1090 6.20651574537 34.6361891443
1072 1073 5.92457252887 34.2066650884
1072 1077 6.91853411117 100.82063805
1074 1075 6.5100338232 35.3250133566
1075 1076 6.05812521905 16.3753433109
1075 1085 6.39877192054 52.1500089973
1077 1080 6.21369266329 62.0293090278
1077 1079 6.04001140644 89.9683618897
1078 1229 3.93009382675 26.7958329666
1079 1082 6.97325697022 59.5972808308
1080 1081 8.62311552178 86.473789363
1081 1086 7.30107279366 129.549858642
1081 1095 8.94323415021 64.3125715849
1082 1159 5.69347768792 62.4251543146
1083 1229 3.82115766127 17.4930285614
1084 1085 3.66642261519 55.9535117113
1085 1086 6.23385095961 39.6988649378
1086 1091 9.27079069064 10.4936379748
1087 1091 6.33162641702 56.2559147707
1087 1090 6.47265117449 54.5634633049
1089 1233 6.68205554992 58.4118800763
1090 1131 5.94478414305 76.6248087598
1091 1092 4.18060662662 39.3233836339
1092 1093 5.75368930468 20.4748633027
1092 1094 6.14942904245 124.512009166
1095 1157 8.81008072615 78.1782578475
1095 1159 5.46917964395 62.2425358974
1096 1138 3.64092385239 68.4077051702
1096 1131 8.42675569871 88.1919450489
1096 1157 7.73709806472 123.041237056
1097 1553 3.85087199055 45.7678675901
1099 1101 6.51106519708 36.5492134544
1100 1101 8.93757911164 17.3665326466
1101 1106 6.27991379248 39.713880324
1102 1103 17.6026923709 21.0888576797
1103 1104 5.18140140983 43.003241122
1104 1109 5.61987381754 92.2916559022
1105 1555 6.23265873048 27.7290305859
1106 1108 5.12910151857 44.849828566
1108 1109 5.76955049708 44.3290393314
1109 1112 6.08491898821 76.5901439121
1110 1408 4.11341431934 44.2543308052
1111 1721 5.63658651145 80.7955795283
1111 1719 5.20875165857 21.33156513
1112 1131 7.97854327351 99.9887400789
1112 1135 8.79888471691 57.1440928385
1113 1115 18.5716321644 35.8861880756
1115 1116 17.1460170007 39.2498406842
1116 1147 7.29206468686 96.6551839319
1116 1148 15.3067563156 166.887760612
1118 1269 5.23521241376 115.287140582
1118 1302 7.35507258978 48.2589633251
1118 1301 8.93694000807 17.4408048079
1119 1120 6.72173424974 59.5564394587
1119 1122 5.15813360883 43.1756936767
1120 1121 8.07023306373 19.6979640897
1121 1124 6.12955766772 78.8945487122
1121 1127 6.46546685887 87.4744999535
1124 1243 5.01840770966 27.2600216778
1124 1126 5.05427306108 32.0772689758
1125 1129 4.59424054202 61.5411612495
1125 1126 6.3379556587 10.2568218778
1127 1128 6.00771592106 57.9346707072
1127 1129 6.16174225393 26.8700886539
1129 1130 5.85750670609 65.2586219764
1133 1137 6.28265366715 60.1778914642
1133 1147 7.78750870652 45.5902321621
1133 1135 8.89885733749 47.9685521923
1134 1559 4.5 3.06960909563
1135 1136 5.14471284814 85.4885802951
1136 1137 4.77053205985 70.6323114734
1136 1140 6.20451840882 53.7035983643
1137 1145 6.0936838086 61.1492048083
1138 1161 5.73307684895 96.1972557509
1138 1139 6.09632108367 42.3273695998
1139 1168 6.20705666583 91.6615582517
1139 1140 5.84778164502 53.3592430866
1141 1142 3.76036060459 58.5834977746
1143 1240 5.13186873139 66.0126388433
1144 1145 5.98846286207 38.7072668284
1144 1146 9.64505368526 10.3377716011
1144 1147 8.19322156864 48.1034177607
1148 1149 17.6612347797 19.9466408724
1148 1151 7.88728907243 171.332238353
1149 1154 19.3373405893 57.8260421358
1149 1247 8.25999806924 206.079336384
1150 1309 7.59249420117 15.8405860155
1151 1171 8.16611420536 65.9070037716
1153 1256 5.31696822177 30.2242366913
1153 1154 8.57142226848 28.4086459346
1154 1155 19.653030677 18.7741410064
1155 1209 5.48757668575 93.3741294941
1156 1813 6.05251111504 59.2082280398
1157 1166 9.86951939211 159.268550477
1158 1559 3.07955824451 30.7386905809
1159 1163 6.99178344064 50.3920771353
1160 1161 7.93625354767 7.66893082509
1160 1595 4.58211849328 16.7693773111
1161 1162 5.80278415678 34.5987026129
1162 1169 5.03787556497 43.3102877072
1162 1167 5.01384070264 32.475722002
1163 1164 6.21983205066 44.2138136778
1164 1177 7.04016412237 166.996094942
1166 1169 7.12375233705 73.648629367
1166 1175 9.82146791624 37.3370948422
1168 1170 8.05371350014 48.3965918743
1168 1171 8.27599791752 122.065987994
1169 1170 7.43309330598 24.6450456394
1170 1174 4.99761451339 50.3706731883
1171 1172 5.81259549945 39.9350416039
1172 1193 6.89470123402 55.4602130176
1173 1176 3.88029534837 64.8323952249
1173 1174 6.4266032014 21.7134597839
1175 1177 6.30264423874 78.3132218192
1175 1180 9.83041372007 73.4850522295
1176 1193 6.70347630684 177.236512034
1176 1180 5.3223296868 42.3399444932
1177 1178 6.45849267154 76.06371302
1178 1179 3.75881534217 41.768117555
1178 1181 6.64776328909 126.987007616
1180 1182 10.430201199 88.3115687269
1181 1224 7.3356549898 205.636166654
1182 1189 10.266611088 89.2211954961
1182 1183 4.6134689485 40.4654715213
1184 1185 5.30056479106 31.4072628171
1185 1186 6.59085511642 24.5552674858
1185 1188 5.41483452602 35.1121012003
1186 1200 5.52042526951 41.9673599694
1186 1188 5.60523482664 54.1795142824
1189 1190 6.67093086439 89.9194507641
1190 1218 5.86063199962 83.5836442471
1191 1238 7.62275187234 247.786870239
1193 1194 9.81755813014 13.1321051514
1194 1200 6.08621589488 103.489978703
1194 1197 8.10373562255 21.0844484524
1195 1246 4.66714342252 21.4865022799
1197 1207 7.21589403634 107.85659654
1198 1246 6.77868860258 18.6879715814
1200 1202 4.66735621451 34.4477223229
1201 1574 6.45100975037 3.11006430802
1203 1574 5.48553837361 5.69342392574
1206 1208 6.64514024017 43.9525062412
1207 1211 5.64073677669 84.493465795
1207 1275 7.21602882997 183.47908831
1208 1456 5.51656812141 12.9926731368
1208 1209 8.7563521803 12.3927284054
1211 1212 6.61446955449 28.1171731089
1212 1213 4.74462577196 67.1501139256
1212 1215 4.61515235705 47.7078918399
1214 1215 5.70115766938 55.9445423243
1214 1279 6.04722039338 63.8643909254
1215 1216 4.44889884487 43.2890987171
1217 1583 4.04712893087 58.8981540801
1218 1219 6.59902429713 16.5347369622
1218 1220 5.7814541568 26.1641617655
1220 1222 4.79390844678 36.6628083187
1224 1228 7.00881098775 127.533964128
1226 1227 4.38905520505 11.578630562
1228 1237 8.54144172176 113.086965253
1229 1230 7.19333588009 8.86442558127
1230 1232 4.74694295836 26.6918076447
1231 1283 9.05285789702 131.941772794
1231 1347 5.66121295442 84.704713807
1232 1234 4.12214065526 50.5678677281
1233 1240 4.81806100797 41.083170009
1233 1236 5.75364348824 45.370898269
1234 1347 7.03082200305 30.1299963593
1234 1236 7.29261583402 20.6142498619
1236 1350 5.2175640375 25.0863073738
1237 1241 8.83424997143 35.6238855306
1237 1351 6.11715561807 130.250186586
1238 1376 7.83746823566 250.608010236
1238 1241 4.32190964659 60.6800519662
1240 1351 5.76528159275 31.9823198481
1241 1496 8.64594471152 93.7223525943
1242 1243 6.10085501817 50.1362089765
1243 1247 6.71533871329 64.6285985435
1245 1246 5.93462510311 27.3543210052
1247 1249 8.35915866537 93.5140993659
1248 1253 5.18826349473 12.8785480245
1249 1262 8.86110019267 20.5029471889
1250 1251 3.10695714678 2.357015868
1253 1254 5.77583867445 36.7701215089
1254 1258 4.58299742023 59.860532367
1255 1328 6.4401598358 21.0189941321
1256 1259 3.73959356328 65.1150567876
1258 1264 7.0697290539 122.424945003
1258 1260 7.2083049817 29.5960410389
1259 1297 5.41547584534 5.83630876496
1259 1274 4.52052490751 6.3842819743
1260 1261 5.75914059204 29.169564468
1261 1284 5.42347231249 50.4657624647
1261 1268 5.10148795064 34.9407984892
1262 1264 8.42575397018 36.393100314
1262 1295 7.96053133011 194.511383115
1264 1269 5.51499705766 90.5605000769
1266 1368 2.97628880677 31.9771795465
1266 1267 3.41996061343 17.7376655313
1266 1364 3.42498572702 27.1540202234
1267 1268 4.82248731592 56.4514587369
1267 1269 4.82278692651 27.1837716057
1268 1272 4.45666731427 39.9752219614
1270 1403 4.09561149504 9.61114410357
1270 1406 5.19016547782 4.61272385597
1270 1415 5.53178642394 22.1527805718
1271 1272 7.23463838764 9.37862735106
1272 1285 4.35983600281 82.3982106835
1275 1279 5.94380605295 48.235000304
1275 1277 6.4922132698 88.3316148613
1276 1435 4.39495836386 37.9662887383
1276 1284 5.25330164954 46.5258739566
1276 1445 4.88377738829 22.4572344613
1277 1278 17.3561983814 19.3010464221
1278 1287 7.35647998102 205.537095803
1278 1293 15.9731517805 127.874482737
1279 1280 4.10446890752 48.4108622144
1280 1488 6.53643988013 35.1103622517
1280 1281 4.90950110965 34.4359120326
1281 1283 5.65413730834 89.0208105867
1281 1291 5.78150749576 59.215090416
1282 1651 4.55944060435 111.885146308
1283 1292 8.56422855441 85.7238197626
1284 1285 5.52226743974 14.6676226367
1285 1458 5.30590122513 96.3738597045
1286 1593 4.25932271991 8.37054856115
1287 1321 5.24119479829 30.8546648142
1287 1301 8.25713458306 93.7798615468
1288 1289 7.87116267823 13.208019185
1288 1564 4.6257258699 51.6212309302
1288 1545 7.16448688507 4.6067884692
1289 1585 4.61594866786 48.7741995202
1289 1326 5.39742153909 50.2589384891
1290 1761 6.31897463551 24.0899654667
1290 1763 5.05841012633 46.2927305755
1290 1755 6.27165217582 57.9697249258
1291 1560 5.63773649775 9.8378897126
1291 1575 5.62113923068 29.8077022259
1292 1330 8.4298446673 111.952601778
1292 1358 5.01484039679 64.1885008374
1293 1330 16.4816197083 74.1916427539
1293 1325 7.09454506584 108.32172805
1295 1304 11.4878063202 99.8864980866
1296 1627 4.5917922943 15.2272603056
1296 1638 2.72782138271 29.4150369402
1298 1306 6.41583907597 86.3076796571
1298 1299 7.41906285477 19.3506777511
1299 1307 5.23497099774 73.4202302047
1299 1302 8.02885501748 21.2217566248
1301 1314 6.3168702989 114.810775234
1302 1361 4.56633748485 117.193606776
1304 1306 11.4200240295 52.4535032195
1304 1309 6.41838127625 86.6508901006
1305 1761 6.65138790535 23.9911946469
1305 1764 4.71108405118 42.2096696536
1305 1758 5.62996187835 73.8309281232
1307 1722 6.22811603546 3.30643312347
1307 1317 4.17990428418 62.4615638774
1309 1310 8.11600229549 25.4344925381
1310 1427 6.39843213112 78.6543833089
1311 1720 5.7503172732 9.64385292781
1311 1434 5.29989286645 89.6465939987
1311 1732 3.55079542137 35.0887217632
1312 1452 5.6405845436 72.8938258813
1312 1340 5.69568467534 31.5651796115
1312 1447 4.66702994737 52.0205592797
1314 1320 4.85219815086 34.8526855753
1314 1317 6.10998343888 38.2572656417
1316 1432 4.81818973024 47.7884999782
1316 1317 6.68089208041 23.6262377126
1316 1431 5.51620204251 51.1114200148
1318 1320 3.80678149512 44.755056567
1318 1432 4.64627411621 27.6428999435
1319 1508 5.34156013822 47.3121130435
1320 1338 5.60604671962 122.327998714
1321 1617 4.71010608762 56.2534623374
1321 1324 4.80106877375 35.1279053822
1324 1808 6.36396121979 4.17731971484
1324 1334 5.26546119315 133.003172903
1325 1771 4.23335234136 28.7154216918
1325 1326 7.31225086986 21.7552181706
1326 1334 6.24504942102 153.329295011
1329 1331 5.92593373081 14.1984965417
1329 1333 5.23563626832 51.2445122148
1330 1332 19.3624996139 38.5502056332
1331 1837 4.49952790816 31.8071071841
1332 1674 17.319478733 111.138416786
1332 1342 6.58012463228 121.34799472
1333 1336 5.31614340794 79.1025333067
1333 1771 4.59834514456 45.4286182421
1334 1337 5.82781660045 71.0110659776
1336 1337 7.97433566573 121.023545207
1336 1342 7.43926155009 75.571086543
1337 1339 8.53661127163 22.5198451681
1338 1441 7.42393122308 158.814371898
1338 1339 10.3095932007 6.97585120254
1339 1448 6.35666703384 107.357824118
1340 1446 3.48428128506 37.2463142945
1341 1508 5.51433213339 60.3987813104
1342 1343 4.93491829796 31.2180351723
1344 1345 4.9941684581 37.5381960705
1345 1346 5.97653018407 61.2940251346
1345 1674 6.53772696806 84.8394948051
1346 1452 6.88523855758 58.0105837213
1346 1453 5.55663588552 74.0979555536
1347 1348 5.43044821531 56.2239259642
1348 1349 4.35488506988 73.9042920314
1349 1359 6.59789219747 16.2411845788
1350 1353 3.65542149652 43.2508847338
1351 1353 7.51373013761 21.1257481804
1353 1355 6.70096664576 74.0803553478
1354 1369 6.75008751847 18.7289240756
1354 1356 4.56525232831 47.4253904487
1355 1362 7.26348802634 129.814000121
1355 1381 7.70139470139 144.721785015
1357 1358 5.41837768897 37.1425665398
1357 1359 4.95130208075 39.4104939099
1358 1362 5.15191656134 236.792942943
1362 1363 8.34707173761 15.3677202167
1363 1404 6.79028088563 205.333253162
1363 1367 4.99067431897 74.7947932719
1367 1393 4.77267073131 85.1931303845
1369 1370 4.00102285138 38.0090285429
1370 1371 7.34205104324 12.8076143483
1370 1380 5.24909061624 118.730935715
1371 1496 5.48284298299 51.7784391159
1371 1373 3.55334802076 33.8683068416
1373 1374 4.76487574665 37.154981045
1374 1375 7.80753564835 6.46606526413
1376 1379 5.95245111643 80.7514875974
1377 1555 3.83247710063 29.9924704887
1378 1769 6.2420376007 46.2039284764
1378 1766 5.31689787422 45.4221798412
1380 1381 7.52380448142 25.6515437237
1380 1566 7.07885799591 78.0902282226
1381 1394 7.89120102708 84.9440496828
1384 1385 5.79626080429 33.3524974042
1384 1410 5.29757999748 26.2424325501
1384 1566 5.33313205289 69.8083621987
1387 1388 10.0408102914 9.71641327077
1388 1389 6.27988779084 61.4609459222
1389 1416 6.98365800001 133.136030504
1390 1576 8.79021374639 127.756222465
1390 1411 5.93324008684 166.044668503
1390 1422 8.77537594053 163.704191654
1392 1612 20.9558100626 80.8812277603
1392 1709 6.29780865164 94.2040247084
1392 1742 21.2751429267 90.5161897108
1393 1398 7.02644350683 21.992944387
1394 1396 4.57839088147 56.5310253492
1394 1662 7.88348314868 81.1544279094
1395 1396 3.7156449183 57.6055442293
1395 1410 4.84460027627 18.8750291066
1396 1397 7.9010855772 4.66960909563
1397 1400 4.09341641121 32.361234989
1397 1412 5.33622375696 65.3165738297
1398 1402 5.13578403759 77.9255206721
1398 1405 4.84159353739 71.2198421215
1399 1599 5.06144543705 16.690026767
1401 1407 4.97848863461 69.4159170185
1401 1412 5.67479888757 23.0283491991
1402 1662 9.76214612422 13.5002022312
1404 1674 17.8191700575 58.5741224662
1404 1524 17.8888577809 93.6622508976
1405 1693 5.6119580661 67.7667845567
1407 1662 5.06517430209 44.5127575884
1407 1409 6.41411308872 71.0930754342
1408 1409 4.12852803478 38.5937099218
1408 1421 6.01713910328 39.7144645058
1409 1533 6.89188111838 42.7982128798
1411 1419 5.01772992152 39.6633193021
1411 1412 8.27700320565 14.181977111
1414 1418 5.60841548724 119.365698273
1416 1426 6.06234580658 221.590899937
1416 1422 5.46179918594 86.2801390125
1417 1568 6.03220065768 27.8874488552
1418 1544 6.41992907782 100.702100125
1418 1419 7.32283654181 11.8782599317
1419 1421 4.93064814052 81.9218870677
1420 1603 4.59978978304 24.893097519
1421 1543 4.87391317169 50.917257398
1422 1423 9.62448892117 27.4102999973
1423 1544 7.27768431341 179.334689011
1423 1671 9.79126552588 111.270635228
1424 1816 5.25521758173 56.8362704359
1426 1816 4.75610182084 42.9114377147
1427 1437 9.41734963567 87.1932177617
1428 1433 3.33307481308 31.8825317904
1428 1429 5.89528442031 11.2666637342
1428 1437 4.27022435878 86.7832792903
1430 1436 2.45028549798 16.6994266025
1431 1441 12.3865052856 131.604141624
1433 1440 4.18371524476 83.1983889798
1433 1434 8.03600876189 8.3082853879
1437 1479 9.55639988689 285.149795085
1438 1474 8.5249981148 129.873249111
1439 1440 4.77447177703 35.653253049
1439 1442 5.50212093977 57.372472998
1441 1443 13.0360328544 60.1595766878
1442 1444 5.64232306089 66.9347511058
1443 1444 6.51004796096 75.0110358134
1443 1486 12.6552783051 173.15954925
1444 1477 6.50836525748 84.9966368867
1447 1448 5.14113818337 41.6609066786
1447 1450 6.26004596614 43.0727470176
1448 1449 5.25659000658 41.8295215892
1449 1451 6.3617149202 25.5098425103
1449 1461 6.75316246547 51.9956590112
1451 1463 6.01052640105 82.2782868789
1452 1454 6.42513017407 79.9016964692
1454 1457 7.85926989495 128.620675093
1454 1468 7.81748057913 73.0031718225
1457 1528 5.14723740015 54.8038941975
1457 1524 7.21588403815 130.545815127
1459 1599 5.58258005159 77.4872611639
1460 1461 7.50166761055 7.64699066515
1461 1462 6.80378597797 11.9413754545
1462 1465 3.56630924228 44.7276766325
1463 1468 8.35985487666 16.0052730192
1463 1487 6.82363166616 154.04629613
1465 1466 4.80386593457 35.1181452462
1467 1592 4.68612501934 30.5850813383
1468 1472 4.86416552088 69.1431884783
1469 1471 5.07545962495 83.9364324184
1469 1470 4.99634910642 26.8808231189
1470 1473 6.18935650679 27.5351873258
1471 1472 4.65785202797 37.0565887527
1471 1505 4.9437336355 64.3177360195
1472 1501 5.16319396102 71.8793400314
1473 1507 5.2143016859 52.3695242919
1476 1482 4.802775383 4.9002550954
1477 1478 5.5984862619 46.7312840034
1477 1479 5.43124062513 47.925910232
1478 1481 5.69133393728 29.8372570401
1478 1484 5.34045639027 36.6541900385
1480 1481 4.65110386676 38.0268095113
1481 1482 5.54683879123 46.5079292568
1484 1492 5.29472199079 83.5307817931
1484 1485 6.36114841437 16.8410633512
1486 1492 6.36427849796 84.902414122
1486 1487 13.8238510293 9.10098559142
1487 1502 12.4550818309 103.885642775
1489 1492 6.42866693004 59.9833716711
1489 1495 5.72762049634 73.0003678441
1490 1491 7.23422342177 5.8918198279
1493 1494 8.65656582379 12.9112472141
1494 1495 5.68872036422 28.0878384091
1495 1498 6.16938248829 46.5622693882
1496 1576 7.98383480256 165.315848429
1498 1512 6.36394195744 103.238619214
1500 1504 5.27404136299 68.1129033422
1500 1501 7.29048386754 16.8881047659
1502 1512 12.7724575855 38.8637028734
1502 1504 6.9513964137 52.4597990409
1504 1509 7.83247951514 62.9686165874
1505 1506 8.62797547618 16.4197393057
1506 1509 8.00236932494 68.2117655672
1506 1511 5.69774142736 68.2500203676
1507 1538 7.68456888746 110.770102645
1509 1515 5.99203773988 72.2812225766
1510 1610 5.33370432774 130.090532182
1511 1572 6.3998574773 46.0758571593
1511 1518 5.90136040012 64.4053306357
1512 1513 12.7963666017 71.8460181414
1513 1619 12.7777681312 95.5476641254
1513 1615 7.19159750383 99.5755631864
1514 1516 5.96719511771 39.1815583871
1515 1516 8.22292436767 7.29467701705
1515 1519 6.51833048574 49.3619705967
1516 1522 4.01988335036 86.0147845671
1518 1583 7.57650242222 48.6270267206
1518 1519 6.54565674185 49.8795669992
1519 1520 5.98076307984 43.9111393953
1520 1522 6.59794130603 33.1153457985
1528 1529 5.86348177734 65.419706646
1529 1530 6.56874961878 13.7777340311
1532 1533 5.86201606245 21.5570799557
1533 1534 4.9647969963 40.5268326163
1534 1536 4.78965848359 47.9292187431
1534 1535 5.32379077337 21.873181042
1535 1540 4.94208618545 91.6150172416
1536 1548 6.70292500142 34.8082269289
1537 1616 3.74809913294 20.5663024141
1538 1577 5.29278539339 179.351079509
1539 1615 4.69143447009 52.5141985851
1540 1542 19.9130849969 125.140659996
1542 1547 7.18322069097 223.146669659
1542 1579 22.3606796265 12.1037184369
1543 1547 4.95844669364 69.7565218826
1543 1548 5.95190852203 24.072345985
1544 1546 7.96245985673 45.3985195381
1546 1547 8.8758592563 26.6644382174
1546 1549 7.61966393769 75.2804055787
1549 1563 6.99012754586 31.2082339712
1549 1554 6.13510652797 98.5032298181
1550 1563 6.86194574234 32.0520722594
1550 1558 6.18912040111 26.3256754324
1550 1551 6.4489099789 67.4124847395
1551 1671 6.58603139871 98.4455661797
1552 1561 3.42901099609 33.4874579121
1553 1554 6.48642841293 22.2053416826
1553 1556 4.54924270663 49.4457290752
1555 1556 7.15716628477 10.6318914614
1556 1596 4.97433046925 43.2208514525
1557 1563 6.87432784126 113.376963289
1557 1596 6.50795234408 57.3055400127
1558 1562 6.39306674721 54.1661730418
1558 1559 3.81614845634 31.6428183736
1561 1562 5.35035729516 22.1840425939
1561 1814 4.92946331961 41.7587227764
1562 1568 5.97026359325 116.218168727
1565 1621 5.06432135053 35.9689543118
1566 1576 6.30887599782 77.546091468
1567 1601 5.08600447831 75.0662490868
1569 1570 6.79805993597 28.1761754734
1569 1815 8.59594350997 17.5587531472
1570 1820 5.93991357926 83.5911191198
1571 1572 8.12905096959 8.18358297536
1571 1573 4.60153959449 64.7324084883
1573 1577 5.61178095172 91.2663202996
1577 1578 5.13973412436 39.9387270968
1578 1579 7.96393531787 139.7486583
1578 1587 8.05016041267 107.523843859
1579 1597 20.9978555972 123.566598709
1580 1625 4.10543103162 36.9681619856
1581 1639 5.32863511599 9.51114139149
1582 1593 6.17432415195 33.5067833354
1583 1584 9.32751926962 24.4647284963
1584 1587 7.64000237329 68.8490135266
1587 1588 7.22456285077 40.6113818799
1588 1592 6.10332036947 85.5623423071
1588 1591 7.14434269051 48.7333759032
1590 1621 7.16227769852 4.80884601542
1591 1651 6.10815276539 37.0186600866
1591 1645 6.3140733478 111.961290829
1592 1594 6.12961989539 45.1114258886
1593 1594 6.09670221806 25.5155426225
1594 1605 5.97970343225 72.9460323813
1596 1598 6.55724873219 129.81218351
1597 1605 6.08637667266 95.972720228
1597 1598 20.9363224026 25.6046804641
1598 1607 20.8228922986 70.5510624103
1599 1600 5.67612457174 23.9672416018
1600 1604 5.22554043694 50.1731492593
1603 1604 5.83710603713 70.6815653029
1603 1834 6.15555144064 55.563752875
1604 1609 6.9028282034 45.7370492593
1605 1645 6.49598788195 129.073322834
1606 1625 4.36637268099 32.5293973216
1607 1612 20.355652135 64.9509240011
1607 1702 7.51763833661 122.103353073
1609 1612 6.2679640674 118.896554811
1609 1610 5.68484942426 47.3854277664
1610 1611 6.17337581981 41.7897699526
1611 1820 7.96659779188 109.940395931
1611 1822 7.4695470725 51.962755982
1615 1626 6.20426500101 181.034865421
1616 1618 5.13594983935 50.729384279
1617 1811 3.60974386605 7.86846687455
1617 1809 3.02173509294 16.7001525317
1618 1619 5.6374515935 39.6742251211
1618 1622 4.8465470467 56.7311006946
1619 1620 13.0958435677 36.3438134229
1620 1632 12.6307825369 90.2955412131
1621 1622 5.28754390766 36.3535153357
1622 1624 5.73398469754 18.3271478137
1624 1625 5.76824535533 16.5647347261
1624 1626 5.0383111109 34.5601749752
1626 1630 5.30422586127 30.2448535907
1628 1665 9.53476976775 224.856355003
1628 1629 6.04304419373 66.1588393196
1629 1635 5.37106378119 42.6217396048
1629 1630 6.37072878258 46.2969557448
1630 1631 7.15604790031 54.6454059107
1631 1632 6.81000631922 49.6178965364
1631 1637 4.03597766023 70.235285514
1632 1652 12.7751614002 64.8964422774
1633 1675 5.52984708567 9.54116470758
1634 1635 7.13436283315 18.0176555612
1634 1636 4.48620691212 27.3033232439
1634 1663 6.53150278165 62.3940341002
1635 1637 5.04044150858 42.3039132426
1637 1694 4.99673856395 46.6603828002
1639 1640 4.10525123476 40.5593612811
1639 1700 3.57594879467 11.4537865724
1640 1733 5.76698650591 34.0855207801
1641 1642 5.68622767056 44.7820699758
1641 1651 6.43046234693 57.3743442794
1641 1741 6.77200174332 6.44049687524
1642 1643 5.69863276356 33.1728988462
1642 1652 6.96051071912 59.5943130802
1643 1747 6.10758668933 10.7508439095
1643 1644 7.48246674184 30.1320247958
1644 1649 5.98419935499 47.2225582743
1644 1653 5.73361683289 40.6203634949
1645 1647 5.29156224525 38.1353333636
1646 1648 4.96674633936 35.0125709214
1646 1762 2.74998671262 21.1401569118
1646 1757 4.71440649458 16.1540755688
1647 1650 5.62152796439 69.5683908841
1647 1779 5.4006652443 47.6132335285
1648 1649 5.05380480914 40.776171812
1648 1726 4.42381491568 43.8547522654
1649 1657 6.74510574755 83.9890327827
1650 1657 7.56821400586 79.8790769624
1650 1701 8.02337230439 43.6838775969
1652 1655 12.9684485299 117.682878295
1653 1810 7.43409117984 10.1248533772
1653 1654 4.52429621789 37.9124497709
1654 1832 5.2067556908 20.5580487571
1654 1659 4.28304379463 50.3732770614
1655 1656 13.0723815608 33.0108462012
1655 1663 6.61578124747 154.624553344
1656 1666 6.15665227473 111.156728185
1656 1678 13.9830998074 23.5811119901
1659 1678 7.58213210203 76.5719379487
1660 1705 6.62483345966 32.0414193242
1660 1661 4.72111401096 51.1610871817
1661 1714 4.6811770576 46.7370871589
1661 1683 5.6031870075 33.6627987806
1663 1669 4.36723258261 127.133101546
1664 1776 6.72336244583 5.63560112144
1665 1676 10.132611955 148.437166548
1665 1669 5.12231781302 50.0506214661
1666 1669 6.82700669919 44.0364250948
1666 1670 5.84322681207 26.5255479833
1667 1672 4.86175125208 32.0485323274
1667 1668 5.09344219665 43.8120771403
1667 1670 4.78948605413 30.3861334981
1671 1817 9.53391447188 162.464627909
1672 1680 5.59158126894 69.4037347169
1672 1679 4.52500704468 30.8280181409
1676 1681 6.77017518513 79.0176331989
1676 1687 10.2318369561 102.079624552
1680 1681 5.279017867 37.3124898397
1681 1682 7.15499108805 54.9872552963
1682 1688 4.48547420048 113.499128792
1682 1686 6.93965235733 84.7301357898
1683 1685 6.00215015146 45.218317381
1685 1715 5.84302584225 53.3978721816
1686 1721 13.6814079104 33.4554966962
1687 1688 5.83177840821 68.3546717129
1688 1689 6.14868945163 39.5082697727
1690 1696 4.81895195322 51.7409137419
1690 1692 3.72989668317 28.0484585457
1695 1696 5.07747889931 33.1030671879
1695 1767 5.70668067028 28.1686726065
1698 1767 3.93319601257 24.7372400802
1701 1708 5.98459554074 115.605880155
1701 1702 7.60888599462 50.0540349914
1704 1706 6.19458384641 73.6959045081
1705 1716 6.75791329381 50.0119764184
1705 1710 6.1421275723 71.2270080327
1706 1708 6.47893363407 54.5528658595
1706 1710 5.60693038131 40.6049028076
1708 1709 8.27320450338 23.9810982375
1709 1734 5.49890907111 38.861651045
1710 1711 7.0395695057 12.0823058019
1711 1712 5.03151039789 54.9518422971
1711 1713 5.07334790357 38.6477653871
1712 1716 4.870834322 36.8719314767
1713 1739 5.77481637136 65.2676218986
1713 1734 3.53595955522 65.3528372189
1714 1715 4.39771611467 29.8559527058
1715 1717 5.66918947462 35.3163366818
1716 1718 6.12026191758 39.7477191164
1717 1718 6.16819731264 40.5363036322
1717 1719 5.93231953247 42.1935576303
1718 1727 8.60353205743 19.259790552
1719 1723 4.04235364613 31.1749227056
1721 1725 13.0373330699 107.334721203
1723 1729 6.40271678814 23.3791589465
1723 1724 4.3401805738 57.7611170825
1725 1731 7.29086901521 112.51714121
1725 1765 13.1439078986 19.1740412194
1727 1730 5.54221061392 69.1868347592
1727 1751 7.65553735609 91.2041248106
1728 1729 6.81568813324 5.06211418283
1730 1753 5.4910309599 41.5342033344
1730 1738 6.28840620209 56.7041656105
1731 1755 6.07101236281 43.407053216
1731 1751 7.46926849815 74.998396673
1734 1737 5.64404699122 35.7074872352
1735 1737 7.38709700081 7.67590801549
1738 1744 5.65264207734 74.8805317087
1738 1739 8.45596130954 10.8820581016
1739 1749 7.228042522 127.477393993
1740 1822 7.94495969481 38.621548453
1740 1742 7.66158052728 125.613174012
1742 1749 22.8815772464 46.4178900975
1744 1745 5.49367594438 30.0203319334
1744 1746 5.08817354705 35.7024307026
1746 1759 5.96798704434 36.2435889175
1750 1752 4.86853741142 46.1002015611
1750 1753 3.64850031242 42.7251559701
1751 1752 8.53877570878 43.3599078755
1752 1758 8.37238210692 64.5556564448
1756 1761 4.0903670891 40.2410871153
1758 1760 7.71946968525 53.2325988379
1759 1760 4.14602290029 49.614307404
1763 1792 5.63201806049 78.166460025
1763 1764 5.1685955985 69.2743500694
1765 1772 13.4808535625 157.58503534
1767 1769 5.69423504644 52.94915407
1768 1787 6.55577287323 179.197921653
1768 1769 5.95703236475 36.8196774078
1770 1783 5.52277213261 19.4518309434
1772 1786 7.78451640882 55.4108519716
1772 1787 13.7039045993 71.9942827698
1774 1775 6.35945464443 36.0953288586
1775 1781 7.13494309696 56.7790348556
1780 1798 4.41951366801 67.6461617286
1781 1788 6.22307509109 52.8209542197
1782 1801 5.82609625945 98.4542309783
1783 1784 3.88580155067 51.3241360982
1783 1786 4.40337903073 58.3069339143
1784 1785 5.11399905073 6.55722821489
1786 1789 7.72730140604 39.657694982
1787 1796 13.8737261153 88.2330069229
1788 1798 5.17100235234 63.9333636315
1788 1797 6.45415653732 76.7545676664
1789 1793 8.06531670795 44.9460030263
1789 1790 4.16503437347 36.2025881741
1790 1794 6.88798565617 21.5002934513
1791 1795 4.27101732012 29.6351409493
1792 1793 9.33614805937 11.0832560243
1794 1795 4.44993623802 40.9594625852
1796 1797 14.6110781996 9.8517809869
1798 1799 6.55570274567 22.9582008101
1799 1801 5.11512662571 46.726732701
1800 1803 4.69600078805 39.4863550043
1800 1804 4.87106954293 22.1618360929
1801 1802 8.12247384022 28.719505061
1802 1805 5.61532741436 27.2107694351
1803 1806 6.049198733 45.1435626625
1805 1806 5.8080984982 65.6395946111
1814 1815 6.62699498436 23.132031938
1817 1830 10.387101755 62.5188771492
1819 1824 5.63116559576 25.3208882482
1819 1820 6.37332049004 101.093028802
1819 1830 6.08842359186 86.7093816458
1822 1823 7.3985694723 114.938877732
1823 1828 4.58649041787 74.5397709704
1824 1825 3.86469063347 31.6396159708
1826 1828 5.3242853459 44.1870778893
