0 1640 16.9631096757 26.6558729248
0 2 8.50025105969 54.5030678787
0 1515 24.9111749366 27.894765001
1 1640 9.59072344988 23.5459815518
1 2 8.42143630573 27.5955128794
1 3 9.59769692349 20.7407508599
2 6 9.47735211245 35.6619808228
3 5 10.6301460266 8.1859635963
3 7 7.43159889972 55.7240438977
4 5 7.1178483963 11.8769735202
5 13 7.72433858328 18.8052762818
6 13 5.79920608468 25.1673150193
6 15 8.11288633541 84.7123077564
8 212 7.93812372106 7.53641884898
9 11 5.2238738888 26.5679038766
10 24 7.37546951847 39.0262647335
10 11 11.5207977295 10.5118980208
10 1639 9.44439541607 38.7614476651
11 12 9.71795989071 44.7100939386
12 13 4.92561175519 79.2627130738
12 14 11.2094833429 11.2974646872
14 40 8.61966101198 21.82475892
14 15 6.86444384048 37.072602325
15 49 8.3187454353 117.630703946
16 362 10.5624461764 31.6506319052
17 1632 6.47294335624 38.1049171056
17 19 10.5747593096 48.4291963991
17 1638 10.8222601278 26.7963434638
18 1611 6.31869916665 41.8948839248
18 20 10.5514167621 23.4858750456
18 39 12.4090805054 4.50693909433
19 20 11.6568546295 20.0242353162
19 21 6.99568488062 27.4416487653
20 30 10.9080486791 57.1946792401
21 1632 7.78507668154 80.127745793
21 39 6.88286754155 28.4381071266
22 256 7.72579553188 10.9496852045
23 144 8.14702597148 15.0200700157
23 26 7.04709250008 36.5178304079
23 1140 6.87781593253 35.5589441017
24 28 6.24601022716 49.3442736992
24 26 9.0616672897 27.9838548445
25 220 8.87149946377 6.58653299374
26 28 8.94170825808 8.96397187519
27 41 5.23150333247 51.8522436615
27 34 9.45446376436 26.3659401114
27 28 8.96086460009 25.2257290495
29 1160 5.80829953544 16.8330334225
29 1611 11.0725030899 10.2997572787
29 1613 8.93250116936 37.1533186623
30 33 10.5145988464 7.11758385971
30 34 9.15934046068 60.6818688817
31 32 7.04888863515 31.8633868866
31 547 5.79697038359 65.3613597205
31 1613 9.80052425598 14.7324984608
32 33 6.78963047622 34.2036558413
32 547 8.59656113961 56.5256490887
33 550 10.1949980868 95.4267430118
34 1152 8.90914331393 14.981866917
35 37 6.84926795959 24.2116191115
36 52 8.46853969157 72.0970298932
36 37 8.80788612366 8.52247029916
36 38 9.27200126648 11.3278418068
37 50 6.64682331668 45.7267271373
39 1603 13.7228623472 24.974153464
40 1187 6.66185987432 34.3684163663
40 44 9.30530623037 23.2171839767
41 51 5.43971739106 42.740844838
41 50 7.0930895621 19.3601197973
42 48 5.15410547507 28.8654989897
42 44 7.55209273326 27.4006275596
42 1183 6.7982122939 14.2239193642
43 228 7.10041924226 18.8379952849
44 46 6.7086769859 29.0058161974
45 999 4.93527024681 12.6901478485
46 48 4.20368107513 29.5108743829
46 49 6.46543630287 49.4807317163
47 999 2.74853710073 10.357001134
48 1205 6.2015619278 3.47311099736
49 61 7.37580803379 73.6969757232
50 52 5.48922442767 39.5377404295
51 52 7.70161666149 8.84898209157
51 54 6.5426415258 29.8528516908
53 1000 5.00701821497 8.22952475088
54 57 10.9286360458 6.83559899057
54 58 8.56272423689 26.8848554249
55 1003 3.38444916354 8.25967152492
56 236 8.63155174255 7.4404300951
57 59 4.94487882656 52.7786570745
57 1220 8.72370209249 5.65386518136
58 569 7.78443964959 53.4627133379
58 59 6.98176612298 14.102060601
59 60 6.94666060109 7.48164589857
60 61 5.21498331121 34.7880451861
60 1235 5.91547584534 2.20907220344
61 575 10.8557734871 37.6040223912
62 65 4.76271661783 51.5947911525
62 1212 10.3303396104 77.3794931007
62 70 8.83804666104 89.9674536658
63 238 4.66615077951 28.6067813067
64 65 7.64615804778 32.8560552857
64 67 7.5908321326 29.2728389382
64 1215 9.05773758332 22.075792856
65 66 9.06858872565 17.4772954848
66 1266 6.37566546542 44.954725149
66 1253 8.51862612871 32.2394643245
67 68 7.90768938471 54.198584203
67 277 5.0593284036 17.7480619184
68 96 8.50716176926 77.0724112468
68 69 6.80646710451 17.4461548234
69 1268 5.9732440558 7.34537442158
69 74 7.09754206777 11.7605697702
70 73 8.0752727216 55.0705455838
70 1275 7.97694173577 28.6204472362
71 72 5.59016990662 3.12929704566
72 73 6.49879934592 9.3419784253
72 111 5.45306652702 35.2222745269
73 109 6.63814587859 30.4326649978
74 1293 5.91896794222 12.6472392984
74 79 8.32250564081 28.4934757496
75 1305 8.7551102909 16.7104058335
75 1286 9.96352306868 41.654795962
75 542 13.1797084808 6.5192024052
76 1010 4.83507974226 34.0447606681
77 113 8.3768535967 35.8794221699
77 110 5.60089643464 43.1833812693
77 78 6.76869984094 16.76623554
79 1349 5.50843076765 40.8291590118
79 542 14.2629206307 17.7522602004
80 1241 11.4878063202 25.9967786466
80 82 13.3560332761 16.8822739718
80 1231 10.9038894755 32.3773454749
81 82 8.16555441153 23.6835109646
81 84 7.08419037548 51.6779547656
81 1231 7.38251176071 65.7301666803
82 85 11.5116043091 16.8006696295
83 246 6.68139616933 19.1151905392
84 85 9.25295955236 23.8620095596
84 87 10.7078328598 24.0309361286
85 89 5.47167550009 41.1809921572
86 96 6.70936228201 28.1970541639
86 101 9.68182020379 37.7000071907
86 87 10.7997531891 7.40405294416
87 92 9.12756721052 19.8560137824
88 1240 6.39843857683 44.202703078
88 90 9.97468566895 6.18243479545
88 1243 5.22732623308 53.1641261107
89 90 7.84923649227 18.2292682299
89 93 7.22214739448 27.9467919945
90 91 7.78195377168 31.3878859021
91 94 9.78720855713 6.67701280514
91 95 7.61401233506 32.0840884502
92 103 4.37563912806 47.8425473198
92 93 9.31314109314 17.8658022857
93 94 7.61215087693 24.5132221549
94 1344 7.5971914957 6.98598171371
95 161 11.2258493589 12.0640432054
95 165 6.58739488982 46.5755464609
96 98 7.79690040822 42.8117024349
97 114 5.40663245884 34.5526653559
97 100 10.3685993484 45.3621843687
97 542 6.5690117095 41.1591460426
98 100 10.2380898825 17.0050868287
98 101 7.45402979825 30.1167732611
99 247 6.80116271973 6.96419413859
100 107 10.1684501499 27.6886451213
101 102 12.9206433478 12.091807817
102 106 13.7145878111 52.1769032414
102 103 6.89410689847 48.7286783499
103 104 7.08689111534 21.3146332534
104 162 8.72588439483 18.7143654411
104 756 5.90155002172 10.4282790654
105 257 7.2780381939 25.0862236336
106 146 15.9916553497 10.5608948485
106 178 7.28730260172 82.0338736023
107 919 8.6200871606 12.1658334519
107 823 6.62579278226 15.714388431
108 112 7.18268693588 39.6337771589
108 109 11.5249376297 13.0920777572
108 111 12.8755745349 14.0788044945
109 112 7.16209135396 39.1209562215
110 111 11.1494921012 15.316005756
110 117 5.17407283597 62.823188707
112 122 9.7544423349 42.2491309254
113 114 9.1252784729 6.77200118134
113 116 6.4586428449 23.2562656339
114 1403 6.94650650024 4.0
115 137 4.23483268021 41.7289567971
115 138 4.80860461244 32.5466101311
115 116 7.12238652594 10.259585142
116 118 5.23119997273 21.211865936
117 121 10.2920175943 15.3186889708
117 1411 4.63568059304 26.7278839491
118 1419 5.16270160675 4.12825629049
118 119 5.60362666592 14.5101506506
119 873 5.5413813591 3.35410196625
119 130 8.99035716744 32.6679356936
120 256 6.09832153575 9.78739789799
121 129 11.5532264709 20.8146582965
121 123 13.3335009916 15.6911018507
122 123 13.0271895635 12.5611730886
122 126 7.35851874088 52.0902538548
123 1426 7.6404277855 18.9095601785
124 1026 6.74899522416 62.3883127877
125 128 14.0999730732 8.16551146911
125 132 9.3037464993 33.8460320877
125 126 7.61986426945 52.1984361385
126 127 11.5 11.5612499324
127 132 7.16829590167 41.8636936579
127 134 6.50380489564 63.0304303597
128 278 16.0826207029 29.638666862
128 133 8.29526044011 47.3116306351
129 130 13.9792146878 23.5320806596
129 1430 8.01868264251 21.1785521992
130 797 15.5884246826 10.360019305
131 262 9.26633465075 30.0886621397
132 136 9.92512005386 25.8395483928
133 801 13.4833965302 16.1166063425
133 279 12.8350993656 16.0034321919
134 152 10.6649177874 32.5503456203
134 797 18.7427842724 29.0596013822
135 1025 5.75865555601 9.09203374127
136 152 9.71530501771 38.5793014452
136 801 12.4028397179 7.33399833756
137 138 6.41242325193 13.5394768587
137 1459 5.32288265228 5.17904431338
138 143 8.70480261678 39.2807988881
139 265 9.02268028259 7.94119008713
141 142 13.0156097412 10.1283019307
142 797 13.2540131439 68.8078167484
142 143 14.5156097412 9.99412327321
143 146 10.580317826 75.4244678215
145 148 8.22136596161 64.4629990077
145 218 4.76564759719 39.5282535839
145 220 6.63680448722 38.4977535139
146 218 16.5626636851 29.0547966895
147 928 7.45622158051 9.25337776166
148 220 7.48833533475 23.1146364505
148 158 11.3831827585 16.5309558102
149 953 7.41182605301 10.3945184829
149 1474 5.58666083487 29.3884354863
149 155 8.11100760385 33.2674244828
150 152 11.1563188951 48.2277010697
150 154 9.81309406707 24.8411735648
150 1495 8.64699101527 17.4624575434
151 154 9.26223686454 13.5664817973
151 286 6.75100422787 34.4295985808
151 287 10.1699008942 5.96154342432
153 1031 6.6459980319 20.5944143951
154 159 5.73175506471 40.0924266028
155 156 7.48866351497 56.723975158
155 159 6.65035993913 41.5738809315
156 157 8.43815612793 6.38846616959
156 158 12.230884552 11.9026257607
158 224 7.1594089139 42.5963342505
159 160 9.68768800619 34.7131099154
160 240 8.6516073528 43.0148068672
160 237 9.15143574866 30.8870090445
161 978 7.51944798927 10.670644644
161 1308 10.1896456554 68.7131116961
162 178 7.24707878623 38.7656767045
162 163 6.47850068719 15.6119048014
163 164 6.1970516972 26.4661075646
163 181 3.90709918756 34.5091282197
164 176 8.85669972334 38.2639678905
164 165 9.74341583252 6.41950153828
165 169 4.98815911934 37.6579035708
166 168 12.3909053802 4.45112345369
166 845 9.84211730957 14.0756882603
166 1311 10.9649714431 29.9498774323
167 168 7.84630654572 24.7208065748
167 169 9.1043593788 10.4342781937
167 175 8.24501986258 36.6879748559
168 172 9.88992144948 11.2198030346
169 830 5.34292719799 44.9509235198
170 171 5.84866005705 39.535689611
170 172 8.64781570435 6.55209890035
170 173 6.84620811623 28.0919708957
171 1332 8.86007804279 32.7361286782
171 173 10.4611922192 13.0056788864
172 1536 8.03229859532 9.43888149257
173 174 8.24834314948 30.2065311447
174 192 8.33609718835 57.1961840305
174 191 7.47136266033 37.3100522648
175 176 14.3814648735 11.873636046
175 1555 8.59862907723 17.0293863659
176 177 10.6594432468 31.8272612998
177 184 10.5810580409 27.4928606903
177 181 9.24452879452 13.0693029524
178 180 9.15784532794 34.7703472474
179 180 10.5754137039 6.7082039325
180 181 7.73350851687 42.4211226264
182 218 15.7368134943 23.0093238231
182 219 15.8723729954 16.1524158729
182 183 9.55314564627 79.4594093163
183 184 8.09634669434 38.3976708388
183 1585 11.2470245361 8.78448567925
184 187 6.35316326528 26.9816078848
185 800 5.13527079225 6.4212232966
185 192 5.36473972224 37.7966098404
185 186 9.24545965263 12.5470294901
186 187 7.97095959777 14.1253591117
186 204 6.00040423726 39.9459656452
187 205 8.57329964717 45.6989913528
188 208 9.28958028331 20.372295086
188 1322 7.10185743282 23.7126584878
188 221 8.09922194999 72.3457922405
189 1332 8.44527968574 62.7697702329
189 190 5.76137542725 3.53836120259
189 191 10.3482589722 26.0249879923
191 195 14.2721339158 47.2682052602
192 193 9.38248458206 49.6827647776
193 201 8.99808497159 24.3125264271
193 207 8.92488325287 19.9529534564
194 1337 7.40491819382 16.6770800802
195 199 8.73660529479 21.2855341547
195 198 5.57538873123 61.3800154918
196 864 29.5824971251 25.6112492594
196 1337 7.73701464007 54.1147443791
196 1339 26.0593485021 17.7275102402
197 1040 5.99405619092 18.4975244494
198 864 33.1260076986 16.460321535
198 203 32.3234663033 20.8291146938
199 201 5.36227576968 20.0082072395
199 203 3.91557540401 67.7279492988
200 201 5.87932674733 16.2890648408
200 202 6.27379508465 33.6383303177
200 211 4.9078517123 27.0818367467
202 217 10.4954954878 34.8642922782
202 211 6.20848411954 18.234698805
203 460 30.2765668996 15.7846167077
204 205 7.09234864008 34.2746121326
204 207 6.89965910551 14.5233170585
205 1477 7.07106781006 8.78208403513
206 1020 6.94023218666 19.2439425113
207 210 7.69720406997 43.6045042918
208 209 7.46163269965 55.954890379
208 247 8.74981552231 33.9851279695
209 213 8.20842266525 31.5072188697
209 215 6.32915776121 22.7269471057
210 212 7.64986257002 54.9209389445
210 213 6.06972083598 28.5539703235
211 212 5.3818059761 28.660804936
213 214 7.00841221997 17.3147138441
214 216 8.52385350805 66.0110063156
214 215 3.59999443872 24.4614674667
215 256 6.55860594778 17.6657069018
216 505 25.023247081 19.2286506354
216 476 24.9815540123 13.2910283504
217 460 24.1089468167 18.8802175943
217 471 23.5092563629 22.8527897641
219 226 7.55487501775 69.2249782844
219 221 14.560555503 25.441037252
221 226 11.1144576426 13.1059766772
222 1038 6.08190508485 9.9135353204
223 224 9.50876426697 8.4659612567
223 233 9.1227444413 41.0151056422
223 236 11.0606389639 19.613683921
224 233 7.14359369681 59.0731436674
225 227 11.683298111 13.1034346642
226 227 14.4321543483 22.4560973867
227 228 13.9937605291 9.11258543664
228 229 11.1616674747 14.3917286581
229 248 4.97646508879 49.0832222937
229 234 13.153109646 20.7031282947
230 1045 3.79025699601 14.3215862702
231 232 11.4244289398 14.8597611017
231 234 7.93928057078 38.501750008
231 235 7.5194131784 18.0741452569
232 233 10.7683879781 30.4526681918
232 238 5.24579227343 60.533018864
234 252 14.3519437672 10.4841843207
235 265 9.58161372388 12.8283231483
235 251 6.01066425736 41.6554376639
236 237 10.6054839857 23.4954900875
237 239 10.0844958867 29.153598132
238 241 7.40990032625 33.7904957747
239 240 5.11364592844 28.3932175443
239 241 9.6608188363 10.8569447606
240 307 6.10623309328 43.0904457535
241 242 6.52774371943 31.121614681
242 308 9.36347344431 39.4756439885
242 246 7.87342347697 61.9919604879
243 265 7.72274378918 32.7317624098
243 245 5.40452497748 27.6448079971
243 246 10.4244289398 11.43558044
244 371 5.50616627762 17.2529960211
245 928 9.91770960838 33.254127162
245 266 7.36130091569 51.0812789065
247 248 9.04140274281 17.1774407287
248 250 7.48644841264 11.0168609356
249 295 4.04248152769 15.4966466005
250 252 6.64599454466 31.1074346105
250 253 4.83749155711 28.5731103145
251 252 15.4747876429 11.5968422791
251 254 8.88795828613 23.6484671808
253 257 6.81175693528 34.8124672383
253 254 8.14208900983 26.9332238209
254 255 9.1983780751 69.3946847732
255 267 7.09216254333 55.6382633348
255 262 12.1949129105 9.42669082977
257 258 7.04228416495 37.707073635
258 261 9.70233149894 51.6446086763
258 263 5.81633247675 58.2142112289
259 922 26.2806157616 8.10977222865
259 507 4.30715293357 50.8922502542
259 261 27.7031421661 16.1261433703
260 297 10.5478878508 35.8757532554
261 505 25.4716517635 47.1751014299
262 269 9.56290899007 34.8379462655
263 264 23.4200404648 41.7192066754
263 922 23.9288776293 9.38398052955
264 514 4.16335412591 47.8204268067
264 271 25.3453796693 14.2895816966
266 273 4.90464315362 80.1527600784
266 267 8.18055978562 20.2868841513
267 272 7.95861642054 56.5279545453
268 1049 6.20942468114 6.91360214675
269 270 7.59546771172 17.7784260059
269 271 4.1968177225 39.1220811298
270 835 8.30058193207 6.92892488053
270 276 9.70148065241 25.7235664748
271 477 25.5 19.7324662861
272 273 7.24093885855 40.976592296
272 276 8.19442579627 29.402739272
273 390 8.75323131287 43.6994930052
274 1051 5.62589723815 5.96653434637
275 624 31.1069871015 12.3989242941
275 276 20.9310014207 38.4356838835
275 518 28.9350064924 27.9384228421
278 291 9.73527875256 127.406864967
278 279 7.68196946683 35.5969436106
279 282 9.18275870974 35.8115947827
280 801 7.42195530144 38.776692063
280 282 6.52974295066 50.4421069663
280 285 8.84846011975 35.406490054
281 302 7.30788660049 3.41247710615
282 283 8.71660936096 40.2839733076
283 284 11.3198890686 11.220071301
283 293 7.22066640387 45.44370162
284 289 7.02725279102 47.0264827783
284 295 6.03820079076 27.4339726613
285 288 8.47761393493 41.6868239253
285 287 6.48869979597 27.7656298446
286 298 11.0 12.7155416715
286 287 4.69450206921 41.5533636954
288 289 7.17775100385 22.4406175363
288 303 8.56669316866 48.405006115
289 290 8.60647402436 55.2516581565
290 323 8.13636496364 37.2006646566
290 303 6.96712850885 33.7324426185
291 330 6.35375363685 85.9461666765
291 293 7.60636248541 20.2590012458
292 306 7.82248531975 22.8359442994
293 294 6.25881233494 33.8119093233
294 297 10.3773199274 32.1680742352
294 295 9.81184650775 8.66589922674
296 312 4.73933392434 16.453569325
297 335 5.45699251224 105.162994927
298 1513 9.77506539278 20.758529203
298 299 10.7251189434 25.9122198151
299 301 11.0460980721 22.6991189256
299 935 7.56110087934 15.8431447776
300 311 7.59901952744 9.99062060134
301 305 7.89064720051 24.8400299113
301 307 9.05818684678 42.1324489365
302 304 4.73695638721 14.5976472263
302 303 8.09124272221 24.1498434728
304 305 4.06808890991 21.9369772963
304 316 6.25586507517 38.2408960877
305 306 6.8366515936 18.0085124549
306 312 5.6671037674 13.317000413
307 308 9.66198506079 21.5258655683
308 311 9.86481511158 22.7676224066
309 316 10.3030872345 6.82293924933
310 368 7.05211114493 36.0301677542
310 369 8.70307394092 28.5352158008
310 311 10.4841842651 6.38846616959
312 324 6.65778627734 40.5460114204
313 1062 6.64569053074 5.32620020049
314 1061 8.07768726349 5.5
315 318 6.3041934967 10.3754517974
316 317 9.06952571388 16.6451228932
317 323 6.54671545092 23.4887347687
317 318 8.32184734195 4.66621144724
318 321 7.32111222005 29.6689924606
319 322 7.75827729681 21.2095557203
319 974 7.61232240782 8.81817664389
319 335 8.11006101902 32.3591515131
320 323 9.71327590942 8.57554662981
321 322 6.83091713501 32.1782383685
321 326 6.86761923007 32.4046224474
322 1079 10.867171608 26.4308952803
324 329 5.52703940004 4.62716124184
324 326 4.98823819404 33.4409468382
325 371 9.0560367212 27.4777375145
325 852 5.79187098506 33.5780630667
325 327 10.0304448681 31.7611502664
326 339 7.07251024246 4.35
327 355 9.27456603468 55.9664822969
327 372 7.52880568731 73.2900514644
328 330 6.53112888336 12.9740124865
328 331 4.78132093457 40.1075484258
328 349 5.56916767086 21.2543395135
330 341 8.01020850964 80.8892991234
331 338 9.86836238387 6.14875297582
331 334 7.98811597571 12.8699408618
332 336 8.82957382962 15.9243075588
332 338 10.2064438497 11.0468256767
332 357 9.156706585 10.1480841554
333 1133 24.8589442035 27.6301827373
333 1142 5.29415117754 40.5562880451
333 1271 19.7372689342 61.7026270699
334 1129 8.16774749756 4.97041245773
334 359 8.0276927948 5.89003395576
335 340 7.33037761388 30.4888880802
336 341 5.32020787749 54.1033465969
336 342 6.52123706947 24.0008596914
337 1069 6.90024344942 7.19957811851
338 363 6.68015861511 9.47008447692
340 347 11.5 7.91470151048
340 342 8.54002872926 29.1338182503
341 344 10.5842764698 52.178062358
342 345 5.34385175967 39.5037828084
343 1070 4.68142733454 48.4964813171
344 1059 8.42448916126 42.7543837493
344 350 9.38976997746 24.0899958508
345 346 4.91257641656 31.226601081
345 350 4.3068116331 37.8537819322
346 347 11.2183536417 38.8258898634
346 351 14.3749587533 18.429551982
347 353 6.39771971792 56.3016427473
348 1059 6.34297864033 65.7248653387
348 350 10.5727673744 21.0608757437
348 351 7.07501834234 39.4134926399
351 354 11.5007259304 28.5407793329
352 1076 6.21905469724 8.89852927039
353 358 8.66479372175 76.1884191496
353 1079 10.6794514654 19.2633802988
354 361 14.698329193 26.6696715359
354 1543 8.27759075165 19.9030776515
355 1079 9.60627785807 45.9102978031
355 382 9.05709876208 85.8015938389
356 1074 8.88710094992 8.93740442713
358 360 9.39710049349 19.2155154048
358 1525 6.59149273735 10.1856773682
360 416 7.26823404506 29.3963724461
360 361 9.02026171965 53.0399717261
361 365 8.04009823565 88.9356936691
362 1059 7.29394138015 61.6561388687
362 367 8.44858713186 70.4498468607
364 1274 5.41036084341 25.3199632325
364 1292 8.30792985133 37.3946468365
364 1271 8.32382488116 49.7264402995
365 418 5.67174488459 58.7308702178
365 367 6.96163052121 70.6650460302
366 1083 4.92592048645 7.63446134315
367 424 7.71601527857 45.5575110408
368 370 7.45816418396 38.5601745319
368 470 4.88638409165 7.9739558535
369 480 7.81133460999 9.370832407
369 373 6.91843107848 32.7239741527
370 928 7.40176495266 25.5491905103
370 374 9.31895384075 24.0113312005
371 372 5.50831097358 24.1731622252
372 377 4.92959756185 23.4979359054
373 374 6.80628195584 64.3977645902
373 375 10.5376702926 21.3616384046
374 492 8.54400348663 0.749999999999
375 377 5.72767330966 40.0370020868
375 379 7.09853869554 52.5078533162
376 498 7.59263191788 54.4556870934
376 533 7.57508603462 107.931404368
376 503 13.6566264495 17.5370812571
377 378 10.6079042207 18.8183625274
378 384 9.75066525869 19.6927921165
378 383 8.51952646597 40.2266257667
379 545 7.79327694388 36.5714332107
379 1343 8.11753392535 12.7323141244
380 381 9.67550849915 7.40354644748
381 383 5.55560204044 50.9979447167
381 519 8.81360834057 25.149042122
382 416 9.57210094119 42.7232539045
382 387 7.80356568202 56.87909068
383 389 6.90899532385 36.8820610635
384 404 8.33600335541 35.0510199601
384 1343 6.72649287451 42.444898225
385 386 6.32652050236 6.13285961799
386 536 4.32968950272 12.2867815151
386 389 7.98651570694 10.2245102072
387 433 5.67628423577 82.6831697729
387 388 8.17962487309 28.02954365
388 439 8.98613124137 42.5549012374
388 407 8.64099570973 36.7233591233
389 407 11.5542135344 29.5689871318
390 395 6.20567213647 63.0764064814
390 396 7.53219622258 95.2797435786
391 1089 8.10977172852 5.58323382996
392 1089 6.8458404541 8.69741340859
393 400 5.28320478718 51.4357055349
393 394 6.48365607286 29.6711024238
393 1343 7.97591632191 19.9819001879
394 410 5.71692448213 37.5864860351
394 1395 10.2096687806 15.8728467076
395 397 6.42005692816 59.9322691254
395 399 8.19219767469 47.0871705107
396 624 30.507535042 14.3620470463
396 397 27.3927051305 33.8832380781
397 398 28.9888746714 21.178415901
398 626 33.0956878662 13.4559466408
398 399 8.11256802708 57.0612558776
399 400 7.5176479896 17.4348195285
400 402 9.02642973546 10.5165039042
401 601 6.15925671999 4.98260910042
401 402 6.84792364894 20.0484888174
401 410 5.4350923156 20.4381519405
402 403 5.61838174822 50.3575778247
403 636 31.9768572327 28.3030757541
403 639 30.6958293917 32.1577630406
404 578 9.7925526661 11.6283520505
404 1395 11.4151991846 12.2563717157
405 1086 6.33355426788 9.91413132856
406 1395 7.17485633781 33.7177518052
406 1429 4.79996267306 30.378338503
406 407 5.5188685855 51.7643767458
408 1121 7.14538087507 20.8092702239
409 434 9.14199733642 16.2872022834
409 1429 8.56228382186 72.6462432716
409 414 8.58958918303 32.8751464164
410 411 8.95618176665 30.1885243835
411 412 7.66853170936 35.9581116021
411 1429 7.31161068608 22.9198010372
412 456 19.8637908204 41.8188743134
412 413 6.97303288655 33.012950812
413 640 9.54029832916 70.1438787388
413 611 8.50326538086 4.04042077017
414 612 8.0 5.48657452333
414 686 7.46110698878 70.8658768379
415 416 8.45468308934 19.3224344293
415 417 4.99284838991 43.8791612388
415 619 9.92442893982 8.15843122175
417 418 7.52436190066 38.6048340698
417 455 10.0411410302 32.7043332204
418 422 8.81024278752 13.4056232787
419 435 7.50422433326 90.2514071365
419 420 11.3358707428 4.63276375396
419 422 9.85314169788 24.1587734904
420 632 7.50946373602 17.9036332529
420 427 9.53696636416 30.8741396641
421 425 6.5892457962 7.83868611439
421 429 8.76348168736 30.817402438
421 423 7.89615829995 36.9236939345
422 423 7.24305332373 23.4204832988
423 428 7.44562580876 51.5879461687
424 426 11.4134579658 35.0521870231
424 644 7.33317126704 14.1203381407
426 432 8.47042913144 56.8172007849
426 429 9.06676508956 19.6977195004
427 440 13.0232048035 10.5864299932
427 441 6.46937063998 33.7565592704
428 431 9.99587236544 19.6116164126
428 430 7.87480399582 21.3630447804
429 430 7.97482487135 20.8843058448
430 432 9.060789257 38.8556622256
431 441 10.0104731477 22.189598934
431 445 6.04736742009 30.4980554119
432 445 9.73183565684 22.74131198
433 435 6.71676461749 26.4524017801
433 439 8.25038719177 8.13019064967
434 436 6.3601761384 23.7272173758
434 439 9.45900327916 11.3445908089
435 436 6.02498209337 28.0517405916
436 438 6.83492673952 110.393718644
437 440 7.83876045531 67.6230781753
437 444 7.79094706257 112.477626697
437 693 7.96134961244 15.1378852803
438 675 21.164887071 56.4109448276
438 679 7.8890142913 84.2817732064
440 442 10.812127857 28.6342888859
441 442 7.33545247777 33.2655130878
442 443 14.8845622324 11.7404084758
443 449 8.00623260581 47.211352793
443 444 16.0131527503 11.6719003761
444 451 10.2973221632 36.7420769293
445 448 8.53007230594 27.176506398
446 447 11.5622577667 13.5712932324
447 448 15.7586810371 10.2240396592
447 449 11.297432415 27.8447908963
448 729 7.67479375906 29.1141071532
449 451 9.1460429804 41.9000519767
450 734 19.0761089325 40.7939027307
450 678 36.9019241333 12.5200838655
450 679 32.8327560425 16.2927130951
451 452 11.5318288803 54.9556639483
452 688 46.0487442017 23.2714954397
452 687 47.3801392443 20.5817159765
453 691 57.5630111694 19.9075990516
453 733 9.60696315797 74.0904705752
453 687 53.8896574197 26.767780928
454 737 7.64005470276 15.0013332741
454 741 10.7326507943 12.8823270007
454 694 15.0142883604 32.8945911411
456 641 31.6168465758 29.2635831488
456 639 30.859927335 40.3829049605
457 864 19.7555227283 87.1860782889
457 461 6.84523288327 33.2865295987
457 1589 15.028181293 24.5167980199
458 465 5.97110347761 26.8050719095
458 466 4.88747670896 45.2392040815
458 459 8.741217008 21.8312891376
459 473 8.40324971339 30.3354501633
459 751 7.30284372908 34.6073192514
460 753 16.9915943146 28.3591255154
461 462 8.30847426425 38.2234422336
461 465 8.55183461312 45.1471164479
462 1592 6.85789595308 44.7250726785
462 463 9.66673851013 9.94145361605
463 464 10.5693397522 13.6829273184
463 467 7.45352582824 57.0167516079
464 484 9.11404702909 50.0049490379
464 469 6.11451414179 48.9510017763
465 466 5.9345133149 18.9019542596
466 468 10.3519099463 8.4999872786
467 468 12.1784713266 8.31105496073
467 469 10.9605002619 11.5579311689
468 479 7.37910071437 41.6990647765
469 495 5.43095123437 65.0474998457
471 476 24.9048596734 24.9877191484
471 780 4.50616660431 35.7393340733
472 474 10.3376428572 24.6324665516
472 476 5.02172584602 51.0829300803
472 782 8.53943274475 5.26315855382
473 474 9.83479419951 19.8240673889
473 479 6.30020651318 55.1485505069
474 475 10.8609610584 12.5041010827
477 517 6.77273198202 70.714516072
477 518 25.7344649989 17.5948374226
478 481 7.21433275184 16.0644211674
478 506 7.66294052741 99.1507097078
478 479 7.7062240634 28.2399307629
481 482 9.52278993777 20.8467880112
481 483 5.30643274653 38.9548700258
482 795 9.96289675339 50.4341141172
482 497 9.48878541812 26.8748490175
483 499 9.92326076241 11.3404144545
483 495 4.59793434499 24.4653914832
484 485 10.7618427277 8.92538514575
484 487 9.11007330017 45.0165014436
486 491 8.39292216113 28.3804878203
486 1612 10.3573978279 27.9619831199
486 1607 4.71852746218 34.1214177313
487 489 13.3746063111 24.9141633321
487 490 9.92242078096 30.4182428536
488 489 10.9473416903 21.0177742224
489 799 9.39569711107 18.4731053326
490 491 10.1884174551 30.2986798392
490 500 7.0859231462 79.9390362044
491 1612 6.2104417938 81.6397798621
493 512 10.3771341193 13.3586312724
493 522 8.50173231951 46.3721868948
493 523 6.71508295915 24.6857627073
494 555 6.81029589933 120.711969041
494 500 8.92962349013 114.591559206
494 837 9.07850028255 31.5592296663
495 496 6.44121504404 42.7773108512
496 498 8.01242909238 38.6780504618
496 499 11.5318288803 14.1056726178
497 499 7.88304606949 27.918785964
497 525 5.60607843504 31.468412043
498 525 7.91437092801 55.559769783
500 501 6.66016941327 39.6704541087
501 558 7.74092376435 60.3736702303
501 503 11.324555397 10.4350371346
502 1117 7.17558860779 1.61245154966
503 504 8.82167702239 16.0524141487
504 531 6.93504617395 48.812329057
504 590 7.24056177663 53.638007651
505 506 10.7861147172 40.1076675961
506 507 4.89373796188 37.9046306433
507 508 7.00103015274 43.5966446738
508 814 8.54608198611 11.7780757346
508 511 7.76785346682 19.1111949591
509 922 4.78689925923 52.3302955999
509 514 6.17950539709 24.2014965912
509 810 8.17502264766 13.4157033316
510 513 7.65848730308 31.2103928335
510 511 9.11401887014 24.6755287171
510 815 6.59770727158 5.12445119013
511 811 5.85503041191 16.6093300604
512 513 8.97404751805 36.2456245718
512 515 8.09181501171 60.0269284439
513 526 9.95120919786 44.8246396626
514 515 7.86921034743 31.4415933563
515 516 8.62805763927 28.0311208567
516 522 7.76631317946 25.0484285648
516 517 5.27947339867 17.9781395972
517 520 7.12893410732 48.9887348256
518 819 3.89429365464 29.658317444
520 820 8.1548580742 12.1429111031
520 893 9.03928616237 28.0904140509
521 1381 7.97905092655 24.53874361
522 524 6.66502323193 59.8071866741
523 537 4.57914957242 30.0391713891
523 822 4.49040541502 4.28894663878
524 541 8.99834967964 22.2271549656
524 630 6.88760515376 38.5320523182
525 526 10.1316511934 26.5540002895
526 527 9.71899907881 39.4630595956
527 824 7.19258213043 6.79411510059
527 529 7.74304658925 66.6251907155
528 529 8.1576174202 44.109698459
528 538 7.07255590265 28.3486448943
528 539 4.22939403934 48.4605054881
529 530 9.28218475365 9.01845567429
530 544 6.43405734134 34.4701795086
530 533 6.60847617245 32.3916741661
531 592 9.58089247638 14.3520754042
531 532 7.88982687445 23.6988195326
532 581 3.38391447067 13.2257324939
532 535 8.59057481935 18.2308794293
533 534 6.37988262935 19.5599334122
534 544 6.54062260634 51.3290229119
534 535 8.7326683679 20.3616927141
535 836 9.28825439733 63.4377667913
537 538 11.3600457754 10.8861479443
537 541 10.7307689345 27.3822022489
538 539 5.83744753566 26.4578173722
539 540 5.73583217164 19.4346018402
540 654 7.81765437057 71.5601898234
540 831 6.54951000214 9.4826156729
541 833 9.68939623652 17.3908265981
543 832 7.69432868568 14.9035733948
543 544 10.0 5.10906057901
543 546 10.9764342812 97.167279052
546 723 6.51350254289 33.2855189771
546 725 11.0981459688 10.4587992927
547 548 6.87617512309 25.1340878028
548 554 7.56646652613 56.2941183289
548 551 6.64288286101 43.8215590445
549 555 11.3937325873 32.1064025542
549 554 9.49941352341 15.9909161884
549 563 6.77983195582 38.6096206999
550 552 11.1225603414 21.5444888545
550 551 11.6589107513 9.25756447453
551 553 8.42697513945 28.9622717639
552 840 7.74636201058 14.1987204962
552 571 9.21828173182 46.6068757776
553 554 11.4438018799 8.19878039711
553 563 6.66127032967 109.228147891
555 556 12.9466650963 13.4514609004
556 563 6.4587637055 30.3387816789
556 557 11.2716630711 6.76248268695
557 843 7.12628451103 12.1527728359
557 558 8.88188781008 24.0964789769
558 560 8.20890034639 36.9151775596
559 1144 8.43738583281 13.3925201874
560 562 5.75682157874 51.1155946554
560 590 7.35642202563 31.867755466
561 842 8.15844632186 11.3822320942
561 571 6.00088545529 37.7433750171
561 567 10.7008771896 7.39256383131
562 565 8.41419485892 43.0243023201
562 847 8.5086740258 9.82056939654
564 579 4.83358668256 27.9531131595
564 565 5.65483770159 32.9941371066
564 567 6.61526264236 50.2690828366
565 566 12.0814485633 11.848308323
566 841 4.87052008205 51.8108125343
566 582 10.8024415352 12.4293207848
567 579 5.34137872446 31.3481659473
568 848 2.52705302468 20.7626196465
568 849 3.90562102564 3.43131409001
568 569 5.65902722671 41.1038822841
569 570 7.5822793324 12.9811497967
570 572 4.66841666911 53.9210239159
570 574 3.9846810966 42.6379216383
571 572 11.2609155834 11.5711663461
572 573 11.4017543793 14.5523194028
573 580 7.79799787071 82.8718084062
573 855 8.37160997423 16.343532692
574 853 5.48218428333 19.5979752885
574 575 9.17628352016 29.7742338273
575 576 9.75102022266 25.7729454872
576 577 4.3268857976 24.7922128953
576 583 4.54738920176 50.9727019984
577 854 8.66766138616 17.7750559409
577 583 6.01247287293 26.3388513895
579 580 6.66642195905 34.2589618349
580 586 6.20473435037 25.9617197875
582 857 6.21586833114 15.9230424347
582 613 7.07222254124 53.2244936323
583 584 10.3724696919 36.8310331107
584 585 14.795630455 14.7923121925
584 588 14.9057265694 45.2388338827
585 860 7.11689190191 23.81781206
585 862 6.54376342032 7.19286466406
586 859 7.92442893982 7.18679344353
586 587 8.9964472379 13.9972590154
587 882 7.05625429525 50.5300543488
587 858 4.6927446469 25.3427922721
588 617 10.1324520111 9.12811590636
588 618 7.1987095762 82.7094129446
589 863 4.60555124283 6.36945837572
589 590 8.63237017519 13.3137992849
589 591 7.38338906146 21.2901161401
591 592 10.3276980563 9.10875413377
591 593 5.87642713432 31.1815787606
592 598 6.77512801221 66.8472437112
593 865 6.87953742034 39.224898889
593 594 10.5752568395 28.4846502689
594 596 7.13598261508 42.8095102985
594 598 6.85139766306 29.4572444072
595 841 4.70091140553 29.413725558
595 868 2.89888404828 19.0997684081
595 597 5.25979867283 28.6905399531
596 620 7.03959429772 86.9154845682
596 597 8.05408978122 47.3330208836
597 841 10.4965618501 40.9399754461
598 827 7.78658204549 24.0778961229
599 603 6.82449176406 27.6571301754
599 602 6.15477560576 49.9792341267
599 827 10.9265859802 13.5814047559
600 827 6.82272208923 36.3817356953
600 604 5.87932595569 13.6156661521
600 607 6.47475714491 78.4269046402
602 603 5.61099666349 17.4038006761
602 725 8.07499721761 64.3080243964
603 604 5.36465802499 16.5970794667
604 610 6.24072744072 63.727647114
605 1164 6.82495687913 6.6158418745
606 1168 5.82203958104 25.0660524825
607 608 10.3576204136 31.6646108705
607 609 11.5841140747 23.8655085846
608 1009 8.36774199746 18.9583216953
608 610 13.091207242 23.5449640659
609 620 11.1565750547 32.8975682992
609 621 7.71032311814 51.8312951117
610 732 11.3731442227 22.2419114922
613 878 8.94974708557 5.70197334262
613 615 8.01830197824 54.8418788608
614 1169 3.31789186149 22.1871607576
615 616 11.0385856628 12.3328828747
615 879 4.10876525792 27.3635184704
616 620 10.040055451 47.9176376713
616 622 10.9685688019 9.19347594765
618 884 8.07768726349 20.5164568091
618 623 9.51155715792 54.457552277
621 750 7.20689433675 59.7252705597
621 742 5.05965690177 23.1680416173
623 752 8.01580244846 177.990889906
623 889 8.8036803077 37.6331876517
624 625 8.61189728944 88.002416616
625 626 8.2651885854 80.7887558408
625 627 9.67998639121 21.7411978855
626 636 34.8701248169 14.0200748928
627 628 5.31228340296 30.6992381062
627 629 4.52429576608 19.8934797615
628 637 5.47854810692 35.7482947584
628 631 6.41090793333 12.6734696521
629 630 9.25925550582 55.0710141394
629 631 7.88514555904 15.1334109773
630 648 9.9765939659 40.2832808778
631 877 6.99656642072 23.0850312338
633 634 11.1413752928 12.6981099341
633 637 7.45483913645 39.5365142022
633 877 10.5701298449 9.86584414019
634 635 9.38392151922 17.8627534407
634 673 7.7049809941 96.8299690571
635 652 8.6076016707 65.5688829511
635 877 6.5340958769 63.6242088907
636 900 10.7484808449 41.9034746633
637 638 6.09952450184 48.4715378654
638 643 9.83779368606 34.9220395511
638 902 10.5685066212 12.9731298192
639 901 10.3349123001 31.1327801521
640 641 30.8384552002 33.196724236
640 686 34.9039781189 17.125332087
641 645 19.2286817308 74.685313013
642 674 18.6014335005 56.0022701994
642 906 9.87048149109 15.972632845
642 918 8.50858556235 11.967664768
643 904 10.2726571831 30.7461048509
643 659 9.28746929833 57.75004956
645 660 10.948407946 71.8099889084
645 646 8.59322133532 51.8376987867
646 666 9.62634765397 22.4926251679
646 662 6.26049420336 75.5989117192
647 1182 10.162269692 10.0531545896
648 649 14.4523202451 13.0594104035
648 908 10.2110109329 14.0356688476
649 653 8.9545537937 36.3881208024
649 654 8.4888498148 25.1717532751
650 651 10.0034275646 10.8018595014
651 656 6.77377388428 72.8743034084
651 653 10.252449648 10.7282055737
652 664 9.4952403809 29.6035996819
652 655 15.2652408796 18.6013500967
653 724 6.75755938395 59.5561405965
654 724 7.2142944729 70.5375016357
655 656 10.9965257839 21.5204553855
655 914 9.05003416046 16.1487237961
656 658 11.5116043091 11.3357840488
657 658 11.6619033813 23.3761630727
657 730 16.0152697363 22.7800007316
657 910 10.4381634407 23.5125102394
658 911 10.2623462677 10.0657836257
659 673 14.6211260285 17.9375738616
659 660 11.6473541757 20.4139348392
660 661 10.7766011776 8.94512678984
661 662 5.79224989547 25.6309383975
661 663 7.43819904327 23.6153022424
662 669 7.56243969584 40.3242146141
664 673 13.2059431076 14.8084435374
664 670 6.40189626381 75.6474231908
665 1218 6.03112888336 5.75847201956
666 682 7.98289362635 28.7072088866
666 667 7.55114078522 10.0568384694
667 913 2.85280616379 14.204848247
667 668 6.22043438206 19.6670031769
668 669 10.9984970093 8.98999443826
668 671 9.38087014559 32.2636479288
669 672 6.67563070568 47.7295848993
670 916 11.2310797702 48.4725595144
670 766 8.68819241912 44.7732649394
671 672 8.73582090141 15.7381172812
671 917 9.94974708557 5.17397332811
672 722 6.92828983386 34.9630514763
674 676 33.3155136108 23.6352490996
674 686 36.0619064598 44.2016382408
675 676 38.8228229686 24.7174028431
675 677 33.7578163147 12.4106808838
676 683 7.93042236961 106.863756675
677 685 7.34961839497 68.6984194677
677 679 34.0110475861 15.7061983337
678 688 44.2529659657 14.7104266098
678 921 6.84594650874 63.5587889359
680 688 5.91467662625 82.1653707666
680 696 8.72467344236 26.9052676229
680 685 6.45780025963 55.226450393
681 1197 8.03495950535 18.9060994446
682 872 10.1097717285 5.99353818708
682 699 11.5827627182 9.48683298051
683 684 6.79712917523 61.9781771377
683 699 11.4211215973 10.0264649802
684 700 6.01952434233 38.412758378
684 685 7.1685205123 25.4048001267
687 696 10.7303389156 87.951823135
689 697 6.19983266081 33.1058065238
689 930 8.61635303497 11.2527774349
689 691 32.1877416069 66.4157585771
690 691 52.6225398069 65.9978826108
690 692 36.0669250488 52.5795587657
690 695 51.7275458204 187.00482179
692 717 11.6080680958 44.5032695285
692 698 6.08251230915 48.6536023711
694 927 10.6394100189 28.4478909587
694 695 33.3422480027 68.6772119156
695 929 10.1562988658 62.30218696
696 705 7.54512386561 44.1426429522
697 714 8.78915344104 41.4064647847
697 716 9.3564635672 14.8856473692
698 716 8.43393068766 32.7200271312
698 717 10.073592186 23.8008403213
699 701 7.61150290266 43.1246360531
700 704 9.50858283375 17.7529284346
700 702 7.77134666792 34.9688868003
701 933 10.556142807 8.17083227095
701 703 8.39945538165 35.4984869597
702 934 8.30384922028 5.40231431888
702 703 12.3321590424 10.0052486226
703 712 10.4102573105 57.1130663689
704 705 6.09547841615 41.6353008361
704 707 6.57248253607 33.9788537182
705 707 9.36012121153 44.0717265725
706 1203 3.88193889819 15.5378268299
707 711 17.4992367251 14.1626917025
708 1204 5.17035483628 9.99667737354
709 936 7.03858137131 11.3262968352
709 769 9.6016729644 7.37004666321
709 722 5.78022212939 38.8311597514
710 939 9.1431297394 27.0251460397
710 781 9.26814770707 120.447796186
710 711 19.6395184689 14.3532793892
711 714 7.26661181464 71.0256501659
712 769 11.0779922854 20.3625353583
712 777 9.84709889208 18.233211456
713 1207 6.51501030573 24.3634899846
714 718 7.98723610755 72.7000570534
715 716 8.41859722137 6.76646140904
717 719 9.15223346396 61.63768177
718 778 7.80549261072 36.8451185661
718 719 6.08206031041 76.6539314672
719 720 9.88091287822 20.5549264168
720 721 6.10393810272 9.86470982847
720 778 7.39900107294 38.4471974418
722 768 9.58707427979 5.77169819031
723 728 6.6594427885 55.8009034761
723 724 6.53553390503 18.7040102652
725 726 10.0589530813 14.1861137676
726 946 6.67132472992 12.0794246552
726 727 10.874753952 15.7813180692
727 731 13.760392342 18.5937881267
727 732 10.4704330618 70.4485805393
728 730 14.4019036214 25.1616553303
728 731 14.5543983153 15.7181155274
730 735 7.89152666478 94.9832992536
731 754 8.59313195881 154.082096006
732 746 9.29258254817 32.0850932564
735 952 8.46352332793 9.27164239687
735 950 8.19459920317 14.926268622
736 738 8.97764079171 53.9941592912
736 770 9.00278537643 14.3313110946
736 966 7.054664992 14.0863983356
738 739 10.0054490716 62.3049206585
738 949 7.57203991681 59.0886680177
739 956 7.2966081328 4.10053038811
739 758 4.77555686963 79.7004948276
740 1210 7.05328880497 54.7193612642
742 1009 5.5318893245 35.0641456185
742 743 10.2257586393 11.4701169918
743 747 5.82619578625 47.9047069456
743 750 5.42982774584 29.630792636
744 745 13.6443128928 11.0875325189
744 746 9.83173022666 34.6686046578
744 754 8.95051100067 20.6634224067
745 747 11.360402434 16.2306844014
745 759 6.30112832991 28.9437938525
746 959 5.90162888309 35.2927875023
747 749 7.73606777191 9.39161860384
748 760 7.37698436227 43.9477539236
748 961 8.6675983112 8.12426499424
748 759 7.12076140215 24.3665368488
750 752 7.3331356516 69.6141614546
752 760 7.44397641881 60.9891029643
754 755 4.85679040266 46.913538517
755 761 6.89974990163 32.6368721169
755 759 6.97769796873 24.3013773113
757 761 8.48611940656 21.5548049916
757 963 4.10919728231 31.8357886207
757 758 9.97169606579 14.8980818666
758 764 10.1338217353 43.0911653827
760 762 11.210499713 47.2712386129
761 762 17.2157308653 38.8328568177
762 764 9.8095047648 65.3466503269
763 1217 8.15389581617 31.2522689114
764 794 9.82733646162 189.896766788
765 1221 6.03126686559 7.15099899783
766 776 7.51127497228 36.2729680621
766 767 6.24744544962 27.5513290788
767 771 5.21108200063 40.6275865208
767 964 9.54848191149 9.89814165855
769 775 8.88016201626 58.2060609204
770 776 9.74341583252 5.64358042381
770 773 7.4813552503 56.6189976711
771 772 9.56365361764 26.3783676595
771 774 8.59175750747 33.5418109502
772 773 11.0276927948 16.1319558641
772 975 6.30792451074 23.7773032195
773 957 6.43041218374 98.750477552
774 785 8.06491314116 25.220691758
774 775 10.0009821927 32.2880178408
775 786 4.99999950556 63.3364756236
776 954 3.82268125107 19.4392924532
778 779 7.86499438222 52.9015884911
779 969 6.32475906594 35.8406560193
779 791 8.28343844258 81.5139662455
781 786 7.63321735198 21.1683999758
781 790 7.72602961176 13.855519489
783 788 8.43629595029 65.6915016097
784 1228 10.8623839196 30.8506733789
785 968 8.10977172852 5.14781507049
785 787 5.29502562562 26.2206283808
786 789 7.31477011554 10.3418087754
787 788 9.33092081518 17.2213662317
787 977 4.90826060811 4.2382048812
788 981 9.77995967865 8.5529234768
789 979 4.04788128304 21.2501956297
789 794 6.98399608394 22.4147162707
790 792 5.78236264964 28.2642041267
790 980 7.06740283966 3.59339672177
791 792 7.03068769323 42.7077957681
791 972 5.47237373154 15.3842646754
792 794 9.76768731616 28.7720398228
793 1232 6.72287200455 15.1880311781
796 1237 8.6345539093 19.7202941155
798 1249 7.13450088359 61.7344462201
802 1252 8.573854744 5.55946194836
803 1254 4.9029781242 14.7331142971
804 1256 9.4135892785 21.6156293953
805 1247 7.12959003448 5.59732078766
806 1256 8.76242923737 8.93588272081
807 1260 10.2201538086 7.02886904132
808 1264 7.85730701341 18.9240253166
809 1250 9.31150911584 33.422106794
812 1269 6.99415683746 3.25729949498
813 1270 2.64981944173 15.9046009769
816 1273 6.67132472992 8.93154521905
817 1277 5.27337277375 38.0947559467
818 1278 5.59708690643 7.61987532706
821 1291 3.48193471142 8.36684080077
825 1301 9.94509558 20.1404607117
826 1303 5.86108625816 19.530006119
828 1304 10.8313093185 9.43464360747
829 1307 9.18735914247 16.7593465125
834 1309 5.03221853759 47.0993513347
838 1326 10.3938155185 27.8417644152
839 1329 3.20670621988 13.4552426848
844 1330 7.54491549129 17.5865844918
846 1341 9.8815987486 10.6344748665
850 1092 6.85067272186 9.82980162567
851 1350 8.22682763631 9.90612128316
856 1355 6.40512466431 3.2
861 1361 9.35654726968 6.79872561018
866 1367 9.13338549169 14.9015280069
867 1400 5.19311180351 22.7864481591
869 1372 6.09268188477 11.6841773352
870 897 7.76598150991 18.3006147438
870 1418 17.2734069824 12.3629486774
870 1398 21.5450780704 19.1128443395
871 1248 6.05367930272 33.9422446483
871 1252 8.09786383846 11.1673505664
871 1261 5.87623399992 44.8051749325
874 1383 7.42442893982 6.76830850361
875 1137 6.01852739499 77.4977893925
876 1385 8.14541619833 9.42752712539
880 1392 10.1445827484 4.46346278129
881 1145 5.73971398281 5.35373836025
883 1393 8.8541021347 7.08695985596
885 1397 5.338445358 14.0911232892
886 1399 5.29789804275 8.65210458527
887 1399 4.1162308522 10.0922503319
888 1517 9.05821418762 8.05139739424
890 1401 7.16471862793 11.6280909869
891 1408 9.7035409727 18.027628384
892 1409 9.9793296989 8.30227311636
894 1412 8.52997970581 15.2069063257
895 1398 7.21949553012 44.8996299703
896 1418 10.5652046204 16.7965770322
898 1421 7.28888703994 28.2398014091
899 1423 8.29756733996 14.6800893054
903 1425 7.42442893982 10.4246103045
905 1442 2.57529902666 13.5365151763
907 1442 4.73606777191 2.46221445045
909 1446 9.13014793396 21.4674171711
912 1461 4.45556718817 38.0151357895
915 1470 7.07251024246 4.42295150324
920 1481 8.57957235975 11.7695525664
923 1485 9.20648600069 34.8203099888
924 1489 7.3385930082 13.9495543997
925 1489 8.46931822938 15.9917618803
926 1491 6.14119291306 4.00249921924
931 1493 4.4553243928 26.6569454215
932 1494 5.41547584534 2.34360832905
937 1494 4.3757918258 28.7778178545
938 1500 8.80856905976 40.7195890553
940 1066 9.72825057813 17.2238419694
940 1011 10.6666571134 28.1565411762
940 1062 7.01992270093 22.5828853068
941 1511 6.31138309581 15.9762489129
942 1512 13.3603725433 28.8998269891
943 971 5.80788660049 15.3941547348
944 1625 12.449640274 5.85
945 1516 7.14625787735 10.1514777249
947 1524 8.28329507038 10.1646294239
948 1422 6.56452468236 19.0276681091
951 1531 7.62309330708 76.3185380461
955 1535 6.53847222751 16.7449143775
958 1009 5.51008442423 17.9134801437
960 1546 9.07879839198 41.1734693697
962 1558 6.53112888336 7.60345316287
965 1568 8.28002262115 4.0
967 1578 7.23269081116 6.09631035955
970 1580 6.42623533683 31.4682379551
971 1512 18.2955632613 22.6730660952
971 1514 15.737386511 26.6427742293
973 1104 8.58828819964 42.5314519375
973 1097 10.3946526408 19.4531488454
973 1096 4.05689791802 41.2468500086
976 1587 10.9031245683 10.1362252954
982 1595 7.21081775161 19.1210787427
983 1602 5.16824985588 20.2508576729
984 985 11.4011145503 59.0475504009
984 989 6.75974221879 67.7822883464
984 990 10.4809859007 38.7542702558
985 993 6.55669169158 46.2775812889
985 987 14.4848041534 13.6310307754
986 1601 11.0347909927 16.7667826371
987 995 6.10963132435 36.863189338
987 988 9.28960946916 42.8201905005
988 997 4.48157878551 68.2835238382
988 998 14.0203365828 30.9162679877
989 1012 5.99275817142 44.2166404947
989 1005 8.38690750685 47.2223872643
990 992 8.4809605717 27.6058235102
990 991 8.2567248132 21.356313343
991 1012 8.05289389496 29.7298751959
991 1013 5.94050804377 26.4575542507
992 1013 10.9170796471 16.7602354003
992 1015 9.8068685755 41.607224361
993 994 5.88513543307 31.4548601434
993 995 5.27676624146 16.0377656626
994 995 5.70456583028 40.879565162
994 996 5.15452331145 31.5269262566
996 1021 5.07547604117 38.3652215367
996 997 4.42496023001 63.7732766846
997 1024 8.75965937326 20.7219569635
998 1002 7.64425426126 40.7883467315
998 1014 7.86387437555 56.6541313315
999 1000 4.97067342336 10.9649685769
1000 1002 7.36507730118 16.050144209
1001 1002 10.4161402924 8.92794557124
1001 1036 9.1860842924 32.1675721196
1001 1014 7.05684422837 33.3827075729
1003 1004 4.42687625069 34.6744135361
1003 1005 7.67135818138 24.2158475758
1004 1008 10.2075663322 32.4446971487
1004 1007 5.64410875353 74.7058577339
1005 1007 6.99077064437 36.6625606606
1006 1610 7.80753564835 4.80234317808
1007 1010 11.5929851532 12.1823643025
1008 1052 7.63833972825 52.3993314856
1008 1050 6.76413433339 62.0312425238
1010 1012 7.56862574257 65.2006752774
1011 1018 8.30606930818 161.293799722
1011 1061 7.3141764963 54.9490579731
1013 1015 7.36000551912 71.4765715001
1014 1016 7.97815531857 40.226339606
1015 1018 12.737984708 18.8750665308
1016 1036 6.85247192925 65.0359368662
1016 1020 11.5207977295 21.8980592747
1017 1613 4.3150097901 10.0420011884
1018 1019 11.1123976738 28.0501782526
1019 1097 11.148922544 54.971018615
1019 1099 8.19077387799 32.8641942569
1020 1037 8.62701489232 50.2208914033
1021 1022 5.81475590861 35.5556583319
1021 1023 5.31904841622 30.9335984369
1022 1027 6.5052009272 92.083062424
1022 1023 5.28413583027 33.2755512287
1023 1029 8.84382907558 52.9667733779
1024 1025 9.03553390503 6.31050711116
1024 1026 6.09958627736 75.9965502575
1025 1026 4.87064931455 21.4866367883
1027 1148 10.0886851247 50.8640067607
1027 1028 8.78561517771 33.6678820356
1028 1032 10.764213562 16.0954186028
1028 1031 7.6716680345 30.6328963187
1029 1031 6.46144715663 37.5827666732
1029 1030 9.51111219527 40.6283833365
1030 1040 9.81948939108 16.9086246531
1030 1043 4.71520669906 52.6825876331
1032 1033 6.5016658 52.9040496368
1032 1155 9.02082583233 14.9232875201
1033 1034 10.192506458 12.9962555101
1033 1035 9.13417679956 34.40519818
1034 1176 4.75725526092 27.4161428418
1034 1174 7.44402502778 28.5980613402
1035 1176 7.32510390048 35.2896781727
1035 1043 7.81971834989 9.27819476171
1036 1039 10.1670511441 72.0580734736
1037 1106 9.10483130856 43.6529263384
1037 1038 5.95590367733 70.6508600139
1038 1046 5.12588164175 12.2601055966
1039 1040 9.51776267932 55.506955744
1039 1047 16.5310255049 29.3999835557
1041 1179 10.5789468356 61.3332144649
1041 1045 5.46709098816 27.8170375681
1041 1047 14.12292099 12.6060501348
1042 1627 7.67369842529 4.68401537145
1043 1044 10.6883341502 26.4391253016
1044 1179 7.49227946407 64.2163588095
1044 1045 6.51647200715 23.5937082178
1047 1048 14.7959247098 47.6540746463
1048 1106 9.29477723396 60.5265196684
1048 1108 11.0288939512 24.862967913
1049 1108 5.65887862429 25.3342369256
1049 1250 6.23518913383 67.9112050926
1050 1051 8.53553390503 6.260990337
1050 1053 6.71390684733 58.7474368687
1051 1052 5.79288828206 31.9814319936
1052 1054 5.52116662154 34.2119778341
1053 1073 8.19176416923 102.620108824
1053 1054 6.30665450564 41.6973083268
1054 1055 12.5402021408 9.8005101908
1055 1057 11.6469020844 11.6828934772
1055 1060 9.88622866588 28.0114341208
1056 1060 2.58930729716 19.6885110979
1056 1061 4.12097729592 42.1654570953
1056 1063 5.107644869 49.9701007231
1058 1068 4.76122510018 53.9896729333
1058 1060 7.06476527245 18.4551736038
1058 1078 3.67955985761 49.8064376444
1062 1063 6.32809046017 22.9835693518
1063 1068 4.57179492641 39.1836355713
1064 1634 9.93472644927 10.787963575
1065 1066 11.5083220357 19.8174796581
1065 1067 9.21109960976 39.2271373424
1065 1094 5.58646428456 37.6205131961
1066 1070 6.11526772936 40.9105576486
1067 1100 11.7216739655 22.4475499777
1067 1071 11.0207977295 6.36553218514
1068 1069 7.50861441275 10.98691709
1069 1087 6.60695977873 17.5496755843
1070 1071 6.40978265264 32.1854836354
1071 1072 8.69102376204 31.7042280758
1072 1090 9.30282144527 44.7267660589
1072 1100 6.4678661815 40.4598744639
1073 1080 9.05217966126 35.9069230849
1073 1076 5.52490444684 43.3721751355
1074 1075 10.0209132212 30.142160347
1074 1078 8.99071598053 8.48999411072
1075 1076 8.26941583156 11.529467213
1075 1077 7.53977857548 26.95288738
1077 1083 5.23189131553 25.7318963145
1077 1085 6.19603635294 27.7698110128
1078 1087 7.69844272381 83.09732975
1080 1345 7.36634521051 206.512814143
1080 1081 9.38766311825 12.0464414021
1081 1082 6.02760174834 21.5892827464
1081 1084 5.81787942822 33.9512204349
1082 1083 7.66463812162 8.13582274602
1082 1084 5.6767798695 15.6193801864
1084 1085 8.09330265514 39.0399655499
1085 1086 9.78338706402 32.0150283718
1086 1091 8.10975296278 73.4765919581
1087 1088 8.1794876447 16.2700500351
1088 1089 8.04464422447 31.5962152691
1088 1093 6.41009365309 44.0575221316
1090 1116 14.8242009127 23.7922871533
1090 1093 8.00749660079 56.9351853974
1091 1092 10.6012373721 28.567901568
1091 1093 14.9286661148 10.8449296909
1092 1341 9.88667776133 38.4539256268
1094 1099 7.12757785645 33.058145477
1094 1095 6.42789029339 39.7334157792
1095 1096 4.89996318995 27.8332672364
1095 1101 9.10685091684 40.5025670229
1096 1099 8.75037579517 15.0174535119
1097 1107 8.19454393533 50.2344001795
1098 1636 6.21549885676 20.8551895827
1100 1101 14.1589107513 9.55418756358
1101 1102 9.08607517578 17.0816582568
1102 1104 6.45034418059 55.6700151538
1102 1103 5.54712805612 21.2906395476
1103 1114 6.21500739633 32.3215502595
1103 1115 8.12482839924 55.5153187229
1104 1105 9.72270487021 23.6010392261
1105 1113 8.78118211094 62.5572196077
1105 1110 8.30959017529 27.1330325637
1106 1109 7.79938259746 80.278044059
1107 1112 6.83767529652 35.6320781397
1107 1110 8.11645982289 19.1015044492
1108 1109 11.2147097594 55.7236484807
1109 1135 20.730752396 64.8722248831
1110 1111 6.4778987838 24.1681883213
1111 1112 4.69876915034 23.4819131295
1111 1113 6.96885655346 25.8164264042
1112 1132 6.00378384394 58.9238767222
1113 1126 8.04280347318 41.208727712
1114 1119 7.80691744628 41.6149487448
1114 1117 6.60621642045 46.1407617034
1115 1119 11.5652792691 33.107476497
1115 1116 14.7291913517 15.5736302814
1116 1120 6.29849534457 33.4970823622
1117 1118 7.73980296923 43.5599253258
1118 1128 14.1061712106 45.7088773612
1118 1124 19.1178852503 9.76037310481
1119 1124 15.81275177 27.5761219173
1120 1121 6.92372732788 10.3446133334
1120 1123 7.68166385984 63.8757657609
1121 1122 8.19794383204 20.4245175155
1122 1380 6.25052394869 51.6274436876
1122 1351 8.78297042167 29.9739092574
1123 1124 16.1533966064 29.3118576689
1123 1125 6.54455887727 99.8674811896
1125 1136 11.3640022278 5.86941223633
1125 1139 10.4615180491 15.0263031163
1126 1130 7.54411842059 49.3250278175
1126 1131 8.01316000164 20.9649956269
1127 1128 11.0 11.8149269994
1128 1130 14.4445498853 18.1933934155
1130 1138 13.4169075723 19.9482693586
1131 1132 5.92786864957 9.92369683903
1131 1134 6.05876574473 50.8265540175
1132 1135 3.76167264547 49.2320359381
1133 1135 26.0801277161 19.56303913
1133 1143 21.4790095053 33.4072656848
1134 1138 14.7105847782 23.5803991904
1134 1141 14.2975634815 18.3542478483
1137 1139 6.07924131814 45.5956616868
1137 1138 7.43905557732 33.0271946612
1139 1383 7.42106857877 61.7499835912
1141 1144 8.10592056558 39.5877823015
1141 1143 12.1478157043 14.5204166607
1142 1146 6.48244318481 15.5341119375
1142 1267 6.9686551633 52.3499958498
1143 1146 8.13244684082 49.6800105574
1144 1390 11.0995249446 27.4766449483
1145 1146 5.59917893289 20.4899852174
1145 1391 5.38780352392 27.6123494918
1147 1153 10.4047986491 30.0506611911
1147 1148 14.1706762314 13.081475452
1147 1157 9.17633842066 17.3888148668
1148 1149 7.85797683315 93.203292142
1149 1150 13.8987755252 15.8816342273
1149 1167 6.80203562641 63.3637107987
1150 1151 11.3068886937 18.8281703838
1150 1165 9.98276608835 33.4578555694
1151 1157 4.81176614718 64.6807206124
1151 1159 8.50027967251 31.4724096678
1153 1154 7.67568044033 34.9030394264
1153 1156 5.53103878299 33.1046811919
1154 1155 13.582641908 17.9165035631
1154 1156 7.78731982384 31.8744393903
1155 1174 12.7801094055 12.8977711253
1156 1158 7.26658964203 24.5185017609
1157 1158 4.96660503565 19.1807339879
1158 1161 4.57571160234 26.3605191254
1159 1168 7.06959348364 31.5075955014
1159 1161 8.27296934682 11.1748080042
1161 1162 6.79550888278 38.3431566564
1162 1186 15.369772119 18.0300096496
1162 1177 7.42721097786 55.6117988663
1163 1201 6.7287520197 51.4283181021
1163 1164 6.6054181827 15.815791204
1163 1167 8.27507338037 21.3954714763
1164 1166 3.94446955539 20.6321094182
1165 1171 10.3392056005 23.7710938225
1165 1167 7.20065467382 44.8895663308
1166 1172 7.47734599808 37.5383267648
1166 1171 6.87892491652 18.759815711
1168 1169 6.13803868214 18.9546337863
1169 1170 7.94562436418 17.2362632042
1170 1186 6.61690123164 47.5445332709
1170 1444 6.51357856315 29.9815809665
1171 1172 9.34708891844 21.0965677708
1172 1173 8.07707231421 13.8190018807
1173 1208 8.25253827548 32.8378294627
1173 1444 7.65157391615 70.4531914489
1174 1175 7.26118961193 45.6359460168
1175 1176 7.89377219431 42.9583274222
1175 1177 13.8717893061 30.5118476495
1177 1178 10.6350347086 28.6391566438
1178 1188 9.49295116064 45.4405441077
1178 1181 8.09216688875 39.557378087
1179 1244 15.1830959068 28.8897427078
1180 1244 13.6917026395 13.9386526521
1180 1420 9.36032016887 29.7183231052
1180 1181 6.43889208077 53.5569869915
1181 1182 8.5738819239 25.4946097664
1182 1185 14.9770208566 12.5511326082
1184 1192 9.50873769179 26.5963210338
1184 1185 9.75330649137 20.5012645709
1184 1245 6.15623545488 29.5366728569
1185 1420 10.2524760258 18.0844248412
1186 1188 9.9394326283 44.1256971377
1188 1191 19.1368582422 15.6296938659
1190 1218 9.44346936005 11.2823508081
1190 1219 9.05377847448 82.1532708462
1190 1444 8.85318236274 48.1858330909
1191 1192 6.80049592175 99.8171977652
1191 1195 16.5144566369 13.379914711
1192 1193 11.0140602593 30.8905325302
1193 1258 13.2813909976 43.2479423563
1193 1198 9.01095581055 10.9394926756
1194 1195 8.23652722397 40.045473528
1194 1196 9.2837909805 14.0564042344
1194 1197 9.64372454803 22.4201529919
1195 1196 7.5341280829 33.2683119236
1196 1198 4.50259280651 41.64496557
1197 1199 13.3851642609 9.37229961109
1198 1200 6.8498170827 33.4229438514
1199 1200 9.59530092438 31.6034193641
1199 1222 8.36286978434 41.0680047325
1200 1295 5.05170649136 41.864435581
1201 1202 7.07530709577 54.2865652161
1201 1206 6.76959747977 60.2698243364
1202 1211 6.86201730683 70.6928937868
1202 1204 8.03721285266 27.9194585256
1203 1209 7.13188553054 49.1129567956
1203 1204 7.44868402554 10.6961476927
1206 1208 11.4878063202 19.1552864766
1206 1207 10.6984597765 12.4835647613
1207 1209 7.56420214284 50.8086801813
1208 1217 8.24659998787 47.8941153965
1209 1214 9.81801574465 48.082315913
1210 1211 6.58139711967 25.6112109251
1210 1213 6.13817664181 42.4021627823
1211 1212 10.5692157745 9.77164264594
1212 1213 5.48228315988 38.5052674235
1213 1215 8.81998389657 37.0212495096
1214 1216 9.86234690973 43.0073365423
1214 1228 4.90499981204 40.0360154255
1215 1216 8.66049942585 46.7875061565
1216 1230 11.2678184612 22.2112453612
1217 1219 8.84490333942 30.630767258
1218 1219 8.53234635557 22.2996142733
1221 1222 8.47763381396 24.7104129364
1221 1223 7.01130347834 35.7556485754
1222 1226 9.41959028304 15.6140012015
1223 1225 8.05440212773 24.6440855679
1223 1234 8.95832371395 68.6649811541
1224 1225 6.82151126862 4.81663783152
1225 1227 6.68128291796 38.4626819752
1226 1296 5.67998439829 36.683726245
1226 1227 8.37808436489 6.79015620234
1227 1304 10.0199207537 34.6541041658
1228 1229 13.1850743053 18.4050463168
1229 1233 14.385133831 21.3282046005
1229 1230 9.13335658243 51.0833530836
1230 1231 10.3089901016 28.1643599832
1232 1241 10.8594585083 35.5947445625
1232 1233 13.0932474136 20.8101537717
1233 1239 19.0362043677 21.4551275886
1234 1239 16.5818862915 14.6384766967
1234 1236 8.91760184639 64.3993799469
1236 1304 10.18898986 43.7525814052
1236 1237 10.0728284736 15.5718062843
1237 1238 12.116853714 11.5693560754
1238 1242 13.0142563513 29.7529511759
1238 1239 9.60285983779 72.055199267
1240 1241 15.1080285449 16.2868645343
1240 1242 10.8007467911 44.841164124
1242 1243 16.8638970593 13.6321032038
1243 1308 20.4658565521 8.38525491562
1244 1246 8.02754022383 81.6108786346
1245 1420 5.29193401244 25.4459158155
1245 1246 6.09201535528 33.695940456
1246 1247 7.58993797069 29.1815036448
1247 1248 7.71592971696 14.0260030039
1248 1257 8.24503576386 27.9357538891
1249 1251 7.48920716166 44.8306087361
1249 1252 6.55353911148 36.4403179122
1250 1251 11.752245903 9.20271699011
1251 1255 6.52144630825 51.6941162238
1254 1261 8.71183509542 22.0587734831
1254 1255 7.52678899343 22.5620198229
1255 1292 10.6494541401 12.1883657099
1256 1257 7.74738529653 31.9122955276
1257 1263 5.26464214993 31.7086009257
1258 1259 13.0504239383 24.2040260074
1258 1295 9.96708890983 33.229602661
1259 1300 10.1280236299 55.1150387504
1259 1262 9.53125741299 42.4664364163
1260 1263 5.70185621762 22.6735137823
1260 1261 10.345630118 15.9168418576
1262 1264 13.1747918595 22.9064018492
1262 1263 7.33159014766 20.5846982447
1264 1265 12.5391559601 6.49037749287
1265 1312 9.74859461092 56.320804804
1265 1314 7.59142504588 50.6211863233
1267 1272 9.7625066098 20.6512747258
1267 1270 5.47034419263 20.4794136699
1269 1280 14.1875658035 30.8995954666
1269 1270 6.95125279463 25.3468422179
1271 1280 21.46500704 22.4485533762
1272 1393 9.86779321994 18.3850570073
1272 1542 11.4048118591 6.71658395317
1273 1274 7.50025944777 31.8641212351
1273 1292 10.6924646291 15.9245979947
1274 1281 10.1214941634 23.1309103322
1277 1312 11.072138406 9.70511401216
1277 1279 9.47017422983 13.7463585532
1278 1281 7.04761877379 22.6419860062
1278 1287 7.32491863503 13.4008145799
1279 1291 5.6298174242 26.2563906299
1279 1319 9.80462302121 41.4497519182
1280 1282 19.6252090856 20.0953604935
1281 1285 7.7347886475 61.1739173395
1282 1283 10.3145524285 22.9
1282 1285 10.4924651117 32.6536751377
1283 1529 7.03180621308 44.8368672473
1283 1284 7.32349825708 18.7410110461
1285 1288 20.0900001526 8.76427407148
1287 1288 4.4178327968 54.1128246717
1287 1291 7.00720360375 10.4762389496
1288 1289 26.6733462193 28.5655744911
1289 1320 23.9278888702 14.0089257261
1289 1529 5.67977120297 66.9990388154
1290 1320 14.5344419479 28.0011160492
1294 1296 6.51382250196 25.8660530711
1294 1297 9.89851377743 20.6617183757
1294 1295 10.0337692569 28.3652327772
1296 1298 5.00877675035 53.804205816
1297 1298 9.32913256831 19.7384041541
1297 1300 4.38749051449 56.4718956678
1298 1299 10.8620095234 22.8874000635
1299 1306 9.11312508113 61.1057553521
1299 1302 8.61523263899 35.3151294081
1300 1314 8.02620897648 47.411441942
1301 1302 10.8152211574 10.6637819179
1301 1303 8.26679937491 20.7175210344
1302 1309 8.02408648409 16.9329852787
1303 1315 8.84769926066 23.8047816386
1306 1307 10.0673693618 27.7454951298
1306 1311 10.1759629782 55.8187717097
1307 1308 15.3662865308 22.194550876
1309 1310 7.91094788576 27.6428921046
1310 1315 9.64685128973 20.7211791342
1310 1327 9.9222897809 38.8698971297
1311 1327 6.54298748784 100.632230788
1312 1313 8.83662035046 33.2197999431
1313 1314 13.6756170881 14.4563307759
1313 1318 13.2894829397 25.2765894639
1315 1318 10.1066706023 48.6619659555
1316 1324 6.16806682622 42.6509223771
1316 1317 10.5937348709 20.5572157988
1316 1318 11.0499859853 47.7405192005
1317 1329 7.6962744478 35.3753273923
1317 1333 8.97087135195 79.8773401234
1319 1321 5.1011882773 43.1533852325
1319 1324 5.53642032618 47.7385871767
1320 1321 21.4920641468 5.33926088775
1321 1323 20.7485691822 39.4688297829
1323 1324 9.51051429801 33.7050824723
1323 1325 20.5890339989 37.9241828372
1325 1326 18.9814662933 13.9230025497
1325 1575 9.6376974605 34.5284590005
1326 1333 16.309209244 10.6491628629
1327 1331 13.7926731758 7.51243122856
1328 1329 6.67794741947 18.2199132411
1328 1330 10.0357038801 19.084483861
1328 1331 10.4337106525 27.8895075109
1330 1335 8.68826612111 61.3395456905
1331 1332 9.15152610669 50.0572172618
1333 1334 20.1395280868 18.1540847921
1334 1576 9.83369438296 42.3641579638
1334 1338 23.46525383 7.07548584904
1335 1336 6.81568813324 20.295381248
1335 1337 6.93522262573 24.1350367723
1336 1338 8.39471592954 73.7415788621
1336 1339 7.53770923133 55.7632568799
1338 1580 25.5392532349 21.2735163995
1339 1582 24.4997035368 17.8023242368
1340 1342 9.22428271253 37.8481508345
1341 1346 9.21867045041 37.014574373
1342 1345 6.45072041511 80.7232682256
1342 1346 6.27012665827 46.808414696
1345 1358 6.84775506222 32.3261508991
1346 1347 11.4183502197 11.9718419635
1347 1352 8.53081013348 37.953791247
1347 1359 7.70401667065 29.1098538336
1348 1414 8.01043682932 39.8840798757
1348 1350 11.1795349121 8.0777472107
1348 1351 9.33660186079 22.9629480853
1350 1352 8.88492254069 49.8862434309
1351 1353 9.83503557474 58.1817230802
1352 1369 10.1253058002 70.7149840405
1353 1354 10.9218934883 9.66871756046
1353 1380 6.74160987856 61.2824115513
1354 1386 8.74533254828 44.301633816
1354 1355 9.98788738251 7.45452882482
1355 1369 6.15362874196 35.9405759449
1356 1357 6.9530582428 8.47584804017
1357 1360 7.43944757277 31.320120903
1357 1358 10.115287019 29.4352580532
1358 1361 7.25550513368 41.259320955
1359 1360 10.1528945389 21.2981481774
1359 1366 6.71504817069 31.3962997326
1360 1363 7.64479242196 37.8535396559
1361 1362 7.91156981118 42.1175433261
1362 1364 8.69440527106 30.8594439106
1362 1433 7.61662830013 33.2650909146
1363 1364 7.36670498543 24.6904641706
1363 1366 5.63925167836 40.4864132022
1364 1365 7.92872624805 12.3324771645
1365 1368 7.63736585819 45.7116931445
1365 1375 10.5475415201 24.0704444542
1366 1368 8.09422575256 39.6716971576
1367 1376 8.51431362661 30.8134900448
1367 1371 10.9188375273 23.6577340412
1368 1371 11.3435901887 15.7915939147
1369 1370 7.67603450632 62.5611134241
1370 1404 15.0223160569 20.9799986952
1370 1377 6.3401150894 49.7405495243
1371 1373 7.05406694231 32.1527710234
1372 1432 10.1289105251 9.46416904554
1372 1436 4.91978660048 18.7696043002
1373 1376 6.81557530681 27.4900539374
1373 1374 10.638546963 9.95421393971
1374 1436 9.1979370209 9.59462450441
1374 1437 5.57048079911 25.1494564829
1375 1432 14.1323933659 21.1086460047
1375 1433 7.73957300957 35.0172828299
1376 1377 7.18942103293 11.2928561804
1377 1379 8.84958145116 10.9069726176
1378 1379 10.3909238421 12.3847187512
1378 1437 5.3968057933 27.3422304125
1378 1447 7.18834753871 55.9608405456
1379 1410 8.52205915201 45.4183128366
1380 1382 7.10466768239 22.2060590858
1381 1382 9.61623573303 13.3686199737
1381 1383 11.3673524174 19.0611917462
1382 1384 4.82604937405 29.696927964
1384 1385 9.16227693048 12.4193412278
1384 1386 7.32882139462 30.656818002
1385 1387 7.16510222513 53.4009471666
1386 1400 5.96466603269 35.8575976705
1387 1388 6.4313893419 32.0840987129
1387 1389 8.99396658794 52.5809647834
1388 1401 5.70616227853 40.3059847022
1388 1406 10.3976019906 16.5412234783
1389 1396 16.7469300378 17.1700749309
1389 1407 9.26170255067 46.4362196997
1390 1396 11.3586758706 41.1916639356
1390 1391 8.11188542918 31.6378022672
1391 1392 8.45575575849 26.0830124974
1392 1394 6.33022789167 45.0572576861
1393 1394 8.07141605707 25.2035025972
1394 1399 6.78786633596 52.4880972855
1396 1397 5.4488990412 52.9546094384
1397 1398 5.71581114309 45.1913340614
1400 1404 9.65111796824 33.2409580304
1401 1402 11.1429681778 8.5492689746
1402 1405 11.1410294876 15.493563588
1402 1406 8.18616011734 42.3427215406
1404 1405 8.37487984936 41.3879419978
1405 1413 7.06777542623 66.9199579128
1406 1407 6.83809900562 52.9695589347
1407 1408 14.5916491478 19.3784296364
1408 1415 10.6686645686 50.9276447521
1409 1412 8.76917163712 26.9289144353
1409 1410 9.26444041825 32.1566821015
1410 1446 10.0472171006 25.1974077401
1412 1413 7.87351184752 40.4738371894
1413 1415 5.44766740072 67.8981537421
1415 1416 14.9389832518 11.692474369
1416 1480 9.51420306599 35.7717723639
1416 1417 14.7629967497 18.7433266427
1417 1425 10.8468319648 8.31126038998
1417 1424 9.71334104176 28.5714192844
1418 1424 8.56891119225 76.8283447315
1421 1522 10.2657214676 22.3567278573
1421 1422 7.59708633035 24.2164563073
1422 1427 9.1038549566 33.7493804191
1423 1424 10.9711444508 30.0647703009
1423 1428 11.71522916 28.9179946458
1425 1483 8.44412725897 43.0598914566
1427 1544 8.07962110294 54.0459262018
1427 1428 14.1814063966 23.1478804144
1428 1489 14.8545209363 29.5079173754
1432 1434 8.66197372131 20.6963153374
1433 1441 7.61189654419 40.5254507116
1434 1441 6.03352104721 25.6102242741
1434 1435 6.88708899537 11.0619868651
1435 1436 5.75009074266 38.9448610805
1435 1442 4.08899284589 18.4922658796
1437 1439 6.01121267378 21.4682643738
1438 1447 13.6781129837 12.767536959
1438 1445 7.47399495894 27.1064416035
1438 1439 8.85070544221 22.3647043352
1439 1440 5.33830928802 8.41546195999
1441 1443 7.57210758293 67.0244629236
1443 1458 8.02901488524 35.8042344587
1443 1445 6.82770627597 42.7649476122
1445 1458 6.23065215121 40.2865492167
1446 1448 10.4901743738 25.8150899536
1447 1451 8.58342099976 43.9005475799
1448 1449 7.82480899682 41.2561341089
1448 1455 8.10020315663 25.7375985736
1449 1480 7.27375760203 46.5037355916
1449 1450 6.07544959483 42.122516837
1450 1480 10.1771687519 22.1939180858
1450 1482 6.03954088548 26.0774659863
1451 1455 5.51475493424 20.6511812495
1451 1453 7.61374411077 22.9827511935
1452 1454 5.46498584747 2.34360832905
1453 1464 6.44760644449 53.017299168
1453 1457 7.30474714957 29.0296030074
1455 1457 5.59898803862 34.2516848494
1456 1457 4.89619142189 53.2145482739
1456 1482 9.02008302223 11.2754369395
1456 1468 10.0725349719 44.5510516876
1458 1460 8.83640959189 41.2587221671
1460 1465 8.05013407614 51.7100105828
1460 1461 10.565617422 12.8031098028
1461 1462 10.7218695815 10.2526871489
1462 1464 11.2671853818 17.3869329861
1462 1463 8.23675441742 8.59883713068
1464 1467 15.2306909564 30.4391533436
1465 1473 11.3127256427 27.0491906787
1465 1466 7.7587480545 11.3145923479
1467 1475 4.70423058943 46.9632891275
1467 1469 6.74288101238 73.7923609391
1468 1469 11.3528718948 12.1696343413
1468 1487 6.47024404832 67.4525797237
1469 1471 10.4109569776 16.9211952847
1470 1472 9.83807252161 15.8418954388
1470 1475 6.9954854846 35.7517060898
1471 1472 5.57823807431 20.0274215016
1471 1497 7.43225405581 51.8617342124
1472 1476 3.6509666376 22.3396163248
1473 1475 10.308105729 10.224551215
1473 1478 7.56798061212 52.9161462151
1476 1496 4.58074648193 38.6006181881
1476 1478 4.58989771369 32.4586072272
1478 1479 9.04420091276 24.0690151221
1479 1496 4.48492805781 40.7551973292
1479 1503 10.8428427111 53.8632430868
1481 1482 7.80458475739 38.0320730212
1481 1483 7.55471784468 29.2107553427
1483 1484 8.79104794974 48.8833659924
1484 1490 10.2501049088 53.8660876742
1484 1486 11.3234084635 23.8968303444
1485 1486 7.70954978649 43.9942960169
1485 1487 9.75107933712 18.1012698658
1486 1492 17.9679985046 13.7263432858
1487 1488 9.3664855957 8.32946576918
1490 1548 7.03506404206 55.8615689341
1490 1491 9.3635487904 15.992500902
1491 1545 6.61480689845 71.0463193535
1492 1499 7.68396572811 55.1927350823
1492 1493 10.5651554348 42.3940207708
1493 1615 5.67766854331 52.33713809
1494 1505 6.11800569102 38.182102129
1496 1498 9.87521431563 18.2626821657
1497 1498 12.3790645599 7.63216876124
1497 1499 7.39040197107 45.3248568044
1498 1502 10.0458240682 21.8135852166
1499 1500 8.24310094355 24.7118873632
1500 1501 7.51905955179 22.8212960459
1501 1504 6.53739169756 55.7240315464
1501 1502 4.67949348427 41.1579221557
1502 1503 8.00681054177 34.7574454907
1503 1510 9.40663941968 92.9496391583
1504 1506 6.67258294312 28.0432437173
1504 1509 10.6372811612 23.1241216049
1505 1617 14.116791178 12.4178078998
1505 1615 8.78510469127 36.2615955496
1506 1507 6.91827406264 40.7915647461
1506 1509 6.32287728303 41.7317742191
1507 1624 9.50166762633 7.40368472123
1507 1617 10.637154578 13.9471099482
1508 1509 6.80129241943 16.3367683463
1510 1512 20.9638866707 18.4953652225
1510 1511 11.0 24.4247824965
1511 1515 7.70312557305 67.2492223805
1514 1626 8.38521461301 56.112605718
1514 1515 16.8498689942 27.150281456
1516 1518 5.56769634165 34.6304347693
1516 1519 9.02204353292 19.310271091
1517 1522 8.20939954102 41.4525882449
1517 1519 7.54074466089 21.658468401
1518 1520 7.87184987704 16.2245045769
1518 1529 7.09801733447 70.4955223092
1519 1520 6.90103816273 49.5897656467
1520 1521 8.59086392373 20.7635195748
1521 1530 7.85981562112 30.2291887711
1521 1534 7.32534438728 31.6064472882
1522 1523 11.6833019257 12.6194294641
1523 1524 9.41069125098 23.350019022
1523 1527 8.54360265473 31.8107297244
1524 1528 5.78269976281 24.3735050116
1526 1546 6.99875553576 47.4425620569
1526 1556 9.71185597181 74.0996249003
1526 1527 10.2434158325 6.75740334744
1527 1528 6.907530637 27.9169737844
1528 1533 9.62834734326 44.306689615
1530 1531 10.6790555979 12.1864080285
1530 1534 6.50791598459 35.2115686545
1531 1532 7.08102177778 45.7020285361
1532 1571 5.18535731587 45.7299353383
1532 1537 10.5637433809 23.2688118365
1533 1534 10.4403066635 7.45821694509
1533 1535 7.60497853811 25.7862853987
1535 1538 8.44250480725 23.8719504336
1537 1572 8.13196160209 60.408316273
1537 1538 9.342421727 25.4132346739
1538 1540 7.78113610321 27.0438107665
1539 1570 8.98354388254 16.7191424078
1539 1579 9.20001106581 9.27435139804
1539 1540 6.64361494092 30.8015148095
1540 1541 6.94879460825 37.3169399015
1541 1556 8.97317068166 28.7988931409
1541 1570 10.7288660922 14.0308879243
1544 1545 8.73304532663 27.1094760783
1544 1546 6.052602231 45.9063538422
1545 1547 5.55119049036 51.3764742777
1547 1548 6.87685835058 44.9126776591
1547 1550 8.30426689791 36.0805890098
1548 1549 9.22541614551 17.8445376026
1549 1616 9.29028987885 7.15017482304
1549 1615 8.42958750694 12.3408490405
1550 1553 8.45987636322 44.2119079291
1550 1551 9.10968746124 27.5516619409
1551 1561 5.36715981163 42.5433627329
1551 1558 7.83348494149 36.6016468998
1552 1616 6.33810694079 27.3571367347
1552 1554 7.51351737976 3.54400902933
1552 1623 10.4929332733 12.9508686967
1553 1563 9.15663378779 44.5693698895
1553 1564 5.31381043755 28.3416875433
1556 1559 7.25077785737 55.9796215047
1557 1561 6.925921102 37.242702549
1557 1558 7.61563462716 18.1298961759
1557 1559 8.21532344818 19.6576956941
1559 1560 6.22868209975 21.6664969532
1560 1594 8.04045653326 41.4553216237
1560 1565 5.84218531892 35.1012083482
1561 1562 7.6953788919 14.9341346943
1562 1563 8.38733240461 20.9075425275
1562 1565 6.05306030283 28.2895355252
1563 1567 10.0345424332 22.3514907035
1564 1566 9.37979797685 51.8687429647
1564 1623 7.86271075947 49.6821082685
1565 1599 7.04518214648 38.2709752709
1566 1568 8.92861301656 33.5210038736
1566 1567 11.5415229797 12.2004098292
1567 1569 7.59226300793 29.070571196
1568 1569 7.2452695702 26.9597852858
1569 1600 9.48794971679 28.8097221733
1570 1593 7.26101138704 52.7083322834
1571 1572 7.8784384159 23.4766640702
1571 1574 6.68643434102 25.8007602302
1572 1573 9.41612247261 17.4409718555
1573 1578 5.94801626346 27.3397523459
1573 1574 5.09597596789 21.5100256407
1574 1575 7.71559617889 36.0736273365
1575 1576 8.36904102001 23.3082456378
1576 1577 8.57425498962 7.96303962065
1578 1581 7.82458224686 78.4604110159
1579 1584 8.07144847962 122.411142815
1579 1593 4.01227102124 22.4951015634
1580 1582 23.5222930711 33.1316542835
1581 1587 7.85986225033 29.6600468379
1581 1583 9.78301300578 23.3092321589
1582 1583 8.69964774133 56.8026128202
1583 1588 5.85766803594 56.4281633861
1584 1586 5.33784771203 39.3495674979
1584 1591 6.28846629894 86.8098023762
1586 1587 10.8182930491 9.57353121894
1586 1588 7.16715072125 20.1461829393
1588 1589 13.0311288834 13.5517526542
1589 1592 16.3168995289 29.4122634439
1590 1592 17.7730310727 20.9970470561
1590 1606 7.48967530268 37.9810808166
1590 1591 13.9770182131 14.3508723742
1591 1605 11.4374002557 31.9215052903
1593 1596 7.49838018829 51.553660658
1594 1595 9.48290423773 40.3248279481
1594 1599 7.33333179497 25.7915143875
1595 1598 9.97603298673 10.3670248028
1596 1597 5.77992262574 41.603375941
1596 1598 6.46043439969 15.3945601848
1597 1598 7.29438215641 30.8029374353
1597 1614 9.33888225014 21.2160905918
1599 1600 11.6729326248 13.4990740423
1600 1602 7.94715355574 36.5816576418
1601 1608 17.6776695251 7.83022988168
1601 1604 14.7909232193 18.9483258038
1602 1604 6.37821094502 33.1423500475
1603 1611 8.8421736736 46.1459784199
1603 1604 14.5895924559 12.4157316679
1605 1614 15.3994483279 18.805304977
1605 1606 9.51414342194 59.6935510655
1606 1607 6.27218531824 48.9560998367
1607 1610 9.77474097619 37.4401211552
1608 1614 10.8467329842 52.2739179706
1608 1609 4.58051617405 50.6945333024
1609 1610 7.1878036933 30.3662975623
1609 1612 7.28983707103 42.9210165458
1616 1618 4.91576051353 43.3587639688
1617 1618 9.19037149875 26.4935424898
1618 1619 11.0163343213 10.2592857774
1619 1620 8.80268766916 26.4593773339
1619 1622 7.74190264368 27.813233896
1620 1621 5.19736194696 26.7601787675
1620 1623 11.1185337187 11.6020706261
1621 1622 7.14650238316 20.6054387476
1621 1631 5.34680095196 39.819078786
1622 1629 9.72388518666 22.8945524176
1624 1625 8.57728443665 29.8941640858
1624 1627 5.36556343317 61.2251806589
1625 1626 10.7186544265 29.2619179101
1626 1630 10.8261472363 41.7352048298
1627 1630 5.4158585492 38.2368179136
1628 1633 5.06501285906 33.7295708206
1628 1635 5.65857991231 32.0956025927
1628 1629 6.94968820304 27.4640910873
1629 1631 7.34280243268 29.7986776283
1630 1635 11.0639889967 39.6919721273
1631 1633 6.51139359161 31.1442284331
1632 1637 5.68349660051 27.0328310321
1633 1634 10.0207977295 8.9888820217
1634 1637 7.97324634969 43.4373885012
1635 1636 10.4150966559 24.2814156423
1636 1639 8.92065204561 20.7377014684
1637 1638 8.69030953677 19.2049932304
1638 1639 10.2064306503 37.7089801477
1640 1641 6.28872705486 58.6763040307
