0 160 4.77729122459 27.9548930484
0 307 5.75160664 33.5835153014
0 299 5.97843952261 43.7196897265
1 29 3.83792342281 23.76679884
2 29 4.86666295766 25.5393941779
3 81 4.71552384998 44.4088818676
3 25 8.25209586343 11.4644682201
3 295 4.97272747343 66.8505796534
4 285 5.19364889184 31.8794996824
5 25 5.19085442397 32.685070305
5 7 7.00634042905 36.4190417686
5 255 7.68097342692 55.2846833184
6 31 4.27372121811 4.55027471698
7 8 4.56126753557 25.7806027119
7 311 4.32540095725 26.833543619
8 9 3.24006866356 22.5451667727
8 15 4.08372329061 59.7862075239
9 25 4.59338242158 45.0589119147
9 71 5.95685720444 27.5835095664
10 34 4.92486514657 38.28787499
11 31 5.91547584534 15.8133646009
12 241 5.41547584534 8.99847209253
13 43 9.1147740385 57.2776029028
13 85 9.13249201176 25.7202849433
13 15 7.67610195382 47.2829255462
14 138 5.32125230872 30.9270108481
15 30 6.7204646876 44.1339466342
16 199 4.61685810053 22.2100230596
17 297 5.11405731422 22.6475716138
17 35 4.4023301777 47.664454339
17 143 5.53239879073 93.3389342277
18 249 3.1644482066 6.56534837295
19 232 18.1696719657 46.8435342832
19 82 4.91707155684 69.8985860982
19 26 18.2370190095 19.2166615067
20 36 5.6849418813 18.8162164103
21 147 7.31729840855 4.99327187964
22 140 5.24992757499 23.5875371449
22 117 6.41547584534 7.17025104163
22 71 4.95938792183 29.274888226
23 79 5.51473529147 27.0146955391
24 296 5.47600255702 60.3059698537
24 26 16.133029419 16.2731699373
24 227 15.8071769242 52.6431731517
26 28 5.5291617902 74.3334715993
27 147 6.81568813324 10.5558040906
28 192 5.48333588683 30.5015561592
28 140 8.33650735536 18.5217352791
29 72 5.36860369592 26.025372047
30 39 7.38101919244 108.658125149
30 140 5.72503071916 42.1294683526
31 32 5.72827247298 17.5534896815
32 34 7.84651239661 30.4794245706
32 38 7.84747799632 23.3273025798
33 122 10.037229964 10.5884466679
34 48 6.0 27.6118937647
36 72 5.49671539625 36.7389559643
36 38 9.44644371035 15.6552202701
37 192 4.78931321921 38.5614120592
37 260 5.29940075364 76.7242280896
37 39 4.37396030107 32.2911551214
38 253 5.52986425605 35.4631146404
39 46 7.12794864234 33.0062821008
40 46 7.74341630936 8.15414005276
40 118 4.48532085876 23.0551731557
40 135 4.5 3.6335244598
41 49 3.78347193888 52.2343834549
41 84 6.6994059537 10.4987221202
41 310 4.70059945406 48.0341407524
42 58 5.60340456896 34.82126634
42 50 5.59405606665 50.3814675279
42 301 3.83308456783 14.2000975115
43 44 8.31507301331 10.6434252006
43 55 9.96183031119 71.8992008939
45 99 3.58033091287 21.8948273167
46 173 5.67749079835 13.9316719355
47 48 7.59608152335 39.1630755232
47 52 8.71339199785 7.04927225005
47 94 4.62543728211 7.39493069609
48 305 8.25587216856 11.7583762771
49 136 4.15630432727 49.1090172181
49 225 5.47370757335 12.3925240827
50 52 5.95450093345 23.8863732209
50 53 8.95785802016 12.7211978503
51 259 5.24954561172 47.5031051617
51 164 5.6382409899 72.7274363635
51 223 5.49004759 29.0541735384
52 132 4.14395400218 11.25
53 56 4.66833961553 40.8011029263
53 65 5.60009198949 62.4293202268
54 108 5.2015619278 5.5029537523
55 57 5.47540228057 48.4494840014
55 75 9.95756911029 59.1062202579
56 161 4.87744683612 9.77205635161
56 91 4.87282134403 38.8233177356
57 191 4.3071709561 40.0566599216
57 172 5.09599168803 64.5645336756
58 275 4.88054200405 21.9959147837
58 165 4.88997983932 3.96232255123
59 227 4.39057771462 44.2386991219
60 159 5.15401909126 85.2746592485
61 181 5.1565793511 47.6849202075
62 88 4.1167965715 8.32296614995
62 67 5.03518366226 85.6606088106
62 179 4.3044120512 7.40253184405
63 65 8.26070924414 49.9619846919
63 67 8.40843101589 42.6908501188
63 275 5.59284141111 41.5043371228
64 65 10.483131672 9.30667472916
64 98 8.60103307421 47.2397062711
64 69 4.01414209058 42.4617491155
66 275 4.06894088159 16.1720239317
67 137 10.5360877016 12.7649390698
68 106 7.70557597211 13.8923739851
68 219 8.90096402112 7.04813226102
68 69 7.38626188056 15.9668870203
69 92 4.77522227537 8.52895781411
70 232 5.03325915138 24.8509827426
71 108 5.99070453644 18.2570534315
72 80 5.27613163935 47.3947615718
73 97 3.95780808731 49.9189593241
73 250 5.56783080107 59.0028168723
73 81 8.86130065705 17.7950310482
74 120 12.0338796361 10.5644675152
74 75 10.2776319808 63.9040279754
74 309 8.91547584534 12.3743686708
75 173 4.43366388519 73.2595149514
76 80 8.74587577722 56.0165471578
76 242 3.8643283844 11.7686022959
76 87 9.0519782749 27.4951373382
77 284 6.14005470276 4.67466576345
78 287 3.69063213954 32.2234133242
78 172 7.60106353245 15.4353303891
78 79 5.08546044916 79.2901317946
79 122 9.38858370426 18.2820535195
80 89 10.3202460433 81.5879736734
81 180 5.48706729587 103.368178662
82 296 5.58676514955 42.8757904358
82 84 4.81105178509 23.8926898062
83 283 3.73928500839 21.8710891886
83 170 5.0543960026 29.8386821669
83 91 6.0 40.227478171
84 154 5.23975775633 52.9632482928
85 288 9.08158414915 56.2396497581
85 261 5.35881154616 25.1948694646
86 206 3.21116214396 31.1417415
89 170 9.68827204091 23.662712435
89 90 5.39714156873 37.6731224726
90 303 3.51251463959 23.0110062403
90 95 6.0 68.9859768359
91 305 5.29245263185 39.2256065535
93 205 7.77817440033 8.49264387573
95 249 4.572662942 25.9542867365
95 101 5.16808081147 35.4713879308
96 131 3.2025265274 42.9987772175
96 164 22.1533854573 58.6371530035
96 254 22.5722676865 12.8321756014
98 99 4.8283227189 29.2782842703
98 100 5.51282898484 82.1566339379
99 104 5.44782813893 20.8186959253
100 170 10.1292867467 46.5335397853
100 101 11.4501954835 20.1030601686
101 102 11.4940524992 40.1273520013
102 182 2.90762398234 34.1394143962
102 103 13.4645437713 8.56096172309
103 149 2.55637923565 28.8634684207
103 119 13.6622482835 13.4010090501
104 105 5.72104644373 26.5232916509
104 106 3.95267808117 50.8423689287
105 112 5.92180505914 14.8332397001
105 139 3.08651835105 23.6000500958
106 267 4.08768661897 18.74466763
107 288 4.41199731243 12.4264844551
108 295 4.80434152549 56.0941194541
109 112 5.30924434078 37.2944962732
109 153 6.91649685257 32.4238598396
109 267 6.86966814191 46.5774378896
110 291 6.30788660049 5.20096144958
111 304 5.99070453644 3.93732142452
111 244 4.84058698405 108.30665891
111 292 4.37769637534 15.0675671003
112 115 5.23369050204 69.2176540677
113 169 8.07500536781 9.58330778923
113 146 8.65650524753 13.4901287287
113 141 3.85153063155 61.3256698249
114 192 5.95685720444 15.0632001912
115 124 12.3818655231 36.0789734758
115 119 13.9749918455 14.0801508191
116 120 3.11967689186 32.1163047674
116 173 4.30799859261 42.2170581637
116 118 4.28805376417 72.0639333694
118 265 3.75654761301 44.888958177
119 121 4.63229173322 39.3756817993
120 144 12.0566185246 114.684978929
121 249 4.41019443321 68.6474387504
121 222 3.78319388744 11.8720209864
122 274 9.05031435989 103.852083549
123 257 4.12527260532 13.9773598094
124 153 5.28050488938 91.0758176193
124 127 13.1265504356 14.2390296876
125 272 15.001737135 62.7707501908
125 180 14.8428506996 28.286664202
125 286 5.08887728707 21.45802774
126 128 4.23608347034 30.018550158
126 224 5.46064463422 38.3804963491
126 127 5.60205298954 50.2603223229
127 196 13.5817614219 60.3348616238
128 256 4.7193376796 7.36079816803
128 129 7.57926051036 6.67825599397
129 258 4.5341295671 11.2574479479
129 214 4.31268183712 47.130397673
130 160 4.52223571414 17.0201899536
133 189 4.86544506168 41.9256716247
134 307 3.69453910658 33.6148776586
136 259 4.64591856167 22.7420546567
136 289 3.73240903316 28.3841945456
137 142 7.62401066238 48.911614735
137 159 7.89271931451 19.9054139052
138 144 20.6957189356 51.6723995283
138 141 28.7674977322 29.8371545391
141 263 30.402570278 15.0271849097
142 189 8.60136964387 18.2324295118
142 150 8.43918413796 61.4453013876
143 274 16.8651965048 12.569660791
143 147 13.6209991226 23.0740920906
144 274 14.5770536863 29.7938859672
145 305 4.80481965522 30.5329527089
148 168 4.66754670058 8.15679672657
150 152 7.84896315535 42.7147012211
150 156 5.23718311753 79.4920121773
151 168 7.45941337135 18.6340499071
151 152 5.0456924565 47.9059756189
151 189 5.75550837377 88.0954028312
152 175 9.16549318243 55.1407985379
153 156 5.74419663448 59.1818792629
154 259 5.20231976035 61.2563785687
154 254 6.0 58.7172887657
156 157 5.89910467217 46.848710732
157 196 4.14029524677 70.0922976328
157 158 7.97529413125 10.7190164928
158 193 4.52428800274 22.071695077
158 166 3.38545916857 78.180796127
159 267 5.63117807581 33.379771999
160 290 5.63886718401 12.5812221295
162 171 3.47103133477 28.1903302454
163 245 4.67292763081 4.87645279295
164 263 27.3146940952 17.9801092905
166 195 12.1007648311 17.3253607159
166 175 8.93620601628 75.3620024212
167 240 10.7331590812 23.1527304741
167 233 9.48119716125 16.0530216189
167 190 5.36794381317 62.1665082115
168 171 5.27630335333 66.0100960555
171 174 5.55476452914 55.7548927459
172 218 2.84587093641 12.3156460863
174 176 8.09897828272 35.1551477623
174 178 11.0430653769 11.1132285217
175 176 9.99139345229 37.3342220851
176 177 5.12167979364 36.6405279605
177 184 4.18027821306 31.3817965755
177 183 7.74004586358 14.0412890134
178 194 5.545105166 44.2740129411
178 244 9.37256105662 57.7136592316
180 208 14.8143280527 31.799865203
181 250 9.27366167882 8.84472278162
181 237 5.19502265201 51.7753802497
183 203 5.64291151035 46.7820745585
183 251 4.21112539332 51.3781976111
184 243 5.54951000214 2.91547594742
184 236 3.71272776149 7.78708371626
185 266 4.14765023451 33.8515603616
186 302 4.12033314934 86.9287120567
187 298 4.03405130107 17.0214810715
188 235 8.26824629731 52.7988819441
188 244 10.3807855649 18.7573713185
188 230 5.86792785029 69.0787765187
191 261 4.773865942 126.574787619
191 213 4.75230978769 8.48571421321
195 281 8.11085246751 79.0336664196
195 207 3.88636671953 48.4297945484
196 198 12.934000685 26.4513351273
197 263 16.5513106061 32.5335281469
198 281 11.7931950724 61.1329165619
198 214 5.22756745971 46.7832067334
199 241 5.80356048079 14.4859067865
199 246 3.83311049243 22.493094694
200 289 4.87663446984 18.9803674873
201 221 9.13262081146 14.6049649092
202 208 14.6630170804 34.8185459125
202 302 15.5369023578 27.2240449363
202 295 5.05948596274 56.7507003938
203 204 8.30062776279 12.560438808
203 206 7.66265280197 12.7931826648
204 226 5.17344745845 102.090001556
204 207 6.0 39.4989873288
205 211 8.66599832726 13.7255114585
205 206 5.23171512085 24.17890334
207 312 4.58649279475 50.1243453823
208 299 5.56439999001 39.9645582592
209 312 6.72218639546 11.3028323473
210 212 7.36590266482 64.0387838516
210 252 5.49065204608 28.0951475984
210 229 7.05597639223 40.4812971775
211 212 4.95035954081 28.3918909425
211 229 4.06708939697 137.591814649
212 230 5.7439031601 16.7106253623
214 298 5.00696801503 30.9606309071
215 268 6.19258213043 3.1064449134
216 281 13.4110473682 20.1175416753
216 262 5.54915238019 65.5994409182
216 217 14.6890673464 9.03609565075
217 312 4.73251490923 48.3531850762
217 221 13.0586034684 30.0923410425
220 268 4.74314594849 27.2978124162
221 269 13.8494218332 41.1462385166
226 234 4.15099092885 11.0067275207
226 271 4.56884239647 35.5979668976
227 302 16.0718709205 16.6501152174
228 310 4.90589367701 9.50422719758
229 272 5.4820349957 64.4392926403
230 231 4.41786238367 21.4071180258
231 235 3.38255048974 50.209963798
231 279 5.20031613932 25.1501984541
232 260 18.7120317117 18.8866338301
233 235 9.53192669392 55.5629889774
233 237 7.45789664738 20.9722345796
237 238 5.44283056259 5.4626001135
239 289 10.4667017649 35.347572758
240 241 9.09115558667 40.6552532295
240 247 9.32601248961 37.429959283
246 291 5.30968793554 50.0992553193
246 247 5.6734738976 22.3435113624
247 255 9.81454870981 48.4497911806
248 273 7.91986946281 5.77108770457
250 252 5.63327750201 38.2925580237
252 278 4.69194228134 29.1022365603
254 260 20.0089969769 26.5936543087
255 288 9.84680182052 15.9741697726
257 291 4.54369044054 34.2598270371
257 261 3.24195036594 55.3441233933
262 266 5.33053101065 41.5602138103
262 298 4.85902457676 36.3992682195
264 266 5.07152635824 24.9508287933
264 300 4.95601163991 53.1440360838
264 269 5.4676378499 70.3487384393
268 300 5.27738060586 14.9681682138
269 271 14.4127104971 11.5669618503
270 272 14.8954223662 31.4462191702
270 276 5.71840503382 64.2501413982
270 271 14.0248990115 37.9012360911
273 280 7.48515339664 24.5228777683
273 306 5.42211245547 11.5076061803
276 284 5.75832379564 32.2007763882
276 300 4.83875052793 33.7381460664
277 280 10.6484927961 14.9686724839
278 280 5.55343811585 22.2772692046
278 282 4.78135289135 7.21561985233
284 285 6.83169090345 29.7143245826
285 290 5.11283268233 81.5502843244
290 299 4.92512272595 43.7509810925
293 294 8.4852809906 1.45773797371
296 308 5.46964975555 28.5901617566
307 308 5.42379011084 48.1708336111
308 310 4.83529441429 51.0747803099
