0	 1790.6	 3888.6
1	 1205.2	 4148.0
2	 1212.1	 876.5
3	 849.25	 4110.25
4	 1192.2	 713.6
5	 807.8	 3981.8
6	 810.3	 4027.1
7	 836.8	 4081.6
8	 568.8	 1183.2
9	 1231.45	 890.2
10	 1227.5	 844.25
11	 1241.65	 914.3
12	 1321.2	 2668.5
13	 833.95	 3926.25
14	 1254.05	 1406.6
15	 1240.0	 1399.2
16	 1259.8	 1430.2
17	 821.75	 3868.25
18	 807.8	 3896.4
19	 1268.0	 1446.8
20	 1253.25	 1338.0
21	 1236.6	 1555.4
22	 846.5	 3867.0
23	 743.2	 2943.2
24	 848.0	 3837.25
25	 820.6	 3827.4
26	 1257.3	 1346.7
27	 874.25	 4043.75
28	 1850.0	 3885.4
29	 1121.75	 605.5
30	 1277.85	 1470.15
31	 862.95	 4093.75
32	 883.55	 3977.5
33	 1242.0	 1580.2
34	 864.25	 3902.8
35	 858.7	 3825.2
36	 1296.1	 1497.5
37	 886.75	 3850.25
38	 1232.0	 2320.75
39	 857.75	 4015.5
40	 1295.3	 1343.6
41	 711.4	 3727.3
42	 1293.2	 1301.7
43	 1771.6	 3761.4
44	 605.5	 1285.75
45	 743.25	 3662.0
46	 1318.1	 1253.2
47	 747.6	 3707.2
48	 713.0	 3612.5
49	 717.0	 3635.85
50	 1306.2	 4376.8
51	 1272.0	 1223.25
52	 592.25	 1260.25
53	 751.5	 3591.75
54	 743.75	 3574.25
55	 741.25	 3564.75
56	 1187.2	 4007.2
57	 1006.2	 1444.2
58	 550.6	 3398.2
59	 759.3	 3675.8
60	 1243.25	 973.75
61	 1249.25	 943.5
62	 775.5	 3743.3
63	 1268.8	 1149.0
64	 799.0	 3667.75
65	 1233.5	 1441.25
66	 761.25	 3602.25
67	 773.2	 3535.0
68	 784.5	 3638.75
69	 790.5	 3575.7
70	 1721.65	 3433.05
71	 706.7	 3441.8
72	 1326.3	 3531.9
73	 1544.7	 3660.3
74	 755.8	 3453.8
75	 737.35	 3418.75
76	 1054.6	 1436.6
77	 721.25	 3352.9
78	 724.1	 3329.75
79	 1354.5	 3416.1
80	 720.5	 3263.8
81	 736.8	 2686.6
82	 1391.5	 3411.75
83	 1445.0	 3545.5
84	 1869.25	 3867.75
85	 1446.6	 3517.5
86	 1887.6	 3886.8
87	 764.8	 3404.3
88	 775.2	 3490.9
89	 791.3	 3491.1
90	 784.0	 3415.2
91	 1101.6	 3932.8
92	 796.4	 3421.0
93	 762.1	 3375.85
94	 752.9	 3287.3
95	 1503.1	 3485.7
96	 785.4	 3322.4
97	 792.6	 3323.5
98	 1490.1	 3481.7
99	 1366.6	 2861.35
100	 1545.6	 3619.5
101	 830.0	 3703.8
102	 846.0	 3740.45
103	 1349.25	 3391.25
104	 832.4	 3636.1
105	 847.3	 3634.0
106	 801.0	 3552.25
107	 1281.6	 1834.6
108	 1072.5	 3859.75
109	 1408.4	 3319.0
110	 820.1	 3597.4
111	 830.25	 3593.25
112	 2136.7	 3977.0
113	 966.0	 1278.25
114	 837.0	 3531.25
115	 837.75	 3520.25
116	 1372.3	 3261.4
117	 989.4	 1282.4
118	 858.25	 3749.65
119	 880.3	 3693.6
120	 873.45	 3665.25
121	 1430.85	 3341.9
122	 1458.1	 3354.5
123	 861.7	 3559.5
124	 1950.75	 4705.75
125	 794.8	 1920.7
126	 870.2	 3508.3
127	 864.15	 3619.85
128	 882.6	 3498.4
129	 889.0	 3539.0
130	 1479.7	 3266.5
131	 1458.4	 3300.3
132	 1517.5	 3451.1
133	 241.6	 1074.2
134	 818.2	 3448.3
135	 832.4	 3443.2
136	 1557.8	 3528.0
137	 838.7	 3370.5
138	 956.25	 1160.75
139	 829.25	 3281.25
140	 853.4	 3992.1
141	 1508.2	 3422.9
142	 1116.5	 1294.75
143	 559.0	 3243.75
144	 1554.4	 3459.5
145	 837.5	 3294.25
146	 1322.2	 2041.5
147	 1313.25	 2027.75
148	 1332.3	 4634.4
149	 876.4	 3466.9
150	 865.05	 3402.9
151	 1584.5	 3524.0
152	 874.8	 3405.9
153	 1604.45	 3521.2
154	 861.6	 3340.9
155	 844.0	 3237.0
156	 868.8	 3339.8
157	 875.1	 3291.8
158	 860.2	 3240.4
159	 1631.75	 3510.5
160	 1280.4	 1458.1
161	 2062.2	 4191.5
162	 237.0	 1046.75
163	 1301.75	 1388.0
164	 1207.0	 3988.5
165	 1604.6	 3429.8
166	 1595.9	 3590.9
167	 1278.9	 1391.9
168	 927.6	 4248.6
169	 943.8	 4237.8
170	 1188.5	 4000.2
171	 238.9	 1000.0
172	 935.1	 4193.05
173	 1662.0	 3456.8
174	 1677.6	 3408.9
175	 785.5	 2723.25
176	 418.1	 1871.8
177	 1556.0	 3341.75
178	 957.35	 4152.2
179	 974.0	 4177.75
180	 751.95	 1798.2
181	 1581.75	 3397.0
182	 900.0	 4006.0
183	 1563.25	 3352.75
184	 901.0	 3982.0
185	 1590.6	 3334.8
186	 913.0	 4084.5
187	 906.5	 4012.25
188	 1542.3	 2946.4
189	 246.25	 1080.75
190	 898.0	 3903.2
191	 1791.5	 3652.0
192	 1584.5	 3315.0
193	 909.8	 3919.9
194	 907.7	 3947.5
195	 1573.75	 3257.5
196	 921.75	 4115.25
197	 927.6	 4122.4
198	 1629.7	 3376.4
199	 1632.5	 3381.75
200	 1652.7	 3406.65
201	 1298.8	 1444.3
202	 962.9	 4101.0
203	 313.65	 1136.35
204	 1608.75	 3288.5
205	 968.4	 4024.9
206	 1127.75	 1294.9
207	 963.15	 3984.0
208	 1671.2	 3258.8
209	 1340.7	 3247.6
210	 948.3	 3970.6
211	 1259.0	 1733.4
212	 1378.9	 4592.7
213	 940.75	 3848.0
214	 1367.25	 3221.5
215	 969.0	 3927.25
216	 1395.0	 3213.25
217	 244.5	 1027.5
218	 957.5	 3862.5
219	 959.4	 3923.05
220	 1063.0	 3386.6
221	 1386.3	 3184.1
222	 1364.65	 3146.95
223	 1001.5	 4342.5
224	 1381.5	 3128.5
225	 255.0	 1010.75
226	 1430.9	 3246.95
227	 1267.2	 1757.2
228	 1419.5	 3210.5
229	 1452.6	 3244.9
230	 1001.2	 4256.9
231	 1640.5	 3798.7
232	 1486.0	 3231.5
233	 1420.3	 3186.9
234	 1023.2	 4322.6
235	 1418.25	 3140.75
236	 1014.6	 4210.8
237	 1041.6	 4328.2
238	 1036.0	 4182.0
239	 1044.25	 4178.75
240	 793.8	 3008.1
241	 988.5	 4118.7
242	 998.25	 4078.75
243	 1004.5	 4115.25
244	 800.0	 3023.75
245	 1231.5	 1068.5
246	 687.25	 3686.9
247	 1006.0	 4030.5
248	 1262.8	 4630.5
249	 1336.75	 3021.75
250	 1574.15	 2964.65
251	 997.5	 3949.0
252	 823.2	 3090.4
253	 1013.75	 3845.75
254	 999.05	 3962.4
255	 1030.55	 4108.65
256	 1021.4	 4154.5
257	 1390.1	 3048.4
258	 1053.4	 1206.4
259	 1431.75	 3097.25
260	 1423.7	 3078.75
261	 1040.45	 4066.8
262	 1410.55	 3020.5
263	 1024.25	 3988.5
264	 1027.8	 3913.7
265	 1418.25	 4582.0
266	 1017.5	 3851.25
267	 1469.0	 3050.5
268	 1055.05	 4002.65
269	 1267.0	 1511.0
270	 1317.2	 1783.7
271	 1412.75	 2985.5
272	 377.55	 1587.85
273	 1513.0	 3223.3
274	 930.4	 3715.8
275	 1880.5	 3730.0
276	 1510.5	 3189.5
277	 1547.2	 3188.3
278	 905.0	 3646.0
279	 1255.2	 2962.45
280	 1259.7	 2595.7
281	 1282.2	 1594.2
282	 920.0	 3613.0
283	 924.75	 3563.75
284	 918.25	 3535.0
285	 938.2	 3761.6
286	 956.8	 3719.2
287	 1600.25	 3160.25
288	 1561.4	 3123.3
289	 966.6	 3733.7
290	 949.5	 3787.1
291	 687.0	 3612.0
292	 947.1	 3671.5
293	 1292.9	 1743.7
294	 1629.7	 3252.6
295	 1612.5	 3235.0
296	 1292.9	 1756.8
297	 956.1	 3541.3
298	 964.0	 3582.1
299	 960.0	 3555.0
300	 1659.9	 3231.9
301	 688.25	 3498.5
302	 939.8	 866.6
303	 1650.25	 3194.5
304	 916.25	 3444.75
305	 929.5	 3523.0
306	 927.1	 3514.4
307	 830.5	 1764.9
308	 927.75	 3392.0
309	 1539.3	 3355.7
310	 897.5	 3320.25
311	 1647.5	 3152.75
312	 906.25	 3325.5
313	 891.7	 3267.1
314	 634.7	 3450.75
315	 1664.1	 3102.9
316	 922.3	 3325.2
317	 1480.75	 3089.75
318	 931.25	 3304.5
319	 890.9	 3378.2
320	 938.8	 3460.5
321	 650.6	 1016.6
322	 615.0	 3400.0
323	 956.5	 3479.75
324	 1520.0	 3041.5
325	 730.0	 3516.3
326	 634.7	 966.8
327	 940.95	 3294.9
328	 1533.2	 3007.0
329	 958.6	 3300.8
330	 959.2	 3353.2
331	 966.75	 3346.7
332	 1567.6	 3012.8
333	 1885.6	 3570.2
334	 1314.75	 1689.5
335	 1654.75	 3095.5
336	 1334.8	 4431.7
337	 1010.0	 3768.75
338	 1297.6	 4286.2
339	 767.25	 3747.25
340	 1592.6	 2997.0
341	 1012.55	 3710.5
342	 998.4	 3734.6
343	 1292.5	 1640.5
344	 1632.5	 3038.75
345	 999.75	 3645.1
346	 1373.6	 3043.8
347	 1002.4	 3591.0
348	 1025.3	 3803.5
349	 1681.75	 3494.25
350	 1705.3	 3516.0
351	 1723.0	 3554.8
352	 1047.9	 3749.3
353	 1041.75	 3692.25
354	 1747.25	 3525.0
355	 1034.0	 3631.6
356	 1015.7	 3657.1
357	 1044.3	 3646.8
358	 1685.2	 3486.3
359	 1428.5	 4120.2
360	 1050.9	 3544.5
361	 1036.05	 3644.25
362	 1688.4	 3445.4
363	 977.75	 3495.25
364	 973.6	 3400.7
365	 988.75	 3403.0
366	 1768.4	 3507.8
367	 1005.7	 3508.7
368	 999.3	 3454.9
369	 1765.0	 3495.25
370	 1808.8	 3511.1
371	 1808.0	 3498.0
372	 861.75	 2980.0
373	 1824.75	 3532.75
374	 971.4	 3263.4
375	 985.15	 3259.45
376	 999.6	 3389.0
377	 1292.3	 1148.2
378	 1306.0	 1500.25
379	 1008.0	 3305.4
380	 1004.75	 3272.75
381	 1676.6	 3735.0
382	 1957.5	 3879.5
383	 806.5	 2932.0
384	 1020.75	 3419.5
385	 1031.5	 3396.7
386	 1314.25	 1221.75
387	 644.25	 3340.0
388	 804.8	 2837.5
389	 1405.75	 4042.75
390	 1047.6	 3367.1
391	 1718.2	 3425.6
392	 1058.0	 3247.0
393	 1050.4	 3849.9
394	 1715.75	 3394.5
395	 1730.25	 3392.75
396	 721.15	 3177.2
397	 740.9	 3127.7
398	 704.9	 3061.1
399	 709.25	 3029.0
400	 713.25	 2971.0
401	 302.25	 876.75
402	 681.8	 985.4
403	 729.5	 3020.7
404	 1136.6	 1371.6
405	 746.75	 3235.0
406	 267.5	 842.5
407	 744.25	 3121.25
408	 746.5	 3163.0
409	 634.5	 1387.5
410	 777.5	 3184.1
411	 777.2	 3209.4
412	 781.0	 3144.2
413	 277.75	 840.75
414	 1810.5	 3341.25
415	 737.35	 3030.15
416	 255.5	 784.5
417	 665.5	 3456.5
418	 763.5	 2982.85
419	 2292.0	 4197.5
420	 780.1	 3063.9
421	 797.9	 2660.2
422	 265.7	 780.5
423	 775.1	 2970.55
424	 1764.25	 3233.5
425	 280.5	 857.0
426	 746.0	 998.0
427	 1256.6	 3954.6
428	 721.8	 2857.6
429	 970.5	 2884.4
430	 733.25	 2924.0
431	 725.7	 2838.0
432	 711.75	 2791.25
433	 1384.05	 4421.75
434	 718.9	 2755.35
435	 744.5	 2703.6
436	 742.6	 2918.7
437	 772.25	 2927.5
438	 1203.6	 1243.0
439	 1197.75	 1209.75
440	 628.3	 873.7
441	 753.2	 2754.8
442	 754.3	 2728.9
443	 1189.8	 1141.9
444	 778.8	 2761.4
445	 651.0	 852.0
446	 772.8	 2820.75
447	 783.5	 3213.75
448	 795.4	 3158.2
449	 805.25	 3136.5
450	 1439.9	 3134.2
451	 1694.75	 3046.5
452	 327.65	 1085.3
453	 824.7	 3230.1
454	 318.0	 1076.2
455	 668.25	 912.75
456	 821.7	 3153.4
457	 791.9	 3235.9
458	 1230.2	 3858.8
459	 2049.5	 3910.0
460	 675.25	 864.25
461	 1216.5	 2307.0
462	 1343.15	 2908.4
463	 1348.3	 2947.8
464	 347.0	 1132.0
465	 337.4	 1125.2
466	 1350.5	 2852.3
467	 811.25	 2968.0
468	 815.0	 2996.95
469	 1352.85	 2757.5
470	 1083.25	 1324.0
471	 1344.6	 2700.6
472	 846.3	 3135.7
473	 1264.0	 3904.75
474	 1310.5	 3907.5
475	 1364.8	 2958.7
476	 867.5	 3179.75
477	 1366.4	 2906.4
478	 862.3	 3119.55
479	 862.0	 3102.2
480	 1229.6	 1436.1
481	 854.0	 3237.45
482	 2291.0	 4179.2
483	 693.0	 3331.25
484	 1374.9	 2911.6
485	 2009.9	 3835.1
486	 1359.0	 2830.0
487	 644.0	 771.0
488	 1222.0	 1364.25
489	 1225.5	 1400.0
490	 836.6	 2955.4
491	 789.5	 2886.5
492	 798.9	 2888.1
493	 1380.5	 2642.0
494	 1334.6	 2598.7
495	 1264.1	 1668.4
496	 797.1	 2784.55
497	 700.0	 1501.0
498	 818.7	 2781.8
499	 823.25	 2769.25
500	 797.6	 2655.2
501	 813.25	 2705.25
502	 1334.25	 2394.0
503	 843.8	 2925.25
504	 1370.5	 3425.4
505	 837.45	 2850.55
506	 676.0	 750.0
507	 849.2	 2942.1
508	 847.25	 2795.0
509	 832.75	 2725.75
510	 1796.4	 3022.0
511	 1357.9	 2499.6
512	 2118.0	 4275.6
513	 855.4	 2744.4
514	 1369.25	 2573.75
515	 850.15	 2650.8
516	 1377.8	 2600.2
517	 721.0	 2568.9
518	 703.3	 2545.9
519	 705.1	 2565.3
520	 720.2	 2625.1
521	 1374.0	 2339.5
522	 1917.25	 3788.75
523	 727.0	 2514.0
524	 1380.8	 2369.5
525	 705.1	 2499.65
526	 1391.2	 2451.5
527	 712.1	 2460.2
528	 1376.6	 3069.9
529	 727.75	 2408.25
530	 1293.2	 3432.0
531	 726.8	 2385.7
532	 728.9	 2649.7
533	 748.2	 2594.3
534	 1313.9	 2918.05
535	 212.5	 1258.0
536	 758.0	 2525.0
537	 771.75	 3438.75
538	 771.5	 2527.5
539	 862.0	 2695.0
540	 759.25	 2487.0
541	 747.05	 2435.4
542	 771.1	 2433.9
543	 1415.25	 2818.75
544	 777.0	 2448.7
545	 1894.3	 4704.9
546	 702.0	 2324.6
547	 1430.8	 2748.8
548	 719.8	 2585.7
549	 704.7	 2240.0
550	 708.8	 2273.2
551	 1430.5	 2705.5
552	 713.4	 2234.7
553	 733.0	 2272.1
554	 1441.1	 2663.5
555	 727.8	 2159.6
556	 728.3	 2212.1
557	 1445.1	 2710.4
558	 735.5	 2110.5
559	 408.0	 1119.0
560	 1142.2	 3534.1
561	 738.3	 2254.5
562	 745.15	 2283.25
563	 1400.7	 2525.6
564	 1936.8	 3676.05
565	 1184.9	 1094.6
566	 774.1	 2233.9
567	 744.45	 2186.2
568	 751.0	 2112.6
569	 745.75	 2169.8
570	 778.5	 2189.4
571	 1401.05	 2267.4
572	 785.1	 2608.7
573	 1076.1	 3820.0
574	 790.6	 2570.0
575	 801.9	 2602.75
576	 805.5	 2603.0
577	 731.8	 763.0
578	 1427.0	 2534.3
579	 805.2	 2526.4
580	 1424.8	 2484.0
581	 727.8	 2555.2
582	 797.7	 2396.9
583	 1183.8	 1037.2
584	 809.55	 2488.05
585	 815.7	 2448.9
586	 1172.4	 4369.8
587	 813.9	 2397.45
588	 1451.6	 2573.0
589	 835.7	 2546.1
590	 1220.0	 4417.8
591	 1118.75	 3838.25
592	 1077.4	 1128.9
593	 843.6	 2567.8
594	 729.25	 691.25
595	 843.7	 2447.2
596	 1440.8	 2287.4
597	 837.7	 2361.6
598	 863.1	 2487.2
599	 1174.75	 3415.0
600	 1341.25	 2166.5
601	 1346.5	 2219.5
602	 861.25	 2431.75
603	 787.1	 2337.0
604	 786.1	 2323.8
605	 1114.1	 2246.0
606	 787.2	 2245.8
607	 814.3	 2312.3
608	 1100.5	 3188.0
609	 804.85	 2246.9
610	 815.7	 2237.55
611	 1968.25	 3736.25
612	 786.25	 1134.75
613	 1337.5	 1888.1
614	 1349.8	 2070.0
615	 1195.5	 902.25
616	 815.2	 2203.0
617	 707.25	 2380.75
618	 1371.75	 2215.5
619	 1364.8	 2138.0
620	 782.25	 1045.75
621	 838.1	 2338.4
622	 1371.2	 2116.2
623	 1351.1	 1979.2
624	 734.0	 2484.2
625	 451.25	 3005.0
626	 1370.5	 1779.75
627	 823.7	 2099.6
628	 856.75	 2184.25
629	 1752.5	 3614.2
630	 773.0	 1004.0
631	 1999.5	 4600.25
632	 867.6	 3165.8
633	 1348.6	 1642.85
634	 1341.1	 1554.3
635	 879.25	 3127.5
636	 894.9	 3204.8
637	 901.5	 3224.7
638	 785.75	 944.75
639	 891.5	 3240.8
640	 868.6	 3076.8
641	 888.25	 3044.75
642	 1773.7	 4001.9
643	 1086.6	 3740.3
644	 892.2	 3008.2
645	 899.1	 2968.8
646	 1353.6	 3373.8
647	 938.3	 3151.4
648	 941.4	 3167.3
649	 1376.9	 1874.5
650	 1379.55	 2193.95
651	 905.4	 3032.5
652	 924.8	 3042.8
653	 365.4	 956.8
654	 911.2	 2985.8
655	 1080.0	 4271.0
656	 917.5	 3088.35
657	 1381.8	 2022.1
658	 935.3	 3067.2
659	 760.75	 2625.0
660	 365.9	 887.7
661	 862.9	 2907.9
662	 1196.5	 1029.0
663	 892.4	 2926.1
664	 885.0	 2881.9
665	 895.2	 2852.5
666	 1419.25	 2243.0
667	 907.35	 2917.1
668	 888.5	 2773.35
669	 868.0	 2692.3
670	 1462.75	 2247.0
671	 1430.0	 2099.5
672	 894.5	 2696.7
673	 901.35	 2719.3
674	 868.25	 2763.25
675	 913.25	 2905.0
676	 325.4	 787.1
677	 928.3	 2863.15
678	 920.8	 2799.2
679	 936.75	 2781.5
680	 1377.75	 3353.5
681	 938.4	 2700.0
682	 921.0	 2687.25
683	 952.9	 3175.85
684	 1220.75	 1000.75
685	 993.7	 3242.4
686	 995.3	 3130.2
687	 983.75	 3133.75
688	 2077.25	 4158.0
689	 800.4	 1001.8
690	 965.3	 3073.9
691	 347.7	 766.3
692	 1356.75	 3295.0
693	 970.8	 3021.7
694	 1496.45	 2942.55
695	 1009.6	 3203.2
696	 1357.0	 3302.75
697	 1024.2	 3211.8
698	 1473.0	 2859.8
699	 1498.05	 2908.2
700	 1489.9	 2917.9
701	 1203.0	 710.4
702	 1032.0	 3212.0
703	 1039.7	 3224.8
704	 1023.0	 3166.9
705	 2150.75	 4114.25
706	 1557.3	 2973.3
707	 1035.45	 3150.25
708	 1551.0	 2933.25
709	 1012.4	 3100.0
710	 1444.75	 2620.5
711	 2178.25	 4241.0
712	 1531.7	 2898.95
713	 1557.1	 2914.0
714	 2123.5	 4287.0
715	 1060.5	 3060.25
716	 1380.5	 3316.75
717	 757.25	 2494.25
718	 957.0	 2977.2
719	 953.25	 2916.0
720	 971.3	 2957.35
721	 973.5	 2971.75
722	 382.5	 898.0
723	 942.8	 2731.9
724	 1477.5	 2817.7
725	 518.0	 3137.0
726	 1387.4	 3268.3
727	 988.25	 2731.25
728	 982.5	 2693.25
729	 2118.5	 4106.75
730	 1513.3	 2785.6
731	 997.0	 2779.75
732	 735.0	 2384.25
733	 989.0	 2748.75
734	 989.6	 3000.4
735	 1009.25	 2850.0
736	 1013.25	 2874.25
737	 1503.95	 2756.4
738	 868.7	 3677.7
739	 1023.25	 2918.0
740	 1546.6	 2826.2
741	 1034.75	 2965.0
742	 764.5	 893.25
743	 1253.6	 3047.3
744	 753.0	 870.5
745	 1008.25	 2828.25
746	 998.0	 2787.25
747	 1587.4	 2823.3
748	 1443.5	 3381.8
749	 987.75	 2721.25
750	 981.25	 2685.25
751	 1188.3	 4530.9
752	 946.3	 3200.6
753	 1617.0	 2981.25
754	 775.0	 885.2
755	 743.4	 1590.7
756	 870.75	 2579.5
757	 869.1	 2531.1
758	 2268.5	 4222.25
759	 870.2	 2495.0
760	 1260.7	 1546.65
761	 505.6	 2894.4
762	 1836.6	 4423.75
763	 1739.75	 3162.0
764	 1264.75	 1449.0
765	 1627.0	 2804.0
766	 973.75	 2639.0
767	 1386.2	 2433.0
768	 975.25	 2647.75
769	 955.0	 2552.25
770	 773.0	 2844.25
771	 962.75	 2589.5
772	 1459.25	 2692.0
773	 1470.5	 2648.0
774	 1468.0	 2646.5
775	 913.9	 2506.9
776	 1473.5	 2613.0
777	 1273.6	 1381.0
778	 1490.6	 2650.8
779	 935.75	 2459.5
780	 1451.0	 3289.0
781	 1491.5	 2600.4
782	 1491.5	 2596.5
783	 945.0	 2499.5
784	 950.25	 2529.5
785	 941.5	 2478.0
786	 1455.5	 2453.9
787	 1491.75	 2444.75
788	 512.75	 2861.5
789	 1498.25	 2704.5
790	 926.25	 2394.5
791	 786.0	 1510.5
792	 899.75	 2241.0
793	 911.0	 2288.5
794	 416.5	 818.75
795	 912.5	 2308.5
796	 1097.25	 3675.0
797	 917.5	 2352.0
798	 897.0	 2224.75
799	 769.2	 718.2
800	 888.5	 2182.75
801	 891.5	 2205.75
802	 889.5	 2194.75
803	 1535.0	 2539.45
804	 883.75	 2133.75
805	 1550.0	 2465.0
806	 421.0	 758.0
807	 1471.2	 2357.7
808	 929.3	 2119.3
809	 919.25	 2362.5
810	 1493.75	 2173.75
811	 955.5	 2229.0
812	 736.2	 2189.6
813	 1269.5	 1303.5
814	 968.5	 2252.25
815	 950.5	 2160.0
816	 942.7	 2102.2
817	 812.1	 3405.8
818	 1722.3	 3505.9
819	 972.0	 2628.5
820	 256.0	 731.0
821	 2105.75	 4107.25
822	 1499.25	 2215.5
823	 1012.25	 2594.75
824	 982.9	 2459.4
825	 1531.75	 3468.25
826	 981.7	 2413.0
827	 986.9	 2389.4
828	 1003.75	 2503.25
829	 991.5	 2465.0
830	 1620.75	 3484.5
831	 1588.0	 2625.0
832	 1029.6	 2659.0
833	 1556.5	 2502.5
834	 1020.7	 2605.6
835	 744.25	 2252.5
836	 2119.5	 4111.5
837	 1047.25	 2683.75
838	 1410.5	 2796.75
839	 1028.0	 2415.5
840	 1043.0	 2516.7
841	 1042.5	 2449.25
842	 1047.8	 2485.4
843	 1036.8	 2398.9
844	 464.25	 2587.25
845	 1132.65	 2895.75
846	 329.6	 527.6
847	 987.0	 2286.05
848	 1006.5	 2332.75
849	 1006.75	 2380.25
850	 1147.6	 3636.5
851	 462.8	 2657.6
852	 997.25	 2342.0
853	 833.5	 1527.9
854	 994.7	 2173.9
855	 968.2	 2148.4
856	 1010.0	 2120.5
857	 329.8	 573.6
858	 837.6	 794.2
859	 1033.25	 2286.0
860	 1028.25	 2248.25
861	 1046.7	 2345.3
862	 1050.0	 2330.4
863	 1043.5	 2267.1
864	 1023.95	 2185.65
865	 1079.45	 2494.55
866	 1022.5	 2136.9
867	 1020.2	 2093.8
868	 749.5	 2190.35
869	 290.9	 2047.9
870	 284.3	 1945.0
871	 490.5	 2748.75
872	 830.2	 3292.8
873	 262.5	 738.0
874	 275.2	 1907.4
875	 267.2	 1827.6
876	 299.25	 1907.25
877	 290.25	 1830.0
878	 290.75	 1789.5
879	 311.5	 2044.5
880	 316.0	 2064.5
881	 265.2	 675.7
882	 637.65	 680.1
883	 333.3	 2060.7
884	 336.75	 1994.5
885	 338.0	 1941.0
886	 299.75	 1892.25
887	 1183.85	 3604.8
888	 1407.0	 2159.6
889	 848.6	 3460.0
890	 338.5	 1912.75
891	 1023.75	 1112.25
892	 338.6	 1829.3
893	 333.25	 1788.0
894	 260.6	 1779.0
895	 332.65	 749.4
896	 325.6	 701.6
897	 288.2	 1687.4
898	 239.75	 1621.75
899	 268.0	 1629.25
900	 327.6	 709.0
901	 323.5	 672.75
902	 365.8	 1337.1
903	 271.7	 1619.4
904	 268.25	 1568.0
905	 261.95	 638.2
906	 295.9	 1780.7
907	 1591.75	 3417.0
908	 304.8	 1737.6
909	 319.5	 1782.0
910	 319.6	 1675.9
911	 344.8	 1705.0
912	 304.4	 1612.7
913	 298.1	 1576.8
914	 2187.5	 4073.25
915	 317.25	 1635.75
916	 347.75	 1582.5
917	 371.0	 2016.0
918	 272.6	 588.6
919	 374.25	 2050.5
920	 771.75	 1375.25
921	 305.8	 658.4
922	 526.0	 2601.75
923	 373.4	 1820.4
924	 377.5	 1881.0
925	 401.1	 2052.9
926	 409.5	 2067.0
927	 396.1	 1957.2
928	 419.7	 2042.8
929	 425.05	 2054.7
930	 425.6	 2004.4
931	 434.1	 2030.3
932	 1236.4	 3738.6
933	 414.1	 1864.3
934	 420.7	 1898.1
935	 805.8	 2560.3
936	 416.7	 1843.5
937	 2186.1	 4100.3
938	 1242.5	 3729.5
939	 370.75	 1749.25
940	 436.25	 1232.5
941	 373.7	 1783.0
942	 384.75	 1709.5
943	 1075.75	 2736.75
944	 357.0	 1595.4
945	 1262.7	 931.8
946	 386.6	 1599.2
947	 401.6	 1780.4
948	 392.75	 1690.0
949	 414.3	 1786.0
950	 427.5	 1773.0
951	 416.0	 1740.3
952	 1125.5	 942.8
953	 413.8	 1627.8
954	 1635.5	 3518.75
955	 708.5	 564.0
956	 1298.0	 1219.6
957	 235.0	 1498.25
958	 1385.4	 3793.1
959	 239.8	 1462.0
960	 232.0	 1420.5
961	 256.2	 1496.0
962	 729.2	 657.8
963	 812.25	 2432.25
964	 249.5	 1470.25
965	 237.25	 1431.0
966	 248.2	 1400.6
967	 225.2	 1341.6
968	 894.1	 4167.55
969	 229.05	 1362.95
970	 238.1	 1367.7
971	 270.25	 1525.95
972	 278.6	 1467.6
973	 296.5	 1517.25
974	 1813.4	 4630.0
975	 265.0	 1368.4
976	 807.0	 2357.25
977	 299.4	 1336.9
978	 305.9	 1354.6
979	 1427.25	 3792.25
980	 322.5	 1504.5
981	 911.9	 4212.7
982	 216.5	 1307.25
983	 210.2	 1220.5
984	 238.5	 1315.5
985	 255.75	 1304.0
986	 237.25	 1253.5
987	 238.5	 1243.25
988	 203.2	 1177.3
989	 228.4	 1216.9
990	 227.6	 1185.9
991	 223.5	 1175.75
992	 246.3	 1183.9
993	 265.6	 1311.9
994	 273.8	 470.1
995	 263.0	 1238.8
996	 276.75	 1271.0
997	 718.6	 467.9
998	 281.8	 1260.8
999	 290.9	 1259.4
1000	 255.5	 1169.25
1001	 1391.0	 3735.0
1002	 2087.75	 3955.0
1003	 1301.8	 977.4
1004	 307.75	 1192.25
1005	 295.5	 1167.75
1006	 708.25	 1696.75
1007	 695.0	 454.0
1008	 1677.2	 3456.85
1009	 334.7	 1516.05
1010	 315.7	 1452.2
1011	 1625.0	 3491.5
1012	 365.5	 1496.75
1013	 967.8	 1569.4
1014	 347.75	 1437.5
1015	 346.0	 1403.5
1016	 358.75	 1424.7
1017	 361.8	 1361.8
1018	 385.0	 1539.9
1019	 394.5	 1521.75
1020	 401.3	 1470.2
1021	 419.75	 1525.75
1022	 431.5	 1482.75
1023	 1210.6	 3941.8
1024	 388.75	 1400.75
1025	 421.75	 2485.25
1026	 1855.25	 4560.5
1027	 416.0	 1363.5
1028	 418.0	 1344.25
1029	 689.5	 399.25
1030	 352.85	 1333.6
1031	 2370.5	 4432.5
1032	 1400.6	 3527.7
1033	 845.6	 2451.0
1034	 1332.7	 3665.0
1035	 355.0	 1298.25
1036	 369.8	 1249.7
1037	 336.4	 1244.05
1038	 310.0	 1198.75
1039	 341.4	 1170.1
1040	 343.6	 1161.2
1041	 358.8	 1208.2
1042	 364.75	 1220.5
1043	 363.7	 1153.4
1044	 379.0	 1323.1
1045	 1304.25	 3265.0
1046	 1754.5	 3461.0
1047	 426.4	 1286.85
1048	 783.75	 2340.75
1049	 1526.1	 3051.95
1050	 727.25	 1746.75
1051	 680.8	 316.4
1052	 405.1	 1174.0
1053	 424.5	 1172.9
1054	 465.75	 2033.0
1055	 446.5	 1974.0
1056	 451.9	 1961.9
1057	 470.75	 2021.5
1058	 466.1	 2081.8
1059	 467.7	 1971.4
1060	 1343.25	 3613.75
1061	 1336.0	 4150.75
1062	 1363.95	 3623.65
1063	 465.8	 1890.7
1064	 465.9	 1844.2
1065	 504.45	 2085.45
1066	 419.0	 2360.0
1067	 492.0	 2024.5
1068	 527.2	 2039.5
1069	 533.0	 2025.7
1070	 510.0	 1903.4
1071	 503.75	 1908.0
1072	 501.3	 1871.0
1073	 537.6	 1906.9
1074	 1055.5	 3260.0
1075	 433.7	 1777.1
1076	 1819.25	 3361.75
1077	 458.15	 1839.15
1078	 1398.8	 3421.2
1079	 477.6	 1762.0
1080	 452.0	 1695.6
1081	 435.4	 1613.5
1082	 476.3	 1631.7
1083	 489.0	 1831.75
1084	 502.5	 1830.0
1085	 507.5	 1743.6
1086	 778.0	 2283.5
1087	 339.25	 649.5
1088	 513.0	 1781.8
1089	 1412.8	 3671.6
1090	 487.8	 1710.8
1091	 483.5	 1625.0
1092	 506.0	 1667.25
1093	 521.0	 1719.65
1094	 515.8	 1652.4
1095	 527.5	 1653.1
1096	 357.1	 707.2
1097	 1547.0	 3323.75
1098	 542.25	 2077.75
1099	 550.05	 1984.2
1100	 574.95	 2053.45
1101	 547.8	 2079.9
1102	 547.1	 1882.6
1103	 2119.9	 4385.8
1104	 1652.5	 3548.5
1105	 570.5	 1932.2
1106	 565.05	 1878.3
1107	 569.5	 1828.25
1108	 601.55	 1969.9
1109	 694.75	 245.0
1110	 700.25	 234.0
1111	 603.0	 1921.25
1112	 1117.75	 2473.75
1113	 597.3	 1843.2
1114	 624.2	 1923.7
1115	 608.5	 1916.8
1116	 562.25	 1799.25
1117	 1871.9	 4692.0
1118	 554.0	 1762.5
1119	 336.65	 594.05
1120	 563.2	 1783.5
1121	 559.75	 1729.0
1122	 736.5	 344.9
1123	 548.95	 1667.45
1124	 569.4	 1697.6
1125	 559.8	 1663.2
1126	 575.3	 1671.65
1127	 1437.0	 3591.6
1128	 735.0	 228.8
1129	 1107.25	 3439.25
1130	 619.4	 1828.2
1131	 624.8	 1747.2
1132	 755.5	 627.5
1133	 598.1	 1672.8
1134	 413.55	 2392.7
1135	 589.4	 1612.7
1136	 603.8	 1660.1
1137	 616.4	 1705.5
1138	 346.25	 2131.5
1139	 624.5	 1655.2
1140	 853.65	 2314.1
1141	 1620.4	 3344.0
1142	 1464.0	 4102.75
1143	 456.75	 1452.0
1144	 435.6	 1379.6
1145	 384.25	 2259.25
1146	 467.5	 1474.5
1147	 460.0	 1425.9
1148	 506.25	 1570.75
1149	 1475.0	 4119.8
1150	 509.55	 1583.1
1151	 519.9	 1520.7
1152	 489.4	 1409.9
1153	 487.1	 1386.15
1154	 513.0	 1481.4
1155	 527.75	 1472.3
1156	 1347.0	 3342.25
1157	 868.05	 4157.8
1158	 1527.0	 4053.75
1159	 459.3	 1369.5
1160	 755.6	 558.6
1161	 453.5	 1296.7
1162	 1126.4	 612.2
1163	 476.5	 1318.0
1164	 2023.75	 4688.0
1165	 444.1	 1203.0
1166	 465.7	 1207.7
1167	 476.5	 1255.8
1168	 478.5	 1219.25
1169	 471.35	 1182.95
1170	 491.25	 1382.25
1171	 487.6	 1320.8
1172	 1567.0	 3362.25
1173	 566.25	 868.75
1174	 457.0	 1750.25
1175	 520.6	 1355.9
1176	 517.0	 1281.6
1177	 417.5	 692.5
1178	 836.75	 2090.25
1179	 521.75	 1240.5
1180	 944.0	 3933.0
1181	 1471.0	 3631.75
1182	 530.2	 1176.4
1183	 557.1	 1597.0
1184	 1503.5	 3978.5
1185	 1077.5	 3205.75
1186	 361.75	 2154.25
1187	 1538.75	 4382.25
1188	 575.2	 1548.15
1189	 578.45	 1554.9
1190	 551.5	 1485.0
1191	 551.5	 1394.9
1192	 570.2	 1453.8
1193	 379.4	 554.2
1194	 1310.0	 3423.6
1195	 864.95	 2680.6
1196	 611.9	 1598.4
1197	 1344.3	 1956.6
1198	 618.5	 1575.5
1199	 414.0	 2146.75
1200	 933.0	 1578.0
1201	 966.25	 3871.25
1202	 1386.2	 3286.4
1203	 796.0	 662.5
1204	 1338.0	 3164.75
1205	 1565.9	 4060.0
1206	 537.8	 1337.9
1207	 548.85	 1290.0
1208	 1818.25	 3523.75
1209	 577.0	 1336.75
1210	 562.6	 1304.0
1211	 565.6	 1270.6
1212	 558.6	 1255.8
1213	 544.75	 1195.75
1214	 1605.8	 4114.2
1215	 561.0	 1241.0
1216	 565.5	 1175.5
1217	 862.4	 1621.9
1218	 582.2	 1312.0
1219	 608.5	 1275.5
1220	 885.5	 3181.5
1221	 591.4	 1266.25
1222	 598.75	 1165.5
1223	 1395.25	 2526.75
1224	 622.25	 1144.65
1225	 1097.75	 3023.75
1226	 2051.8	 4598.6
1227	 974.25	 4274.25
1228	 212.75	 1063.5
1229	 227.6	 1142.7
1230	 1551.25	 3990.75
1231	 351.2	 500.0
1232	 363.5	 511.5
1233	 214.25	 1051.5
1234	 210.75	 1032.75
1235	 1443.2	 3314.2
1236	 1582.0	 4042.25
1237	 234.7	 1050.75
1238	 242.0	 1023.45
1239	 889.0	 3048.0
1240	 278.0	 1105.5
1241	 278.0	 1115.75
1242	 516.75	 1767.3
1243	 250.3	 1011.0
1244	 246.15	 998.0
1245	 918.15	 1792.1
1246	 267.75	 955.5
1247	 285.7	 1040.4
1248	 476.8	 2460.2
1249	 290.7	 977.8
1250	 1570.5	 3369.0
1251	 1477.6	 3313.3
1252	 817.3	 510.8
1253	 202.0	 929.5
1254	 1906.0	 3552.75
1255	 2316.8	 4330.0
1256	 316.75	 1592.0
1257	 1091.6	 2905.4
1258	 242.7	 905.5
1259	 234.6	 869.6
1260	 198.75	 779.75
1261	 222.75	 781.0
1262	 234.9	 820.8
1263	 268.3	 868.1
1264	 274.9	 892.3
1265	 291.3	 903.75
1266	 837.5	 574.5
1267	 1451.8	 3908.4
1268	 257.5	 780.0
1269	 681.5	 2030.5
1270	 277.0	 856.95
1271	 364.35	 405.2
1272	 1452.0	 3284.0
1273	 1465.8	 3908.8
1274	 1114.0	 1832.6
1275	 325.95	 1076.8
1276	 337.5	 1116.75
1277	 348.75	 1113.25
1278	 353.5	 1069.1
1279	 356.6	 1096.4
1280	 1134.4	 2547.6
1281	 350.5	 1039.5
1282	 344.75	 998.0
1283	 364.75	 1027.25
1284	 361.7	 1039.6
1285	 1549.75	 3332.5
1286	 353.7	 969.3
1287	 376.6	 1135.2
1288	 392.5	 1138.0
1289	 1140.4	 2567.1
1290	 1127.75	 3006.4
1291	 936.5	 3207.75
1292	 408.0	 1065.6
1293	 787.6	 438.6
1294	 765.2	 380.0
1295	 424.9	 1029.6
1296	 1080.5	 1838.75
1297	 1964.5	 3804.5
1298	 320.0	 875.65
1299	 320.5	 859.0
1300	 343.2	 919.9
1301	 1507.5	 3481.5
1302	 1504.0	 3490.0
1303	 307.9	 818.0
1304	 1441.75	 3595.0
1305	 348.25	 770.75
1306	 366.7	 812.2
1307	 352.2	 776.6
1308	 380.5	 890.0
1309	 404.0	 880.5
1310	 406.2	 864.8
1311	 409.6	 889.6
1312	 379.6	 818.9
1313	 388.0	 854.9
1314	 380.8	 759.9
1315	 385.25	 812.0
1316	 415.05	 824.7
1317	 405.1	 785.65
1318	 422.0	 786.4
1319	 1492.75	 3147.5
1320	 1559.75	 3486.5
1321	 234.75	 750.1
1322	 1986.75	 4540.75
1323	 248.7	 707.5
1324	 233.25	 659.0
1325	 780.5	 306.5
1326	 218.7	 618.1
1327	 239.0	 668.9
1328	 235.1	 624.2
1329	 243.2	 616.6
1330	 722.75	 1299.5
1331	 477.95	 2334.0
1332	 1332.5	 3078.0
1333	 778.0	 232.25
1334	 302.5	 738.2
1335	 1011.75	 4113.25
1336	 329.85	 734.95
1337	 326.5	 705.6
1338	 942.4	 3040.1
1339	 262.0	 666.4
1340	 264.75	 643.0
1341	 1418.6	 2539.3
1342	 266.2	 617.1
1343	 800.25	 448.0
1344	 310.15	 1012.1
1345	 945.25	 2968.75
1346	 304.3	 626.4
1347	 1397.5	 3080.8
1348	 239.5	 582.0
1349	 235.0	 574.25
1350	 241.5	 541.5
1351	 514.4	 2390.3
1352	 263.3	 553.3
1353	 882.6	 2887.6
1354	 1544.5	 3431.75
1355	 288.1	 535.7
1356	 293.2	 456.7
1357	 1144.5	 3167.5
1358	 532.2	 2312.6
1359	 320.8	 558.1
1360	 309.0	 474.5
1361	 307.4	 500.6
1362	 1206.4	 789.9
1363	 299.2	 426.0
1364	 322.6	 387.0
1365	 2032.5	 4329.75
1366	 346.3	 669.1
1367	 348.8	 694.0
1368	 1605.75	 3547.5
1369	 366.5	 680.25
1370	 364.1	 674.8
1371	 819.6	 391.2
1372	 353.35	 626.8
1373	 892.7	 2930.0
1374	 1227.35	 1341.85
1375	 364.75	 590.75
1376	 379.75	 733.25
1377	 397.5	 725.1
1378	 418.9	 672.8
1379	 1347.6	 2616.2
1380	 388.4	 605.8
1381	 394.95	 646.0
1382	 410.7	 627.8
1383	 1189.75	 3365.75
1384	 445.8	 1046.0
1385	 810.6	 354.6
1386	 349.0	 506.2
1387	 376.5	 467.5
1388	 378.5	 431.8
1389	 335.6	 414.4
1390	 455.2	 2249.4
1391	 460.5	 2235.0
1392	 347.1	 387.2
1393	 1573.2	 3475.3
1394	 345.0	 358.0
1395	 351.0	 367.6
1396	 343.65	 350.0
1397	 1205.7	 2617.6
1398	 1163.5	 3249.75
1399	 390.5	 525.0
1400	 426.25	 2170.25
1401	 383.2	 453.5
1402	 1130.0	 2336.75
1403	 406.4	 534.0
1404	 423.5	 481.75
1405	 1435.25	 3105.0
1406	 392.5	 366.25
1407	 378.8	 325.3
1408	 834.25	 345.25
1409	 398.25	 397.5
1410	 1189.5	 3218.4
1411	 1638.5	 3437.4
1412	 413.5	 316.6
1413	 397.5	 406.25
1414	 438.5	 1141.6
1415	 446.8	 1095.7
1416	 423.0	 1040.75
1417	 1648.8	 4128.3
1418	 463.3	 1081.2
1419	 1341.3	 2127.1
1420	 1150.6	 2325.9
1421	 443.0	 1005.0
1422	 432.25	 975.5
1423	 439.0	 938.0
1424	 1728.0	 3873.2
1425	 447.4	 934.1
1426	 471.75	 1029.0
1427	 855.6	 1101.6
1428	 1662.5	 4145.5
1429	 492.05	 1117.15
1430	 505.0	 1082.5
1431	 912.65	 2922.8
1432	 511.8	 1053.8
1433	 481.2	 1020.6
1434	 1256.5	 4599.1
1435	 505.5	 1033.0
1436	 483.8	 1114.1
1437	 908.6	 2827.8
1438	 454.25	 861.5
1439	 1145.4	 3100.0
1440	 460.7	 843.0
1441	 494.8	 1113.0
1442	 430.5	 768.0
1443	 869.2	 1087.6
1444	 1462.5	 3026.5
1445	 441.6	 762.3
1446	 1146.75	 3005.25
1447	 468.5	 804.0
1448	 469.5	 798.4
1449	 466.0	 732.75
1450	 462.5	 726.0
1451	 1586.5	 3357.5
1452	 932.6	 2856.4
1453	 488.5	 894.6
1454	 1178.8	 2415.4
1455	 538.6	 880.1
1456	 1128.25	 2896.5
1457	 1397.75	 2596.25
1458	 1218.25	 1318.75
1459	 1044.0	 3860.5
1460	 1639.5	 4026.75
1461	 500.5	 765.25
1462	 1550.6	 3373.0
1463	 920.7	 2747.3
1464	 518.95	 718.3
1465	 1458.0	 3002.0
1466	 538.25	 1132.5
1467	 514.5	 2223.75
1468	 541.3	 1097.0
1469	 550.6	 1047.4
1470	 533.4	 1031.8
1471	 540.2	 1014.1
1472	 532.2	 968.65
1473	 564.25	 1012.0
1474	 544.3	 944.4
1475	 564.4	 939.4
1476	 1571.4	 3278.2
1477	 577.25	 1061.25
1478	 576.9	 1081.1
1479	 319.2	 1776.15
1480	 620.15	 1044.55
1481	 943.8	 2736.8
1482	 586.2	 937.6
1483	 584.2	 980.55
1484	 593.1	 1031.5
1485	 600.5	 987.75
1486	 938.6	 2707.0
1487	 624.6	 949.6
1488	 1400.2	 2308.2
1489	 502.05	 2167.35
1490	 531.6	 923.6
1491	 1597.5	 4614.3
1492	 580.6	 825.0
1493	 536.3	 818.6
1494	 1618.2	 3390.2
1495	 550.9	 767.25
1496	 533.0	 734.6
1497	 570.2	 734.0
1498	 553.75	 729.55
1499	 1727.4	 4095.4
1500	 1732.5	 4135.5
1501	 587.0	 859.75
1502	 1970.5	 4654.2
1503	 606.3	 894.0
1504	 628.5	 895.75
1505	 990.4	 1717.0
1506	 762.2	 376.0
1507	 584.3	 761.7
1508	 585.4	 716.2
1509	 581.5	 766.25
1510	 1635.5	 3373.5
1511	 618.75	 808.25
1512	 613.0	 744.75
1513	 626.65	 773.65
1514	 1665.25	 3372.0
1515	 437.5	 662.4
1516	 944.4	 1138.25
1517	 442.9	 640.0
1518	 1265.0	 4022.0
1519	 425.8	 554.0
1520	 921.0	 3572.2
1521	 546.2	 3211.6
1522	 492.3	 636.9
1523	 981.5	 3150.0
1524	 498.0	 577.0
1525	 522.4	 695.1
1526	 483.05	 487.2
1527	 1221.6	 3360.6
1528	 496.35	 553.7
1529	 508.4	 549.2
1530	 495.5	 496.75
1531	 429.75	 477.75
1532	 427.6	 451.8
1533	 965.0	 3081.0
1534	 480.1	 436.5
1535	 1478.75	 4058.75
1536	 472.0	 377.7
1537	 1158.0	 2898.0
1538	 449.3	 321.0
1539	 536.25	 3031.75
1540	 466.4	 290.6
1541	 471.5	 288.5
1542	 468.5	 369.5
1543	 1050.75	 1735.25
1544	 495.2	 454.95
1545	 510.9	 449.6
1546	 489.65	 321.25
1547	 497.8	 326.85
1548	 510.0	 277.0
1549	 1654.5	 3271.75
1550	 1612.75	 3953.1
1551	 1548.25	 3431.25
1552	 530.5	 599.55
1553	 882.25	 1085.75
1554	 580.75	 675.0
1555	 523.4	 513.7
1556	 1192.2	 2954.0
1557	 429.6	 1559.5
1558	 1606.7	 3929.7
1559	 853.25	 920.75
1560	 566.0	 515.8
1561	 574.75	 504.75
1562	 1570.25	 3130.0
1563	 594.5	 689.3
1564	 578.2	 598.6
1565	 606.85	 648.7
1566	 623.6	 656.9
1567	 608.75	 624.4
1568	 610.0	 554.6
1569	 617.5	 556.0
1570	 619.75	 578.75
1571	 613.3	 526.25
1572	 939.2	 3658.9
1573	 523.8	 423.1
1574	 533.3	 457.9
1575	 537.4	 366.1
1576	 568.75	 437.0
1577	 568.2	 406.4
1578	 550.1	 374.85
1579	 949.15	 3612.15
1580	 573.6	 345.8
1581	 536.5	 306.0
1582	 1448.9	 3068.7
1583	 1665.4	 3938.4
1584	 552.8	 267.0
1585	 483.8	 860.8
1586	 572.2	 266.5
1587	 588.75	 461.0
1588	 574.0	 420.5
1589	 601.0	 363.4
1590	 608.7	 416.2
1591	 614.1	 395.0
1592	 619.5	 356.75
1593	 1634.4	 3886.4
1594	 1395.0	 3187.0
1595	 610.3	 288.9
1596	 1632.0	 3840.6
1597	 626.4	 253.2
1598	 1324.25	 2348.25
1599	 636.0	 2046.5
1600	 631.0	 2038.4
1601	 646.5	 1974.75
1602	 654.8	 1995.65
1603	 646.7	 1967.8
1604	 680.0	 2003.75
1605	 633.55	 1920.75
1606	 455.0	 1479.9
1607	 658.4	 1853.15
1608	 686.6	 2026.1
1609	 705.75	 1994.25
1610	 593.6	 3051.4
1611	 732.0	 2023.85
1612	 1065.6	 2612.2
1613	 874.25	 750.5
1614	 727.5	 1960.7
1615	 714.4	 1869.3
1616	 718.3	 1888.1
1617	 1027.8	 3097.8
1618	 630.0	 1826.0
1619	 1737.25	 4727.75
1620	 679.4	 1805.7
1621	 892.0	 934.2
1622	 652.5	 1767.25
1623	 2094.8	 4554.4
1624	 644.0	 1708.1
1625	 635.6	 1642.3
1626	 1742.5	 4712.25
1627	 1010.6	 3013.1
1628	 903.5	 1563.0
1629	 661.25	 1632.75
1630	 676.0	 1662.25
1631	 692.2	 1824.9
1632	 684.0	 1777.5
1633	 957.6	 2981.7
1634	 915.5	 925.5
1635	 1701.8	 3938.8
1636	 1766.6	 3971.2
1637	 1397.0	 3223.25
1638	 694.9	 1851.5
1639	 689.1	 1729.5
1640	 691.0	 1665.2
1641	 1708.0	 3921.75
1642	 728.4	 1712.9
1643	 1444.6	 3213.6
1644	 728.95	 1661.8
1645	 739.8	 2020.5
1646	 763.9	 2026.4
1647	 1678.4	 3858.6
1648	 777.5	 2057.9
1649	 778.6	 1993.85
1650	 737.2	 1940.6
1651	 759.55	 1892.8
1652	 976.9	 2952.65
1653	 778.8	 1932.7
1654	 782.45	 1920.9
1655	 808.25	 2064.0
1656	 813.0	 2059.0
1657	 864.0	 2000.5
1658	 971.8	 2887.2
1659	 854.25	 1946.0
1660	 563.0	 1120.5
1661	 1186.9	 2114.2
1662	 850.25	 1925.0
1663	 845.5	 1896.75
1664	 738.2	 1844.1
1665	 409.0	 2215.5
1666	 1117.25	 2715.0
1667	 767.6	 1750.1
1668	 1131.1	 1036.3
1669	 755.8	 1718.8
1670	 771.9	 1687.7
1671	 759.0	 1629.6
1672	 538.5	 1009.0
1673	 764.0	 1649.0
1674	 1096.25	 2582.0
1675	 554.9	 2764.5
1676	 831.1	 1827.1
1677	 538.5	 2679.0
1678	 821.0	 1751.5
1679	 1092.0	 2560.5
1680	 549.65	 2707.5
1681	 819.5	 1727.25
1682	 1653.3	 3355.8
1683	 636.0	 1495.9
1684	 633.55	 1549.1
1685	 1220.0	 1210.25
1686	 658.2	 1560.1
1687	 669.5	 1523.75
1688	 1571.25	 3054.5
1689	 1449.0	 3772.0
1690	 565.2	 1008.0
1691	 962.0	 3484.25
1692	 664.2	 1436.2
1693	 670.0	 1378.3
1694	 1555.5	 3110.15
1695	 696.0	 1560.0
1696	 1494.4	 3807.8
1697	 700.7	 1506.7
1698	 704.8	 1615.85
1699	 712.8	 1560.2
1700	 729.0	 1607.7
1701	 722.0	 1535.1
1702	 967.4	 3426.3
1703	 687.7	 1488.3
1704	 702.25	 1456.25
1705	 1353.25	 4673.5
1706	 957.75	 3370.5
1707	 1003.6	 2966.8
1708	 984.0	 1065.25
1709	 725.5	 1394.75
1710	 639.5	 1329.6
1711	 974.95	 1147.2
1712	 657.5	 1357.7
1713	 660.8	 1362.2
1714	 955.3	 1023.0
1715	 657.3	 1292.4
1716	 657.75	 1258.0
1717	 1576.0	 3020.4
1718	 646.8	 1197.5
1719	 656.0	 1174.85
1720	 1567.25	 3001.25
1721	 599.8	 2869.2
1722	 647.0	 1162.1
1723	 706.1	 1349.9
1724	 615.4	 2930.4
1725	 705.8	 1303.9
1726	 716.8	 1331.3
1727	 721.0	 1298.4
1728	 963.6	 3304.8
1729	 343.6	 602.5
1730	 685.75	 1214.25
1731	 659.25	 444.0
1732	 689.3	 1172.6
1733	 714.9	 1173.6
1734	 720.25	 1199.0
1735	 1497.75	 3752.25
1736	 620.0	 1054.2
1737	 2578.9	 150.6
1738	 571.6	 1013.0
1739	 797.75	 1588.5
1740	 1227.9	 2966.4
1741	 1053.0	 2221.25
1742	 781.25	 1475.0
1743	 775.5	 1412.75
1744	 937.3	 1387.8
1745	 803.3	 1597.0
1746	 784.75	 1499.0
1747	 597.9	 2690.4
1748	 1754.3	 4654.3
1749	 1414.8	 3108.6
1750	 825.0	 1433.75
1751	 1249.75	 2996.75
1752	 839.5	 1430.6
1753	 1037.25	 2746.5
1754	 1240.4	 1299.0
1755	 765.75	 1327.0
1756	 764.5	 1303.75
1757	 628.0	 1036.4
1758	 763.0	 1295.75
1759	 752.5	 1221.25
1760	 1258.95	 2893.65
1761	 758.25	 1269.25
1762	 748.25	 1166.25
1763	 749.5	 1176.0
1764	 751.25	 1195.25
1765	 794.9	 1215.0
1766	 616.75	 957.5
1767	 833.75	 1354.85
1768	 622.8	 946.7
1769	 1725.2	 4587.8
1770	 1449.2	 3070.8
1771	 1575.25	 3791.25
1772	 813.0	 1239.25
1773	 868.0	 2589.0
1774	 814.2	 1213.3
1775	 823.0	 1226.0
1776	 2255.8	 4640.5
1777	 1048.8	 1057.4
1778	 819.0	 1164.75
1779	 850.15	 1223.3
1780	 871.5	 2049.5
1781	 867.75	 2025.5
1782	 1276.75	 2002.75
1783	 1442.0	 3099.2
1784	 1019.0	 1002.0
1785	 856.1	 1933.7
1786	 909.75	 1993.75
1787	 843.75	 1879.75
1788	 1417.0	 2992.0
1789	 915.4	 2046.3
1790	 561.4	 929.0
1791	 937.75	 2047.0
1792	 1549.0	 3699.8
1793	 948.95	 2036.55
1794	 928.1	 1991.5
1795	 917.8	 1950.8
1796	 1672.0	 3934.5
1797	 914.8	 1864.2
1798	 939.5	 1890.5
1799	 934.75	 1898.0
1800	 919.65	 1826.95
1801	 949.0	 1932.25
1802	 1481.5	 2997.5
1803	 834.5	 1813.75
1804	 1270.7	 3234.9
1805	 859.2	 1615.5
1806	 854.25	 1650.5
1807	 348.25	 1280.5
1808	 875.1	 1693.2
1809	 881.0	 1671.05
1810	 977.0	 1695.0
1811	 1773.7	 3386.5
1812	 550.75	 1539.75
1813	 895.1	 1806.9
1814	 911.5	 1801.9
1815	 569.3	 3405.75
1816	 907.7	 1769.2
1817	 899.6	 1719.1
1818	 944.3	 1789.5
1819	 952.6	 1719.0
1820	 1103.0	 2209.0
1821	 1276.0	 3230.2
1822	 911.35	 1640.95
1823	 913.25	 1614.0
1824	 937.0	 1691.75
1825	 942.5	 1685.75
1826	 1563.5	 3215.75
1827	 1547.5	 3192.75
1828	 966.25	 2001.0
1829	 970.1	 884.8
1830	 973.25	 1981.75
1831	 993.75	 2067.0
1832	 995.5	 2080.3
1833	 1001.45	 2034.9
1834	 1005.5	 2001.0
1835	 633.75	 2972.75
1836	 986.5	 1908.25
1837	 994.0	 1947.2
1838	 987.5	 1863.0
1839	 1294.25	 3508.5
1840	 985.5	 1913.75
1841	 1023.8	 2035.3
1842	 1033.7	 2049.35
1843	 1053.55	 2056.05
1844	 1527.25	 3100.25
1845	 1015.9	 1936.6
1846	 1023.8	 1925.0
1847	 2011.0	 4396.25
1848	 1027.75	 1865.75
1849	 1046.9	 1932.7
1850	 439.5	 1450.75
1851	 1048.8	 1857.6
1852	 968.2	 1736.4
1853	 998.5	 1796.8
1854	 999.6	 1743.0
1855	 2062.7	 4614.0
1856	 1148.25	 2811.25
1857	 993.8	 1656.55
1858	 990.7	 1724.5
1859	 1040.5	 1804.9
1860	 1047.2	 3593.4
1861	 1091.45	 1409.65
1862	 1119.2	 1141.4
1863	 678.0	 3106.2
1864	 1021.1	 1680.0
1865	 1717.15	 3469.8
1866	 1024.0	 1692.25
1867	 974.2	 744.6
1868	 1695.5	 3452.25
1869	 978.5	 803.0
1870	 621.25	 851.5
1871	 1050.4	 1665.2
1872	 1130.5	 2637.75
1873	 1007.25	 1852.25
1874	 852.0	 1580.0
1875	 1725.25	 3466.75
1876	 863.25	 1511.0
1877	 882.6	 1561.4
1878	 590.6	 775.3
1879	 873.9	 1526.35
1880	 1105.7	 1591.8
1881	 1125.4	 2541.2
1882	 1435.4	 2330.0
1883	 860.0	 1471.85
1884	 866.4	 1473.7
1885	 862.3	 1398.6
1886	 879.0	 1420.25
1887	 1512.3	 4470.25
1888	 904.3	 1606.3
1889	 1353.8	 3207.9
1890	 889.0	 2359.75
1891	 1474.3	 2878.6
1892	 899.25	 1407.5
1893	 1140.8	 2541.95
1894	 933.5	 1429.7
1895	 948.0	 1415.5
1896	 636.5	 1717.5
1897	 918.7	 1498.5
1898	 612.15	 1517.35
1899	 867.5	 1354.5
1900	 676.95	 2929.3
1901	 852.7	 1308.6
1902	 875.25	 1351.75
1903	 1370.0	 3247.25
1904	 886.3	 1288.6
1905	 858.5	 1261.0
1906	 856.25	 1200.0
1907	 873.9	 1259.85
1908	 1171.4	 2753.6
1909	 906.1	 1382.65
1910	 913.5	 1319.8
1911	 920.75	 1274.0
1912	 942.4	 1351.7
1913	 942.9	 1379.35
1914	 1004.5	 819.25
1915	 1323.2	 1292.3
1916	 920.2	 1229.1
1917	 441.5	 666.25
1918	 941.2	 1264.8
1919	 943.6	 1199.7
1920	 947.45	 1469.1
1921	 962.2	 1595.9
1922	 1573.4	 3635.4
1923	 1648.5	 3138.75
1924	 973.8	 1579.05
1925	 969.6	 1488.65
1926	 954.8	 1469.7
1927	 981.9	 1459.2
1928	 1213.1	 1974.2
1929	 1264.25	 3102.5
1930	 992.0	 1484.0
1931	 979.5	 1408.5
1932	 1017.25	 1585.75
1933	 1036.0	 815.2
1934	 936.0	 2239.5
1935	 1028.2	 1569.65
1936	 1020.0	 1515.25
1937	 1022.0	 1503.75
1938	 1509.4	 3043.2
1939	 448.2	 640.2
1940	 1017.8	 1395.8
1941	 1034.9	 1481.9
1942	 1033.8	 1405.8
1943	 1054.3	 1403.3
1944	 959.3	 1340.4
1945	 965.5	 1314.0
1946	 978.25	 1370.75
1947	 964.4	 1272.8
1948	 971.1	 1254.0
1949	 955.0	 1199.2
1950	 995.75	 1241.0
1951	 979.4	 1192.55
1952	 1011.5	 1528.2
1953	 1014.8	 1319.95
1954	 1012.4	 1270.9
1955	 860.25	 655.25
1956	 1039.75	 1287.5
1957	 1046.6	 1273.9
1958	 1037.0	 1299.6
1959	 849.5	 626.5
1960	 1524.4	 3554.2
1961	 1025.3	 1191.7
1962	 1889.9	 3874.6
1963	 1009.85	 1189.15
1964	 1496.8	 3016.6
1965	 1182.6	 2591.6
1966	 1037.8	 1178.4
1967	 1030.4	 1216.6
1968	 631.0	 2681.0
1969	 659.1	 1108.5
1970	 1186.4	 2518.6
1971	 659.4	 1065.4
1972	 1281.75	 2997.0
1973	 539.5	 1191.5
1974	 1191.0	 2502.1
1975	 646.6	 937.2
1976	 1638.8	 3790.2
1977	 1126.75	 2441.0
1978	 675.75	 1114.75
1979	 292.75	 933.25
1980	 744.0	 1117.75
1981	 738.25	 1079.0
1982	 1281.7	 3025.25
1983	 483.8	 580.4
1984	 960.75	 2321.5
1985	 733.7	 1001.0
1986	 498.5	 681.25
1987	 674.2	 2814.0
1988	 732.0	 1026.0
1989	 643.75	 843.8
1990	 656.8	 835.4
1991	 661.0	 821.5
1992	 872.5	 3344.5
1993	 636.7	 807.6
1994	 1695.9	 3391.3
1995	 636.0	 714.25
1996	 667.75	 796.75
1997	 692.75	 724.5
1998	 1150.25	 2363.75
1999	 501.1	 579.9
2000	 1153.8	 2383.2
2001	 720.5	 879.25
2002	 721.5	 889.75
2003	 1320.1	 3107.1
2004	 687.8	 2813.4
2005	 710.7	 793.9
2006	 1353.0	 3188.5
2007	 693.75	 736.25
2008	 1660.6	 3729.8
2009	 628.5	 1045.5
2010	 743.75	 1097.0
2011	 2004.75	 4277.25
2012	 781.4	 1088.6
2013	 675.5	 2749.5
2014	 1324.4	 3055.8
2015	 799.1	 1124.3
2016	 803.1	 1100.5
2017	 832.25	 1131.0
2018	 826.0	 1078.0
2019	 1299.5	 2951.4
2020	 827.7	 1102.3
2021	 618.8	 1275.6
2022	 808.4	 1020.2
2023	 800.7	 970.5
2024	 817.25	 1020.75
2025	 1155.0	 2239.2
2026	 1470.0	 2520.9
2027	 775.7	 889.2
2028	 915.5	 723.5
2029	 780.5	 843.3
2030	 1304.75	 2880.5
2031	 749.7	 788.35
2032	 761.0	 710.0
2033	 727.0	 3098.2
2034	 776.8	 694.45
2035	 808.4	 917.0
2036	 795.25	 916.25
2037	 1344.25	 2229.5
2038	 918.75	 624.25
2039	 997.4	 2525.6
2040	 804.75	 744.0
2041	 807.5	 720.75
2042	 231.5	 1116.1
2043	 815.3	 762.3
2044	 833.5	 752.0
2045	 809.3	 725.0
2046	 425.6	 410.8
2047	 651.0	 621.25
2048	 1516.75	 2906.75
2049	 457.25	 466.75
2050	 535.5	 2577.5
2051	 1688.4	 3734.2
2052	 1690.3	 3723.1
2053	 1142.2	 1332.95
2054	 1008.0	 2594.1
2055	 1393.8	 4654.7
2056	 676.0	 552.75
2057	 1247.7	 2095.3
2058	 663.5	 477.25
2059	 2109.3	 4314.6
2060	 749.6	 3224.9
2061	 1175.5	 2305.5
2062	 1202.4	 2699.3
2063	 695.7	 632.2
2064	 2139.3	 4297.0
2065	 734.5	 659.25
2066	 697.5	 483.25
2067	 728.8	 552.7
2068	 431.6	 308.8
2069	 709.4	 454.0
2070	 832.5	 1552.0
2071	 1168.5	 2230.1
2072	 976.0	 2421.25
2073	 1216.25	 2846.25
2074	 985.5	 2413.75
2075	 845.1	 487.8
2076	 1216.8	 2736.8
2077	 193.5	 1061.6
2078	 546.0	 2512.25
2079	 1600.8	 3648.9
2080	 634.75	 3371.75
2081	 842.6	 396.1
2082	 711.5	 390.0
2083	 729.55	 409.4
2084	 715.7	 381.35
2085	 742.5	 370.3
2086	 734.7	 348.5
2087	 705.0	 241.25
2088	 1663.25	 3657.0
2089	 991.0	 2499.75
2090	 460.1	 284.0
2091	 1191.9	 2280.2
2092	 762.6	 658.4
2093	 870.2	 488.4
2094	 484.0	 267.6
2095	 1152.25	 1384.25
2096	 246.4	 1076.1
2097	 1691.8	 3484.8
2098	 750.6	 554.0
2099	 1037.8	 1825.8
2100	 756.0	 462.1
2101	 774.0	 534.0
2102	 772.0	 521.5
2103	 1131.4	 2000.3
2104	 2268.2	 4724.55
2105	 804.7	 648.65
2106	 824.4	 649.6
2107	 828.1	 630.6
2108	 820.0	 611.5
2109	 207.6	 1023.6
2110	 497.5	 393.5
2111	 785.75	 1871.45
2112	 495.8	 342.4
2113	 1794.25	 4494.0
2114	 1231.4	 3473.8
2115	 832.8	 457.6
2116	 830.0	 682.4
2117	 744.6	 412.8
2118	 1509.25	 2841.75
2119	 745.5	 358.9
2120	 756.1	 353.7
2121	 1742.8	 3488.2
2122	 786.25	 3081.5
2123	 1217.0	 3363.0
2124	 1001.5	 1245.0
2125	 784.7	 359.4
2126	 742.3	 292.3
2127	 1042.4	 2558.8
2128	 1630.45	 3564.2
2129	 783.7	 279.4
2130	 800.2	 443.5
2131	 793.05	 404.45
2132	 805.3	 438.5
2133	 766.8	 3012.9
2134	 594.8	 2517.35
2135	 824.95	 421.75
2136	 833.35	 366.5
2137	 1722.0	 3252.0
2138	 793.75	 328.5
2139	 1757.5	 3449.0
2140	 819.8	 315.1
2141	 842.15	 1143.65
2142	 1245.7	 2031.2
2143	 703.8	 2903.7
2144	 1259.2	 2796.9
2145	 866.75	 1104.75
2146	 875.4	 1121.7
2147	 871.6	 1090.6
2148	 709.8	 2918.75
2149	 1037.0	 2450.5
2150	 859.9	 1031.7
2151	 508.6	 335.35
2152	 1715.0	 3613.4
2153	 1833.75	 3512.75
2154	 856.8	 952.8
2155	 1651.8	 3202.8
2156	 862.4	 1004.7
2157	 1224.0	 3279.4
2158	 912.3	 1116.8
2159	 897.25	 1051.0
2160	 1760.0	 3651.75
2161	 590.5	 2447.75
2162	 895.5	 976.5
2163	 897.8	 985.8
2164	 940.25	 954.5
2165	 1761.7	 3629.0
2166	 844.3	 934.8
2167	 708.75	 246.5
2168	 830.1	 3483.8
2169	 881.75	 936.5
2170	 879.2	 871.4
2171	 867.8	 883.8
2172	 1624.25	 3803.0
2173	 1243.9	 3504.4
2174	 926.8	 447.0
2175	 1075.5	 3797.1
2176	 1238.75	 3358.0
2177	 1257.75	 2525.25
2178	 882.0	 946.2
2179	 898.25	 355.25
2180	 915.3	 913.9
2181	 949.75	 903.5
2182	 1821.5	 3496.25
2183	 1255.0	 3528.0
2184	 892.6	 775.1
2185	 913.65	 785.7
2186	 1607.95	 3995.0
2187	 956.0	 1140.5
2188	 958.8	 1149.0
2189	 606.0	 2410.0
2190	 564.25	 640.75
2191	 959.4	 1102.4
2192	 982.9	 1092.2
2193	 952.0	 1036.2
2194	 956.6	 970.2
2195	 968.65	 970.0
2196	 2472.8	 4427.9
2197	 986.0	 959.0
2198	 1021.8	 1117.05
2199	 677.75	 1136.0
2200	 1023.1	 1077.0
2201	 1007.75	 1105.75
2202	 1043.1	 1131.4
2203	 531.4	 477.4
2204	 1022.15	 1032.7
2205	 1002.25	 1028.1
2206	 1660.25	 4438.25
2207	 1042.2	 989.9
2208	 1039.2	 1026.2
2209	 1028.25	 966.25
2210	 959.4	 678.6
2211	 975.05	 923.05
2212	 953.85	 855.3
2213	 992.0	 934.65
2214	 985.9	 857.9
2215	 1752.2	 3424.4
2216	 956.9	 776.3
2217	 953.5	 768.25
2218	 2362.4	 4677.7
2219	 1256.0	 3196.6
2220	 1017.4	 930.3
2221	 1021.25	 907.75
2222	 984.0	 680.75
2223	 1195.5	 2596.75
2224	 672.0	 952.0
2225	 1020.25	 785.5
2226	 1211.8	 3160.2
2227	 540.2	 2175.0
2228	 783.6	 2833.2
2229	 1003.0	 813.3
2230	 1050.1	 804.6
2231	 243.75	 912.25
2232	 851.35	 713.5
2233	 1720.05	 3364.3
2234	 872.05	 698.1
2235	 874.75	 644.85
2236	 553.2	 2168.0
2237	 888.0	 624.3
2238	 851.0	 569.0
2239	 843.7	 528.65
2240	 863.25	 542.75
2241	 865.2	 596.2
2242	 1399.0	 2291.5
2243	 876.2	 496.4
2244	 1850.75	 4722.0
2245	 1554.6	 3025.4
2246	 903.8	 657.7
2247	 1184.25	 2387.5
2248	 918.25	 668.25
2249	 910.6	 635.6
2250	 894.45	 601.9
2251	 1787.6	 3344.8
2252	 1229.5	 2419.2
2253	 919.4	 595.3
2254	 923.0	 587.5
2255	 1688.75	 4366.25
2256	 1600.5	 3551.2
2257	 2414.0	 4636.25
2258	 1512.2	 2699.4
2259	 1719.5	 3105.5
2260	 1560.5	 4750.5
2261	 851.5	 393.0
2262	 922.5	 2000.75
2263	 889.0	 443.5
2264	 1029.9	 2361.4
2265	 1794.75	 3391.5
2266	 334.0	 401.75
2267	 859.75	 329.75
2268	 835.75	 255.5
2269	 860.1	 307.8
2270	 1080.6	 3826.1
2271	 1805.4	 3365.2
2272	 871.4	 300.0
2273	 884.5	 408.5
2274	 977.4	 605.4
2275	 1900.25	 4776.25
2276	 1222.8	 1054.5
2277	 1526.8	 2874.1
2278	 1199.8	 2917.6
2279	 901.05	 476.5
2280	 674.5	 2913.0
2281	 879.4	 282.8
2282	 921.0	 338.5
2283	 926.2	 318.85
2284	 1050.5	 2351.8
2285	 949.8	 640.8
2286	 964.9	 650.8
2287	 988.3	 647.8
2288	 1218.4	 3013.0
2289	 1228.35	 2281.85
2290	 972.0	 608.0
2291	 981.0	 549.7
2292	 588.6	 464.6
2293	 1640.9	 4293.6
2294	 1053.5	 700.0
2295	 1041.25	 641.75
2296	 606.8	 522.7
2297	 1249.65	 2285.25
2298	 1000.9	 559.6
2299	 1030.75	 622.5
2300	 1032.0	 727.8
2301	 1533.0	 2644.0
2302	 306.2	 882.9
2303	 1251.4	 3954.4
2304	 942.9	 488.9
2305	 612.25	 750.0
2306	 2064.5	 3931.0
2307	 948.5	 477.0
2308	 1792.0	 4683.4
2309	 272.85	 844.7
2310	 947.0	 369.75
2311	 1023.5	 2143.75
2312	 1027.2	 2132.4
2313	 967.5	 398.0
2314	 729.3	 927.8
2315	 960.2	 350.8
2316	 251.25	 755.75
2317	 1031.2	 534.9
2318	 790.75	 3060.0
2319	 996.75	 3553.0
2320	 987.0	 383.0
2321	 1017.6	 453.2
2322	 1035.6	 431.2
2323	 1195.3	 4566.9
2324	 297.0	 804.0
2325	 1219.2	 4593.2
2326	 1149.4	 4526.7
2327	 1293.5	 4623.15
2328	 611.25	 2143.75
2329	 776.0	 584.25
2330	 1240.75	 4588.75
2331	 434.5	 2853.7
2332	 1247.1	 4568.95
2333	 461.3	 343.6
2334	 1284.4	 4588.9
2335	 1264.5	 4618.0
2336	 1291.6	 4536.1
2337	 1145.0	 602.5
2338	 2309.5	 4601.0
2339	 1096.0	 4473.5
2340	 1365.5	 4639.45
2341	 1236.5	 2993.4
2342	 1172.1	 4462.0
2343	 1130.0	 4440.0
2344	 1068.9	 4434.1
2345	 1703.0	 3114.0
2346	 410.0	 1242.5
2347	 1213.5	 4503.25
2348	 1254.25	 3006.75
2349	 1714.2	 3152.0
2350	 1898.5	 4697.75
2351	 1295.0	 4497.3
2352	 1225.8	 4447.5
2353	 1225.75	 4461.25
2354	 1221.5	 4411.5
2355	 1246.2	 4408.0
2356	 731.5	 1758.5
2357	 1276.3	 4440.0
2358	 1265.3	 4429.6
2359	 1293.1	 4430.4
2360	 1262.0	 4414.3
2361	 1263.5	 3025.6
2362	 1347.4	 4687.2
2363	 1101.5	 1353.0
2364	 1391.3	 2671.4
2365	 568.25	 296.25
2366	 1349.6	 4659.4
2367	 1378.5	 4679.35
2368	 1301.2	 4603.3
2369	 958.5	 483.25
2370	 1344.9	 2679.8
2371	 1338.5	 4573.25
2372	 838.9	 3175.8
2373	 1358.9	 4591.4
2374	 1414.0	 4738.0
2375	 1426.0	 4715.6
2376	 574.0	 263.0
2377	 572.75	 240.25
2378	 1395.05	 4642.3
2379	 1873.8	 4507.6
2380	 1414.6	 4608.5
2381	 1419.8	 4662.0
2382	 1427.5	 4657.0
2383	 1426.75	 4641.0
2384	 1438.35	 4623.8
2385	 1333.25	 2942.5
2386	 1338.5	 4521.2
2387	 1354.8	 4490.85
2388	 1287.0	 3385.8
2389	 1339.8	 4479.7
2390	 1341.7	 4457.8
2391	 592.0	 361.0
2392	 1348.75	 4409.25
2393	 1337.25	 4449.25
2394	 1311.4	 3849.2
2395	 1385.75	 4574.0
2396	 1341.5	 2885.75
2397	 1380.9	 2930.0
2398	 1416.2	 4505.4
2399	 1426.75	 4520.0
2400	 1380.4	 4487.2
2401	 1387.15	 4470.25
2402	 830.5	 3058.5
2403	 1273.6	 3247.4
2404	 1436.4	 4477.6
2405	 2406.25	 4517.5
2406	 926.9	 1658.7
2407	 1310.0	 2856.75
2408	 1060.6	 4354.3
2409	 1091.2	 4402.8
2410	 843.9	 3021.0
2411	 1105.2	 4408.7
2412	 1115.1	 4360.7
2413	 1100.8	 4346.4
2414	 1127.1	 4351.8
2415	 2039.25	 4850.0
2416	 680.0	 2629.4
2417	 337.0	 2045.5
2418	 1096.75	 4335.75
2419	 394.75	 1061.5
2420	 690.0	 3302.0
2421	 1162.25	 4360.0
2422	 1165.5	 4366.0
2423	 1189.6	 4396.6
2424	 404.7	 1132.9
2425	 1151.5	 4306.5
2426	 337.5	 1940.75
2427	 688.8	 2527.8
2428	 856.6	 3019.0
2429	 704.0	 781.75
2430	 1238.5	 4299.6
2431	 1056.25	 4244.35
2432	 854.7	 2982.4
2433	 1105.4	 4267.2
2434	 1152.5	 4222.25
2435	 1074.75	 4210.3
2436	 1069.5	 4161.25
2437	 1373.05	 2815.45
2438	 1308.9	 2628.5
2439	 1115.4	 4219.6
2440	 1125.6	 4179.7
2441	 1123.2	 4166.1
2442	 1142.6	 4153.5
2443	 332.4	 1913.4
2444	 1157.0	 4236.75
2445	 593.75	 457.75
2446	 1192.0	 4254.6
2447	 1207.2	 4264.8
2448	 1232.55	 4266.1
2449	 1207.5	 4221.5
2450	 1177.25	 4207.25
2451	 1194.5	 4206.2
2452	 1158.1	 4174.3
2453	 1168.0	 4178.0
2454	 1086.25	 4094.0
2455	 1203.7	 4170.8
2456	 1305.0	 2591.2
2457	 1230.0	 4175.2
2458	 1279.25	 4373.25
2459	 2191.0	 4827.0
2460	 1350.5	 2943.2
2461	 391.5	 996.5
2462	 1318.85	 2640.9
2463	 1257.9	 4317.6
2464	 1243.2	 4276.45
2465	 1327.8	 4311.2
2466	 371.5	 1830.75
2467	 1302.0	 4278.25
2468	 445.8	 1333.6
2469	 1518.1	 2542.2
2470	 1394.25	 4391.5
2471	 397.8	 992.0
2472	 1406.7	 4368.7
2473	 1418.6	 4367.2
2474	 1210.5	 4550.5
2475	 1240.8	 4551.6
2476	 1364.4	 4342.55
2477	 1347.25	 2464.5
2478	 1546.8	 2971.05
2479	 1398.8	 4349.3
2480	 1425.75	 4347.25
2481	 1433.5	 4332.2
2482	 1404.8	 4303.3
2483	 1081.4	 3749.65
2484	 1685.7	 3171.4
2485	 619.6	 2277.4
2486	 1160.0	 1910.2
2487	 2141.75	 4619.25
2488	 1306.25	 4273.0
2489	 1308.7	 4246.8
2490	 1151.5	 843.5
2491	 1297.1	 4214.95
2492	 1260.0	 2448.5
2493	 1600.9	 3500.6
2494	 1251.75	 4187.5
2495	 1245.25	 4182.0
2496	 1262.2	 4157.3
2497	 1311.7	 4203.1
2498	 1326.2	 3392.4
2499	 1276.25	 4150.75
2500	 1263.9	 2357.05
2501	 1361.85	 4271.45
2502	 1360.0	 2549.4
2503	 1430.4	 4277.7
2504	 1393.25	 4241.5
2505	 1156.0	 4134.5
2506	 1422.9	 4252.8
2507	 1359.6	 4225.4
2508	 1384.2	 4225.3
2509	 1265.25	 3172.15
2510	 1405.25	 4187.5
2511	 1361.0	 2683.0
2512	 1273.0	 3070.0
2513	 1499.7	 4790.1
2514	 1516.1	 4777.1
2515	 1276.5	 3172.25
2516	 1449.5	 4717.75
2517	 1468.95	 4722.3
2518	 824.9	 2864.9
2519	 1483.3	 4689.3
2520	 1508.25	 4702.75
2521	 1513.0	 4693.75
2522	 645.25	 2205.5
2523	 1279.0	 3062.5
2524	 1925.25	 4367.0
2525	 1555.1	 4781.5
2526	 1608.8	 4795.6
2527	 1537.5	 4742.0
2528	 1546.8	 4717.8
2529	 1362.25	 2061.5
2530	 1008.5	 4061.8
2531	 1578.8	 4708.0
2532	 1591.0	 4720.0
2533	 1590.7	 4716.4
2534	 1600.2	 4751.7
2535	 1963.5	 4523.75
2536	 1268.8	 2320.5
2537	 654.5	 2090.5
2538	 1460.0	 4630.75
2539	 1475.0	 4616.5
2540	 1475.3	 4627.2
2541	 1262.7	 1167.8
2542	 1494.25	 4610.75
2543	 1523.8	 4641.8
2544	 1976.75	 4493.75
2545	 1467.5	 4576.0
2546	 1337.0	 2594.5
2547	 420.25	 1572.55
2548	 1477.2	 4551.6
2549	 1512.1	 4547.5
2550	 2602.5	 4611.5
2551	 971.65	 1993.55
2552	 1579.5	 4628.5
2553	 1539.2	 4598.5
2554	 1562.75	 4584.0
2555	 1282.0	 2909.75
2556	 1588.6	 4591.0
2557	 677.5	 1966.0
2558	 2054.5	 4491.75
2559	 1606.25	 3149.5
2560	 341.6	 1771.6
2561	 324.4	 1708.4
2562	 1692.5	 4766.25
2563	 1690.0	 4777.25
2564	 1670.7	 4753.0
2565	 1068.1	 574.3
2566	 1695.95	 4797.2
2567	 1355.3	 1925.1
2568	 1082.25	 3894.75
2569	 1357.2	 2354.6
2570	 1730.5	 4799.0
2571	 1231.0	 1770.9
2572	 1350.55	 2303.35
2573	 729.6	 1926.0
2574	 307.8	 1646.95
2575	 1457.1	 4654.1
2576	 1776.0	 4766.5
2577	 1637.5	 4683.0
2578	 1773.25	 3398.25
2579	 1640.8	 4632.4
2580	 1324.75	 3135.25
2581	 2193.7	 4570.3
2582	 1667.7	 4687.7
2583	 824.7	 974.5
2584	 1631.8	 4623.4
2585	 1651.0	 4587.5
2586	 1104.25	 3887.15
2587	 1641.8	 4546.4
2588	 1544.15	 3951.15
2589	 1365.7	 2333.7
2590	 1687.6	 4618.6
2591	 1145.25	 4409.0
2592	 1316.4	 3100.4
2593	 1659.25	 4577.5
2594	 1713.5	 4690.25
2595	 1695.05	 4641.4
2596	 1369.25	 2269.5
2597	 1323.25	 2365.5
2598	 1374.2	 2435.5
2599	 1138.8	 3864.8
2600	 2139.5	 4489.25
2601	 1452.2	 4706.4
2602	 1714.3	 4573.5
2603	 791.6	 897.6
2604	 1755.0	 4597.25
2605	 1732.8	 4541.8
2606	 1452.5	 4493.75
2607	 2184.25	 4510.5
2608	 1380.1	 2258.45
2609	 1485.0	 4515.2
2610	 1378.5	 2425.75
2611	 1456.25	 4431.0
2612	 1455.6	 4449.3
2613	 1447.0	 4392.5
2614	 1452.6	 4389.5
2615	 665.75	 1813.0
2616	 1122.9	 1657.9
2617	 1498.6	 4370.6
2618	 1209.0	 4438.6
2619	 1525.4	 4513.4
2620	 1209.0	 3975.5
2621	 352.0	 1963.5
2622	 1417.25	 2827.75
2623	 1523.0	 4406.3
2624	 682.0	 1742.5
2625	 1532.5	 4402.3
2626	 1556.75	 4420.6
2627	 1065.6	 2124.8
2628	 1467.45	 4329.55
2629	 1430.25	 2892.75
2630	 1448.8	 4282.2
2631	 2287.8	 4252.1
2632	 217.5	 661.6
2633	 1479.3	 4274.3
2634	 1489.0	 4283.8
2635	 1445.4	 4199.5
2636	 1463.4	 4176.7
2637	 1461.9	 4162.5
2638	 1434.7	 4156.9
2639	 1197.0	 2700.6
2640	 650.85	 1005.85
2641	 1519.9	 4333.3
2642	 1536.7	 4348.8
2643	 1294.5	 4423.0
2644	 1554.5	 4313.0
2645	 1602.75	 4257.5
2646	 778.25	 2626.0
2647	 1431.5	 4571.75
2648	 800.5	 3945.5
2649	 1530.0	 4249.25
2650	 1553.5	 4182.25
2651	 1205.4	 2702.7
2652	 1378.05	 3108.05
2653	 1643.75	 4461.75
2654	 1643.1	 4492.75
2655	 292.5	 714.5
2656	 1614.2	 4400.4
2657	 1413.6	 2938.2
2658	 738.7	 2479.6
2659	 1611.0	 4419.5
2660	 1668.8	 4329.2
2661	 1677.25	 4352.75
2662	 1691.2	 4492.6
2663	 1667.3	 4515.0
2664	 1700.0	 4529.0
2665	 822.0	 816.8
2666	 1682.6	 4693.95
2667	 1442.0	 2934.75
2668	 408.3	 2073.0
2669	 1753.75	 4442.75
2670	 1336.2	 2816.9
2671	 1697.0	 4379.0
2672	 1683.75	 4358.5
2673	 1218.6	 2645.8
2674	 1658.3	 4313.6
2675	 806.7	 774.5
2676	 411.0	 1995.2
2677	 1715.25	 4399.25
2678	 704.85	 1756.3
2679	 1081.75	 1939.25
2680	 2331.1	 4464.2
2681	 1925.75	 4473.25
2682	 1668.1	 4243.6
2683	 1185.25	 3135.25
2684	 1688.0	 4251.75
2685	 1605.8	 4188.5
2686	 1581.25	 4216.25
2687	 1547.75	 4171.0
2688	 1618.9	 4165.3
2689	 1285.5	 4115.75
2690	 1046.75	 3578.5
2691	 1671.75	 4187.25
2692	 1679.0	 4160.25
2693	 1423.65	 2722.0
2694	 1730.5	 4278.0
2695	 1712.75	 4226.55
2696	 1739.4	 4278.0
2697	 1771.25	 4298.5
2698	 2373.75	 4459.25
2699	 1735.0	 4237.0
2700	 1722.75	 4187.5
2701	 1729.6	 4174.2
2702	 1740.25	 4210.0
2703	 1760.5	 4157.7
2704	 1734.5	 4224.3
2705	 1579.6	 4383.2
2706	 700.5	 1625.0
2707	 295.5	 659.5
2708	 1913.0	 4413.35
2709	 1093.6	 4082.7
2710	 1134.8	 4085.8
2711	 1083.2	 4035.45
2712	 1058.2	 4022.2
2713	 1250.25	 2796.75
2714	 1429.0	 4686.0
2715	 1136.0	 4109.0
2716	 1211.2	 4117.3
2717	 1917.3	 4393.4
2718	 418.75	 1919.25
2719	 1335.0	 1768.3
2720	 1251.0	 2777.6
2721	 1194.25	 4053.15
2722	 1187.0	 4004.0
2723	 2409.75	 4440.0
2724	 1092.8	 3969.8
2725	 430.0	 1899.75
2726	 1134.95	 3936.5
2727	 1059.3	 3889.8
2728	 1391.25	 4639.75
2729	 1379.2	 2433.8
2730	 1067.0	 3850.4
2731	 1428.25	 2702.75
2732	 426.6	 1817.8
2733	 1181.6	 4255.2
2734	 1111.5	 3871.6
2735	 431.3	 1868.7
2736	 1168.2	 3970.8
2737	 738.0	 2014.5
2738	 1138.8	 3909.2
2739	 1153.3	 3868.1
2740	 1197.2	 3914.5
2741	 1204.55	 3865.7
2742	 1745.0	 4428.0
2743	 1236.5	 4087.0
2744	 840.0	 3795.75
2745	 1785.25	 4350.75
2746	 393.6	 1758.0
2747	 1299.75	 4128.4
2748	 1105.4	 1922.8
2749	 1442.0	 2667.75
2750	 1251.5	 4052.5
2751	 1257.75	 4052.55
2752	 1281.6	 4061.1
2753	 1282.5	 4056.25
2754	 1324.75	 4139.25
2755	 1109.4	 1954.1
2756	 1370.7	 4130.2
2757	 2314.8	 4354.0
2758	 1198.5	 2441.0
2759	 1409.25	 4128.5
2760	 868.25	 4090.75
2761	 1425.6	 4125.8
2762	 1859.7	 4352.7
2763	 1334.4	 4035.75
2764	 772.9	 2277.6
2765	 1132.1	 1570.15
2766	 1397.5	 4035.5
2767	 1242.2	 4007.6
2768	 1255.8	 4013.0
2769	 1227.6	 3977.4
2770	 1398.3	 2453.8
2771	 1401.25	 2519.25
2772	 1062.75	 1651.5
2773	 1222.3	 3906.7
2774	 1232.6	 3897.8
2775	 1324.2	 4516.2
2776	 2416.0	 4706.2
2777	 1308.0	 3841.75
2778	 914.9	 3854.4
2779	 1215.9	 2466.3
2780	 1351.2	 4548.2
2781	 889.6	 4009.7
2782	 875.0	 4112.4
2783	 1418.0	 3960.25
2784	 1402.0	 2424.2
2785	 1381.25	 3892.25
2786	 1810.0	 4286.0
2787	 1398.25	 3918.5
2788	 1392.75	 3908.75
2789	 1308.8	 4461.2
2790	 1133.0	 3725.7
2791	 1083.9	 3840.2
2792	 368.25	 1547.75
2793	 1062.55	 1581.2
2794	 392.8	 1600.3
2795	 1204.0	 2315.8
2796	 1125.2	 3834.8
2797	 1123.0	 3817.75
2798	 1196.6	 2171.0
2799	 1110.0	 3818.3
2800	 1069.8	 3742.8
2801	 1076.4	 3753.2
2802	 1067.55	 3709.65
2803	 1467.9	 4537.2
2804	 1055.2	 3705.95
2805	 318.5	 568.75
2806	 1103.0	 3716.2
2807	 1127.0	 3732.5
2808	 877.0	 3856.8
2809	 879.5	 3940.5
2810	 1413.2	 2368.9
2811	 1149.75	 3818.6
2812	 1134.7	 3776.3
2813	 1151.9	 3783.6
2814	 1316.0	 3685.25
2815	 1135.9	 1479.7
2816	 1931.0	 4358.4
2817	 805.25	 2030.75
2818	 1134.7	 3712.2
2819	 1249.4	 1565.0
2820	 825.1	 2599.8
2821	 1711.7	 4494.3
2822	 1091.75	 3678.5
2823	 1207.7	 2165.1
2824	 1133.5	 3671.05
2825	 1117.2	 3647.35
2826	 1072.05	 3612.4
2827	 1069.7	 3639.2
2828	 1102.5	 3590.5
2829	 1071.35	 1550.35
2830	 1123.5	 3601.0
2831	 796.3	 2460.7
2832	 715.6	 468.35
2833	 1448.35	 2558.5
2834	 1216.75	 3648.5
2835	 971.25	 1562.0
2836	 1381.7	 2998.4
2837	 742.8	 3741.8
2838	 632.3	 1112.7
2839	 743.1	 489.6
2840	 1239.25	 3595.5
2841	 1214.0	 3610.8
2842	 1438.0	 2511.75
2843	 871.0	 361.5
2844	 1227.75	 2389.5
2845	 410.75	 1661.5
2846	 1000.5	 3470.75
2847	 1430.6	 4567.0
2848	 1456.25	 2545.5
2849	 1331.0	 3794.5
2850	 1095.3	 1703.5
2851	 1237.6	 3732.55
2852	 1274.3	 3747.0
2853	 1099.0	 1755.8
2854	 1311.5	 3742.75
2855	 1295.75	 3723.25
2856	 1285.75	 3701.0
2857	 1383.6	 3812.0
2858	 1091.2	 1599.9
2859	 1340.0	 3817.5
2860	 1111.9	 2813.2
2861	 1391.75	 3797.25
2862	 1912.75	 4280.25
2863	 1664.25	 4400.75
2864	 1421.5	 3821.25
2865	 1356.1	 4001.3
2866	 1232.6	 2331.0
2867	 663.9	 426.4
2868	 1370.9	 3751.4
2869	 1391.0	 4465.75
2870	 1387.1	 3703.3
2871	 1402.0	 3773.5
2872	 1433.25	 2320.0
2873	 1411.5	 3717.5
2874	 1413.2	 3710.2
2875	 1437.4	 3746.4
2876	 846.5	 2628.2
2877	 664.8	 358.3
2878	 1273.25	 3676.5
2879	 1258.75	 3647.75
2880	 1437.1	 2285.4
2881	 491.25	 1361.5
2882	 343.5	 548.9
2883	 1368.25	 3662.75
2884	 1254.0	 3621.5
2885	 1438.6	 4472.6
2886	 1439.5	 2279.0
2887	 2424.4	 4509.2
2888	 1439.4	 2317.2
2889	 1357.25	 3601.5
2890	 1101.7	 1476.2
2891	 1248.0	 2255.5
2892	 1388.0	 4030.4
2893	 1401.6	 3667.4
2894	 2457.8	 4485.2
2895	 1432.25	 3635.0
2896	 1429.0	 3619.9
2897	 1445.75	 4007.25
2898	 1087.9	 4359.7
2899	 1377.6	 3999.8
2900	 768.5	 3647.75
2901	 1265.5	 2852.75
2902	 1401.5	 3600.5
2903	 1397.25	 3614.0
2904	 1800.75	 4138.0
2905	 798.25	 3737.0
2906	 821.2	 1363.95
2907	 1490.0	 4082.5
2908	 1502.25	 4100.0
2909	 1516.5	 4117.25
2910	 1137.5	 2105.25
2911	 382.1	 644.4
2912	 1523.0	 4035.75
2913	 1507.4	 2829.7
2914	 1440.75	 3998.0
2915	 1336.25	 2116.75
2916	 2399.5	 4690.25
2917	 1006.0	 3450.25
2918	 1277.75	 2855.25
2919	 1537.75	 4010.0
2920	 1513.8	 3978.2
2921	 1425.75	 3973.5
2922	 1524.75	 4130.75
2923	 1540.25	 4156.0
2924	 1142.55	 2065.9
2925	 1557.0	 4060.5
2926	 1738.75	 3729.25
2927	 764.8	 1622.8
2928	 1592.0	 4111.25
2929	 1265.4	 2682.6
2930	 491.5	 1275.15
2931	 770.8	 1649.0
2932	 1608.1	 4031.9
2933	 1602.6	 4026.0
2934	 1574.4	 3986.1
2935	 1600.0	 3999.0
2936	 398.4	 593.1
2937	 1444.8	 3897.0
2938	 1470.25	 3902.0
2939	 1498.4	 3944.7
2940	 769.25	 3531.75
2941	 1517.25	 3899.5
2942	 288.0	 1486.75
2943	 1448.5	 3890.0
2944	 336.8	 509.8
2945	 786.9	 1773.85
2946	 1105.0	 4319.5
2947	 1465.9	 3832.5
2948	 1493.9	 3881.7
2949	 1495.4	 3848.1
2950	 1727.25	 4409.75
2951	 1525.1	 3962.1
2952	 1369.0	 3874.25
2953	 1089.0	 4312.5
2954	 1244.0	 2476.0
2955	 1542.75	 3899.65
2956	 1577.0	 3945.5
2957	 2154.75	 4467.75
2958	 1609.0	 3956.4
2959	 802.55	 1759.75
2960	 1528.0	 3857.25
2961	 1528.0	 3891.25
2962	 1580.75	 3892.5
2963	 784.95	 2185.05
2964	 370.4	 2193.6
2965	 1587.25	 3832.25
2966	 1586.0	 3840.25
2967	 455.0	 1129.4
2968	 1620.0	 4140.5
2969	 787.0	 2134.5
2970	 1288.25	 2535.75
2971	 1676.25	 4144.25
2972	 699.5	 3319.5
2973	 862.5	 1982.75
2974	 1609.0	 4038.75
2975	 736.25	 3457.0
2976	 773.2	 1682.4
2977	 798.95	 1728.7
2978	 1161.5	 4348.75
2979	 1345.5	 2235.5
2980	 2154.0	 4425.0
2981	 1648.0	 4020.3
2982	 1178.0	 4365.75
2983	 1191.2	 3544.0
2984	 804.0	 2149.5
2985	 846.15	 1683.1
2986	 1723.4	 4111.6
2987	 727.7	 3402.7
2988	 1730.65	 4101.5
2989	 1758.4	 4094.3
2990	 1754.25	 4103.75
2991	 1362.75	 2126.5
2992	 269.75	 1365.25
2993	 1292.1	 1704.0
2994	 1682.7	 4057.0
2995	 1752.75	 4060.25
2996	 1759.2	 4049.7
2997	 1147.1	 1828.1
2998	 1764.5	 3990.5
2999	 1618.75	 3969.0
3000	 1635.7	 3918.7
3001	 1642.5	 3956.1
3002	 785.45	 633.85
3003	 571.0	 2508.0
3004	 1064.8	 1176.5
3005	 1625.25	 3879.75
3006	 1631.95	 3870.4
3007	 1349.0	 1926.0
3008	 1614.2	 3908.8
3009	 1646.3	 3869.1
3010	 1653.8	 3835.8
3011	 825.4	 2271.4
3012	 1683.0	 3943.25
3013	 751.75	 443.75
3014	 728.5	 3326.5
3015	 1773.7	 3975.3
3016	 866.25	 3572.5
3017	 1703.6	 3899.2
3018	 1684.0	 3847.1
3019	 1709.95	 3847.9
3020	 1293.0	 2597.0
3021	 1357.5	 1918.25
3022	 1754.5	 3862.25
3023	 673.1	 1530.4
3024	 670.5	 1520.0
3025	 1741.0	 3823.5
3026	 1745.35	 3827.7
3027	 1777.5	 3818.5
3028	 1455.7	 3812.1
3029	 821.25	 2231.75
3030	 908.2	 1407.4
3031	 1474.0	 3780.25
3032	 1440.6	 3807.7
3033	 1493.5	 3799.5
3034	 2000.75	 4359.75
3035	 1434.2	 3736.6
3036	 1473.4	 3722.4
3037	 1116.3	 1606.9
3038	 1492.4	 3758.4
3039	 735.4	 2470.4
3040	 1486.6	 3706.2
3041	 2004.7	 4426.2
3042	 639.25	 1395.75
3043	 1536.0	 3773.75
3044	 1535.0	 3758.25
3045	 628.95	 952.8
3046	 1066.5	 4238.0
3047	 1583.75	 3768.0
3048	 1529.75	 3741.15
3049	 1165.4	 3825.6
3050	 810.6	 3151.3
3051	 1554.2	 3714.7
3052	 1554.3	 3703.3
3053	 1355.75	 2030.9
3054	 1586.5	 3692.8
3055	 779.2	 3453.2
3056	 1445.4	 3653.2
3057	 1454.5	 3650.1
3058	 1080.2	 4219.0
3059	 1703.25	 3068.75
3060	 1076.1	 2254.7
3061	 1351.75	 2345.75
3062	 1488.0	 3642.6
3063	 1142.5	 4260.5
3064	 1456.5	 3593.5
3065	 1468.5	 3579.0
3066	 1509.4	 3597.5
3067	 1104.5	 3780.0
3068	 1479.8	 3580.6
3069	 1522.0	 3679.0
3070	 1533.2	 3664.0
3071	 877.3	 3188.7
3072	 1514.4	 3607.2
3073	 1578.0	 3670.2
3074	 1584.0	 3644.5
3075	 1262.75	 2398.25
3076	 1583.0	 3637.5
3077	 1186.1	 3813.7
3078	 1518.1	 3571.5
3079	 1515.9	 3559.5
3080	 696.5	 1520.0
3081	 1550.25	 3607.75
3082	 1588.75	 3590.75
3083	 800.75	 558.75
3084	 1080.5	 4207.0
3085	 1571.0	 3575.0
3086	 774.5	 3330.75
3087	 1578.75	 3612.0
3088	 1515.5	 3623.0
3089	 254.65	 1199.75
3090	 1627.05	 3806.6
3091	 1614.5	 3762.8
3092	 1593.8	 3756.4
3093	 807.2	 509.3
3094	 1648.75	 3801.75
3095	 476.6	 795.65
3096	 2135.8	 4317.8
3097	 1625.1	 3752.6
3098	 1608.0	 3721.8
3099	 1627.4	 3729.5
3100	 1591.0	 3750.0
3101	 804.6	 481.0
3102	 1590.7	 3680.5
3103	 1653.6	 3635.6
3104	 399.7	 328.1
3105	 1649.9	 3692.8
3106	 2206.25	 4364.75
3107	 1707.0	 3819.4
3108	 826.2	 475.7
3109	 1725.5	 3813.0
3110	 1756.5	 3769.5
3111	 1761.0	 3782.25
3112	 829.0	 3647.75
3113	 1682.75	 3728.75
3114	 1641.2	 4122.0
3115	 1262.2	 2194.0
3116	 1711.5	 3733.75
3117	 267.2	 1267.6
3118	 1748.0	 3753.0
3119	 1263.0	 2181.2
3120	 1275.5	 2321.25
3121	 1730.5	 3717.25
3122	 1276.0	 2291.2
3123	 865.5	 3011.0
3124	 1280.8	 2256.2
3125	 1677.1	 3771.5
3126	 1630.5	 3678.5
3127	 1152.5	 4219.0
3128	 1682.0	 3618.0
3129	 1607.7	 3602.8
3130	 1827.5	 4164.4
3131	 1175.25	 4211.0
3132	 1150.95	 1536.45
3133	 723.4	 1492.2
3134	 1650.0	 3606.75
3135	 1660.25	 3569.25
3136	 1666.75	 3585.0
3137	 1656.0	 3558.75
3138	 1706.0	 3659.5
3139	 1712.25	 3684.25
3140	 1710.75	 3669.0
3141	 1234.75	 4260.25
3142	 1203.0	 4278.0
3143	 1762.5	 3655.25
3144	 1771.6	 3660.3
3145	 1750.25	 3622.0
3146	 2181.2	 4275.8
3147	 1078.1	 3645.2
3148	 1162.0	 1525.7
3149	 1868.5	 4234.75
3150	 1738.2	 3589.4
3151	 828.8	 3567.1
3152	 1743.0	 3571.75
3153	 770.8	 363.9
3154	 1789.5	 3851.25
3155	 1901.25	 4240.5
3156	 1196.7	 4199.05
3157	 1812.9	 4791.6
3158	 1830.8	 4786.5
3159	 1515.8	 2793.0
3160	 1847.2	 4732.6
3161	 1861.1	 4743.45
3162	 1880.15	 4836.05
3163	 1063.5	 1346.75
3164	 1871.2	 4800.9
3165	 1914.4	 4833.6
3166	 780.5	 311.75
3167	 1851.0	 4137.7
3168	 1068.25	 1374.75
3169	 1407.1	 2235.25
3170	 1907.3	 4787.6
3171	 1933.0	 4798.5
3172	 1366.75	 3439.5
3173	 1402.65	 2169.0
3174	 1956.0	 4795.0
3175	 872.25	 3704.5
3176	 1918.1	 4734.4
3177	 1785.6	 4719.75
3178	 1797.5	 4687.5
3179	 1232.5	 4165.1
3180	 1234.5	 3578.0
3181	 1244.5	 4404.0
3182	 1394.0	 2114.8
3183	 1387.8	 2026.8
3184	 1053.25	 1960.0
3185	 1826.5	 4591.0
3186	 1826.25	 4529.5
3187	 1841.25	 4546.5
3188	 1815.0	 4517.25
3189	 2410.5	 4716.0
3190	 657.6	 1221.0
3191	 808.8	 417.0
3192	 1054.25	 2062.75
3193	 328.75	 1388.0
3194	 1539.5	 3009.0
3195	 860.0	 3614.4
3196	 1911.0	 4596.0
3197	 1952.5	 4638.0
3198	 1928.5	 4610.25
3199	 1930.5	 4538.75
3200	 1213.0	 3706.5
3201	 800.9	 3012.2
3202	 350.2	 1399.4
3203	 871.5	 3622.0
3204	 1961.4	 4837.0
3205	 2021.5	 4813.25
3206	 1974.35	 4739.0
3207	 1980.5	 4789.0
3208	 1055.7	 1922.0
3209	 2004.0	 4828.75
3210	 1272.5	 4328.1
3211	 945.3	 2942.5
3212	 926.5	 3691.25
3213	 2055.75	 4703.5
3214	 2086.25	 4727.25
3215	 1983.75	 4654.75
3216	 2010.8	 4605.5
3217	 2261.2	 4595.8
3218	 1176.8	 2065.4
3219	 2079.4	 4649.4
3220	 1822.0	 4091.5
3221	 874.5	 2859.85
3222	 1083.25	 1228.5
3223	 1420.6	 2171.2
3224	 1414.75	 2144.75
3225	 388.9	 1542.8
3226	 2174.5	 4745.25
3227	 1378.4	 1951.2
3228	 2080.55	 4652.5
3229	 2109.9	 4609.0
3230	 2130.0	 4633.9
3231	 2143.55	 4631.9
3232	 2132.6	 4642.8
3233	 2153.6	 4740.6
3234	 2209.0	 4660.4
3235	 1324.95	 4280.65
3236	 1096.75	 1217.0
3237	 2183.0	 4604.0
3238	 1936.0	 4621.0
3239	 1420.25	 2238.75
3240	 1088.25	 2120.0
3241	 2005.75	 4550.7
3242	 2245.4	 4512.8
3243	 721.6	 1290.1
3244	 1159.3	 3574.7
3245	 2020.8	 4562.2
3246	 2020.8	 4231.0
3247	 2053.3	 4559.1
3248	 1976.75	 4520.5
3249	 1979.0	 4500.9
3250	 2275.5	 4557.75
3251	 1580.0	 2598.25
3252	 2052.0	 4538.5
3253	 2010.0	 4498.0
3254	 2108.2	 4570.9
3255	 2095.25	 4563.5
3256	 824.75	 3413.5
3257	 562.8	 3049.5
3258	 2169.75	 4582.5
3259	 2141.5	 4553.75
3260	 2157.15	 4567.95
3261	 1212.0	 2151.0
3262	 1835.5	 4105.3
3263	 2078.0	 4512.25
3264	 381.4	 1448.0
3265	 1198.25	 1480.5
3266	 2117.75	 4505.5
3267	 427.25	 859.0
3268	 796.5	 1916.25
3269	 1104.25	 1130.0
3270	 2177.65	 4512.2
3271	 1109.9	 1970.7
3272	 868.4	 1055.9
3273	 1646.75	 4186.05
3274	 1850.3	 4435.8
3275	 723.2	 1230.0
3276	 1261.1	 2786.5
3277	 810.7	 3272.1
3278	 1890.35	 4460.5
3279	 804.4	 3278.6
3280	 2360.0	 4620.0
3281	 1363.0	 4334.5
3282	 1453.0	 2059.5
3283	 849.65	 1020.2
3284	 1815.3	 4376.6
3285	 1860.5	 4397.0
3286	 1566.0	 2551.25
3287	 1851.75	 4385.05
3288	 1887.0	 4396.8
3289	 1452.8	 3535.8
3290	 1952.8	 4458.9
3291	 1059.5	 844.5
3292	 1924.1	 4401.6
3293	 1923.25	 4412.0
3294	 402.8	 1340.4
3295	 1961.7	 4421.3
3296	 1961.3	 4407.5
3297	 1949.9	 4375.5
3298	 1955.25	 4399.5
3299	 2022.6	 3835.0
3300	 1100.8	 4321.3
3301	 1824.2	 4367.1
3302	 1862.0	 4364.0
3303	 1837.8	 4324.25
3304	 754.8	 1513.2
3305	 1800.0	 4309.2
3306	 2370.1	 4533.3
3307	 328.8	 1332.4
3308	 1885.25	 4309.25
3309	 1889.75	 4365.25
3310	 1894.0	 4350.7
3311	 1929.6	 4365.6
3312	 1891.5	 4314.0
3313	 1925.9	 4325.6
3314	 1966.25	 4352.5
3315	 1969.0	 4348.5
3316	 1947.8	 4330.8
3317	 1984.2	 4331.0
3318	 1878.7	 4282.9
3319	 1926.5	 4306.5
3320	 1056.1	 513.35
3321	 1887.5	 4274.25
3322	 1117.75	 1837.9
3323	 1326.0	 3774.0
3324	 1066.5	 582.0
3325	 1955.35	 4280.45
3326	 2026.25	 4481.25
3327	 2005.5	 4462.25
3328	 1064.0	 1703.4
3329	 2429.4	 4510.8
3330	 2053.4	 4456.2
3331	 2099.7	 4461.5
3332	 2083.5	 4444.5
3333	 2008.75	 4419.25
3334	 1160.7	 1904.6
3335	 1994.1	 4389.4
3336	 2050.25	 4373.5
3337	 1991.25	 4366.75
3338	 2075.75	 4422.0
3339	 907.25	 1051.25
3340	 455.6	 708.5
3341	 991.6	 3231.6
3342	 2107.25	 4489.0
3343	 798.75	 380.25
3344	 2132.8	 4444.2
3345	 2158.25	 4459.25
3346	 2168.7	 4460.8
3347	 2180.7	 4423.8
3348	 647.2	 1320.1
3349	 2137.5	 4409.0
3350	 2138.75	 4393.0
3351	 1318.7	 2028.95
3352	 2155.5	 4378.5
3353	 2170.05	 4385.05
3354	 860.2	 3260.2
3355	 730.75	 1536.5
3356	 351.4	 1210.4
3357	 1278.5	 4160.45
3358	 2027.75	 4318.5
3359	 1063.1	 1456.8
3360	 991.5	 3189.0
3361	 1317.5	 4208.75
3362	 1678.0	 4046.0
3363	 954.25	 3121.95
3364	 2057.9	 4293.1
3365	 2098.5	 4316.5
3366	 2131.3	 4361.2
3367	 826.75	 1524.0
3368	 1704.3	 4277.9
3369	 370.25	 1162.5
3370	 2200.2	 4325.0
3371	 1488.2	 2967.4
3372	 2508.2	 4648.4
3373	 2126.25	 4279.0
3374	 1343.75	 4274.75
3375	 2191.35	 4288.45
3376	 1918.9	 4216.4
3377	 2180.2	 4282.2
3378	 916.0	 1153.25
3379	 2210.5	 4739.0
3380	 2246.0	 4806.7
3381	 2242.25	 4734.5
3382	 1372.25	 4274.75
3383	 1486.9	 2944.2
3384	 907.75	 4164.5
3385	 2540.0	 4651.5
3386	 2319.25	 4717.3
3387	 1101.6	 1721.0
3388	 2331.0	 4731.0
3389	 2313.0	 4639.0
3390	 604.8	 2222.4
3391	 2367.0	 4642.25
3392	 1499.5	 2970.0
3393	 2598.5	 4646.5
3394	 2371.0	 4728.5
3395	 2369.6	 4661.6
3396	 816.25	 1395.75
3397	 815.3	 1423.1
3398	 2406.9	 4690.9
3399	 1082.4	 631.8
3400	 819.0	 1451.5
3401	 1941.75	 4141.0
3402	 2431.0	 4681.5
3403	 1465.6	 2892.4
3404	 1352.5	 3836.5
3405	 1355.75	 4204.0
3406	 2230.25	 4584.0
3407	 932.0	 4185.0
3408	 834.6	 1388.0
3409	 2222.25	 4549.0
3410	 1095.4	 533.4
3411	 2246.05	 4530.85
3412	 2307.5	 4559.7
3413	 2301.75	 4552.75
3414	 2296.75	 4517.25
3415	 1086.5	 1541.25
3416	 1781.75	 4479.25
3417	 2515.8	 4592.05
3418	 1468.55	 2856.15
3419	 2373.25	 4622.25
3420	 1989.7	 4140.8
3421	 743.75	 1302.75
3422	 1435.0	 3792.25
3423	 2332.0	 4541.7
3424	 1036.75	 3236.5
3425	 2397.75	 4548.5
3426	 1101.4	 1362.5
3427	 2404.5	 4523.75
3428	 1519.3	 2917.7
3429	 1561.8	 2509.7
3430	 1434.5	 4161.0
3431	 2437.55	 4700.3
3432	 540.7	 1142.3
3433	 1518.75	 2864.75
3434	 2479.8	 4665.8
3435	 2489.5	 4684.4
3436	 2454.8	 4513.6
3437	 2500.0	 4646.25
3438	 2489.0	 4634.1
3439	 2564.6	 4659.5
3440	 440.25	 2061.0
3441	 949.4	 627.2
3442	 2581.6	 4646.3
3443	 674.6	 1347.15
3444	 2451.8	 4583.8
3445	 2491.0	 4577.5
3446	 2512.75	 4588.25
3447	 2507.65	 4570.8
3448	 1128.0	 1782.2
3449	 2452.75	 4557.25
3450	 1517.4	 4772.4
3451	 893.5	 756.5
3452	 2525.0	 4553.75
3453	 2502.8	 4527.2
3454	 904.6	 4046.6
3455	 1108.75	 1461.5
3456	 2596.5	 4576.25
3457	 2598.8	 4583.8
3458	 1255.5	 1880.75
3459	 2634.8	 4557.4
3460	 2035.5	 4160.0
3461	 1132.6	 2151.6
3462	 1101.0	 1176.75
3463	 788.25	 1218.25
3464	 2217.3	 4476.4
3465	 2256.5	 4483.0
3466	 2242.55	 4474.0
3467	 1597.75	 2912.25
3468	 828.2	 351.8
3469	 2290.0	 4476.0
3470	 2215.45	 4432.75
3471	 2232.9	 4391.8
3472	 926.8	 4003.8
3473	 2286.5	 4441.75
3474	 2291.7	 4428.1
3475	 788.7	 1200.6
3476	 1375.25	 1939.0
3477	 2287.0	 4403.5
3478	 2338.25	 4491.5
3479	 2346.8	 4502.5
3480	 824.3	 1325.0
3481	 2343.7	 4451.4
3482	 907.2	 3952.8
3483	 893.25	 3858.75
3484	 2638.0	 4593.75
3485	 2011.25	 4583.5
3486	 1569.0	 3217.0
3487	 2350.0	 4416.5
3488	 2361.0	 4414.75
3489	 916.5	 3947.5
3490	 1176.25	 4046.25
3491	 2375.4	 4400.2
3492	 2415.25	 4400.75
3493	 809.5	 1310.3
3494	 1407.1	 2148.0
3495	 1090.25	 1380.75
3496	 908.6	 817.1
3497	 1213.7	 4392.5
3498	 1121.1	 1957.5
3499	 2215.6	 4323.2
3500	 863.5	 1198.0
3501	 484.25	 1929.25
3502	 1487.35	 3526.5
3503	 2247.9	 4290.5
3504	 2307.0	 4296.8
3505	 2313.7	 4282.6
3506	 2329.8	 4366.5
3507	 2319.5	 4321.75
3508	 2357.75	 4339.25
3509	 2356.5	 4324.75
3510	 2374.3	 4361.6
3511	 2366.25	 4382.75
3512	 841.1	 1293.25
3513	 2330.15	 4316.7
3514	 2644.2	 4559.6
3515	 1032.5	 1754.5
3516	 1174.5	 1244.5
3517	 801.25	 1257.25
3518	 1546.5	 2836.5
3519	 2373.25	 4266.5
3520	 1854.8	 4476.7
3521	 2408.25	 4507.75
3522	 695.25	 748.25
3523	 474.5	 2116.75
3524	 2450.9	 4471.8
3525	 2491.25	 4501.0
3526	 2505.0	 4473.6
3527	 1277.15	 2621.35
3528	 816.8	 1244.5
3529	 2417.6	 4414.3
3530	 1160.5	 1169.5
3531	 2261.6	 4485.8
3532	 1244.5	 2327.1
3533	 2492.5	 4412.5
3534	 2243.6	 4458.6
3535	 2489.8	 4407.6
3536	 2569.7	 4473.4
3537	 1526.6	 2816.6
3538	 2549.3	 4459.1
3539	 1133.0	 1025.25
3540	 2569.2	 4514.4
3541	 2419.4	 4390.2
3542	 2466.5	 4380.25
3543	 2459.05	 4346.3
3544	 2507.75	 4387.0
3545	 530.25	 2006.75
3546	 2323.0	 4462.0
3547	 1798.95	 4197.45
3548	 1480.5	 2766.5
3549	 1820.0	 4258.5
3550	 1482.8	 2747.95
3551	 1587.75	 4696.25
3552	 853.2	 1716.2
3553	 1799.5	 4132.25
3554	 1819.7	 4182.9
3555	 1508.0	 2795.5
3556	 517.75	 1000.5
3557	 1861.3	 4235.8
3558	 1477.5	 3300.0
3559	 967.0	 3939.0
3560	 1852.75	 4200.45
3561	 1893.0	 4251.5
3562	 891.8	 2022.0
3563	 1465.3	 3422.7
3564	 1474.2	 2735.7
3565	 1888.9	 4186.65
3566	 1868.2	 4187.6
3567	 492.75	 1867.0
3568	 1865.5	 4131.0
3569	 1870.8	 4149.4
3570	 1874.5	 4120.1
3571	 965.2	 3912.4
3572	 540.5	 889.0
3573	 1925.0	 4106.75
3574	 1850.8	 4222.3
3575	 1787.2	 4099.0
3576	 1786.75	 4106.75
3577	 1533.75	 2818.5
3578	 1801.3	 4085.2
3579	 1801.75	 4041.75
3580	 1153.75	 1946.5
3581	 908.5	 1998.0
3582	 1199.95	 4330.85
3583	 1802.1	 4003.3
3584	 1772.5	 3983.75
3585	 1787.1	 3956.7
3586	 1813.1	 3992.1
3587	 2059.4	 4134.0
3588	 903.5	 1947.5
3589	 2020.9	 4088.05
3590	 1889.0	 4040.5
3591	 1894.0	 4050.25
3592	 1302.25	 2789.0
3593	 1019.5	 2896.75
3594	 1857.5	 3975.25
3595	 1496.8	 4612.2
3596	 2328.95	 4496.8
3597	 1007.4	 1114.3
3598	 1580.5	 2814.5
3599	 1897.5	 3967.0
3600	 1947.5	 4255.5
3601	 1130.75	 3814.05
3602	 1934.85	 4218.6
3603	 1965.0	 4195.0
3604	 711.8	 3171.4
3605	 1988.25	 4238.25
3606	 1541.0	 2839.35
3607	 877.25	 1847.75
3608	 553.7	 823.55
3609	 1009.5	 4167.6
3610	 1358.55	 2985.05
3611	 1936.9	 4120.2
3612	 1164.75	 1783.25
3613	 1123.0	 1779.4
3614	 2011.0	 4131.0
3615	 1987.9	 4109.6
3616	 1166.9	 4309.1
3617	 2042.5	 4230.5
3618	 2048.5	 4228.1
3619	 2018.65	 4166.45
3620	 2407.5	 4474.0
3621	 1559.75	 2747.75
3622	 2012.5	 4095.0
3623	 2060.2	 4128.2
3624	 2038.5	 4097.25
3625	 695.0	 3138.6
3626	 1024.5	 4289.25
3627	 911.25	 2073.5
3628	 1950.2	 4021.2
3629	 1971.1	 4040.6
3630	 1968.5	 4056.0
3631	 588.8	 907.3
3632	 1510.25	 4539.0
3633	 1938.3	 3956.1
3634	 1240.75	 2157.5
3635	 1973.0	 3956.75
3636	 2004.0	 4098.2
3637	 1375.1	 3572.8
3638	 2035.6	 4087.4
3639	 2023.05	 4039.85
3640	 2051.75	 4058.75
3641	 1377.75	 3589.2
3642	 1567.0	 4628.5
3643	 2019.6	 3998.6
3644	 2056.25	 3987.0
3645	 1581.5	 4631.5
3646	 1801.35	 3867.5
3647	 1811.25	 3874.75
3648	 1830.5	 3922.25
3649	 1458.5	 2730.5
3650	 1836.0	 3937.5
3651	 1857.7	 3898.9
3652	 1772.75	 3805.5
3653	 572.5	 303.0
3654	 1848.5	 3840.0
3655	 1598.6	 2766.2
3656	 1671.75	 2970.0
3657	 1872.5	 3859.5
3658	 1889.3	 3920.7
3659	 1557.25	 4576.0
3660	 1918.25	 3869.75
3661	 1870.6	 3817.4
3662	 1868.0	 3808.0
3663	 1629.75	 2979.5
3664	 1898.75	 3838.5
3665	 1169.7	 857.8
3666	 1887.2	 3780.9
3667	 1910.35	 3795.4
3668	 995.0	 4001.75
3669	 1786.0	 3693.7
3670	 1789.9	 3646.0
3671	 1379.3	 2950.1
3672	 953.8	 925.0
3673	 1634.5	 2935.5
3674	 1802.15	 3692.3
3675	 1822.5	 3633.1
3676	 679.4	 1179.0
3677	 1797.1	 3610.7
3678	 1779.0	 3577.0
3679	 1651.6	 2969.2
3680	 1775.3	 3563.5
3681	 1443.75	 4148.1
3682	 1785.0	 3553.75
3683	 1806.7	 3623.6
3684	 949.1	 1833.8
3685	 501.6	 1741.2
3686	 1817.0	 3583.7
3687	 1875.5	 3734.5
3688	 1862.25	 3712.0
3689	 1147.9	 1593.4
3690	 1357.4	 4156.3
3691	 1911.25	 3704.75
3692	 1448.4	 2196.2
3693	 1845.75	 3573.75
3694	 1861.5	 3596.25
3695	 1894.5	 3646.2
3696	 1662.0	 2931.0
3697	 2089.2	 4193.1
3698	 1928.0	 3906.5
3699	 1961.7	 3876.75
3700	 1008.9	 2215.5
3701	 1942.7	 3848.3
3702	 1172.5	 827.5
3703	 2308.75	 4356.5
3704	 950.0	 1845.5
3705	 492.4	 1675.0
3706	 895.75	 2448.5
3707	 1150.0	 1541.25
3708	 1166.0	 616.0
3709	 2050.0	 3886.7
3710	 1159.3	 621.6
3711	 424.25	 623.0
3712	 1005.25	 3945.75
3713	 2033.0	 3847.8
3714	 1645.0	 4768.0
3715	 1154.25	 1457.0
3716	 925.6	 2665.9
3717	 1680.5	 4777.25
3718	 1014.7	 3862.95
3719	 1170.8	 1528.9
3720	 828.8	 1385.6
3721	 1182.8	 2029.6
3722	 2287.95	 4297.05
3723	 1673.5	 4745.25
3724	 991.25	 769.75
3725	 2307.0	 4327.5
3726	 2379.0	 4304.5
3727	 1991.0	 3764.8
3728	 1138.6	 1521.0
3729	 2286.5	 4270.0
3730	 2035.2	 3800.0
3731	 1090.0	 1631.5
3732	 1132.0	 1338.0
3733	 1209.4	 2059.7
3734	 2013.5	 3752.25
3735	 2050.75	 3649.5
3736	 1462.8	 2696.0
3737	 2144.3	 4230.4
3738	 1617.75	 2754.5
3739	 2176.75	 4213.75
3740	 2361.0	 4383.5
3741	 2125.0	 4168.2
3742	 1703.9	 3844.85
3743	 2129.75	 4153.75
3744	 849.1	 1612.35
3745	 2242.2	 4259.7
3746	 448.1	 581.65
3747	 2234.1	 4419.3
3748	 2205.75	 4204.0
3749	 1168.25	 2832.0
3750	 1732.25	 4781.5
3751	 1192.6	 1941.0
3752	 1487.75	 2628.5
3753	 1768.0	 4768.8
3754	 1458.25	 2635.25
3755	 1745.5	 4731.2
3756	 2382.4	 4365.0
3757	 1074.2	 1252.4
3758	 490.2	 626.8
3759	 2070.6	 4129.7
3760	 1774.5	 4755.5
3761	 2083.0	 4121.5
3762	 2125.2	 4147.5
3763	 1516.5	 2704.5
3764	 1000.25	 735.25
3765	 2137.5	 4094.25
3766	 2081.0	 4027.5
3767	 1014.7	 776.2
3768	 2121.3	 4062.4
3769	 1471.4	 2501.4
3770	 1362.2	 1934.8
3771	 2197.6	 4099.4
3772	 1091.7	 1089.8
3773	 2255.75	 4135.0
3774	 2172.8	 4032.4
3775	 1313.0	 1992.0
3776	 2342.25	 4297.0
3777	 1489.9	 2546.05
3778	 2218.75	 4086.25
3779	 2199.25	 4061.75
3780	 1296.9	 2078.1
3781	 1403.4	 2283.8
3782	 2346.75	 4247.0
3783	 2295.25	 4266.75
3784	 2321.7	 4218.3
3785	 2072.6	 4007.8
3786	 910.2	 3763.8
3787	 575.8	 1892.8
3788	 1418.5	 2059.25
3789	 2143.4	 4011.2
3790	 2135.0	 3991.0
3791	 1691.25	 4645.0
3792	 848.5	 630.2
3793	 2068.2	 3931.6
3794	 566.4	 1871.5
3795	 2080.25	 3876.75
3796	 2097.0	 3904.0
3797	 1550.0	 3998.4
3798	 1081.8	 1310.9
3799	 584.0	 1960.75
3800	 1066.05	 3526.65
3801	 1068.25	 3515.5
3802	 1502.3	 2611.4
3803	 1060.6	 3460.5
3804	 1565.4	 4001.5
3805	 1052.2	 3326.6
3806	 1086.1	 1324.8
3807	 1500.0	 2660.0
3808	 1062.0	 3233.9
3809	 1068.6	 3348.9
3810	 1341.25	 3352.75
3811	 1052.8	 3506.9
3812	 877.1	 651.0
3813	 1098.0	 3466.0
3814	 1109.0	 3470.2
3815	 1103.5	 3438.0
3816	 1114.5	 3491.25
3817	 1112.5	 3229.0
3818	 1143.25	 3338.0
3819	 1102.9	 3304.8
3820	 2464.6	 4484.1
3821	 1134.0	 3302.25
3822	 973.5	 431.8
3823	 1090.5	 3157.0
3824	 2500.8	 4502.8
3825	 1032.5	 2949.5
3826	 1040.0	 2984.0
3827	 1102.75	 3197.5
3828	 1328.25	 2800.75
3829	 1089.0	 2864.0
3830	 1707.25	 4655.0
3831	 1082.75	 3123.0
3832	 917.0	 1273.0
3833	 1103.3	 3020.45
3834	 1088.75	 3145.5
3835	 1175.5	 1813.0
3836	 1099.75	 2906.5
3837	 1098.55	 2869.8
3838	 932.8	 3564.4
3839	 1108.2	 2927.25
3840	 1123.5	 2973.8
3841	 1079.4	 4118.5
3842	 1478.8	 3904.8
3843	 555.25	 2549.15
3844	 1102.2	 2814.8
3845	 1100.3	 2980.2
3846	 598.25	 309.5
3847	 912.3	 697.2
3848	 1513.1	 2570.2
3849	 1145.7	 3517.6
3850	 1985.75	 3702.25
3851	 432.25	 313.0
3852	 1528.25	 2462.5
3853	 1109.0	 3215.25
3854	 1142.75	 3166.0
3855	 1130.5	 3287.5
3856	 1145.15	 3133.8
3857	 922.8	 1002.2
3858	 1197.0	 3470.25
3859	 624.8	 1865.8
3860	 1151.5	 3355.25
3861	 956.75	 3816.75
3862	 1162.25	 3377.25
3863	 1209.25	 3506.75
3864	 1194.2	 3299.8
3865	 1167.25	 3187.0
3866	 1176.25	 3120.25
3867	 1456.25	 3853.25
3868	 1177.25	 3217.75
3869	 1720.7	 4564.4
3870	 1180.05	 3201.85
3871	 961.8	 3711.6
3872	 1901.8	 3760.25
3873	 1140.15	 2996.95
3874	 1054.5	 938.75
3875	 1071.5	 958.75
3876	 1147.4	 3048.6
3877	 807.2	 3277.2
3878	 1140.75	 2850.0
3879	 1132.0	 2857.0
3880	 941.0	 3654.0
3881	 1141.65	 2877.6
3882	 1143.75	 2932.5
3883	 1727.7	 4551.7
3884	 1163.3	 3040.2
3885	 1178.75	 3046.2
3886	 1461.0	 2230.0
3887	 1173.0	 3098.5
3888	 1182.4	 2995.6
3889	 1160.1	 2935.2
3890	 1163.0	 2879.25
3891	 1169.35	 2877.45
3892	 1480.0	 2176.0
3893	 1190.3	 2949.9
3894	 1186.05	 2889.25
3895	 1182.0	 2851.0
3896	 1506.75	 3836.0
3897	 1059.5	 2729.25
3898	 1067.25	 2737.25
3899	 1056.8	 2682.5
3900	 1288.4	 1753.8
3901	 1451.5	 4498.5
3902	 1081.25	 2776.75
3903	 968.4	 1927.2
3904	 1056.7	 2484.0
3905	 1071.3	 2619.2
3906	 1085.4	 2552.8
3907	 1459.8	 4488.0
3908	 1091.4	 2764.95
3909	 1482.2	 4508.2
3910	 1399.75	 2770.25
3911	 1037.8	 574.1
3912	 1111.5	 2701.2
3913	 1102.9	 2625.6
3914	 979.0	 1904.0
3915	 1069.0	 567.2
3916	 1466.5	 2059.75
3917	 1109.9	 2515.9
3918	 1059.5	 2466.0
3919	 1071.75	 2320.75
3920	 960.75	 2353.8
3921	 1077.5	 2438.4
3922	 1582.4	 3213.1
3923	 1086.8	 2367.4
3924	 1087.0	 2307.25
3925	 1207.8	 1526.8
3926	 1064.9	 2207.4
3927	 1761.25	 4193.75
3928	 1003.0	 1891.5
3929	 1576.5	 3954.25
3930	 1227.4	 1524.1
3931	 1109.0	 2453.5
3932	 1091.0	 2388.1
3933	 1091.25	 2360.25
3934	 1110.0	 2471.5
3935	 1066.25	 586.0
3936	 1088.8	 2244.1
3937	 1098.7	 2312.7
3938	 1028.5	 2054.5
3939	 1484.2	 4428.6
3940	 565.25	 1698.0
3941	 1106.9	 2175.2
3942	 847.0	 371.0
3943	 1098.75	 2161.25
3944	 1117.5	 2681.0
3945	 1015.0	 1966.4
3946	 1154.75	 2780.15
3947	 1249.1	 3299.0
3948	 1540.0	 4509.75
3949	 1134.75	 2571.75
3950	 1525.5	 4518.0
3951	 1098.2	 978.8
3952	 967.75	 2198.0
3953	 1140.4	 2616.8
3954	 1141.8	 2497.45
3955	 1176.75	 2774.0
3956	 1579.25	 3065.25
3957	 1167.7	 2710.25
3958	 965.0	 591.5
3959	 1184.1	 2639.2
3960	 1915.75	 3864.0
3961	 1159.4	 2517.4
3962	 1191.0	 2588.25
3963	 1185.2	 2513.8
3964	 1184.5	 2562.7
3965	 1179.25	 2556.75
3966	 1120.0	 2439.0
3967	 905.75	 1108.25
3968	 1562.8	 2632.8
3969	 1131.6	 2379.4
3970	 1132.4	 2415.15
3971	 1143.9	 2375.75
3972	 550.4	 583.2
3973	 1128.75	 2262.25
3974	 1122.5	 2227.25
3975	 1279.75	 2024.5
3976	 1151.85	 2278.7
3977	 549.5	 567.0
3978	 1155.5	 2236.0
3979	 1140.5	 2193.0
3980	 1162.9	 2469.2
3981	 537.5	 468.0
3982	 1169.75	 2427.75
3983	 1808.0	 4132.75
3984	 587.75	 2267.0
3985	 1967.75	 3815.25
3986	 1169.9	 2268.6
3987	 1594.8	 3854.6
3988	 1163.4	 2229.3
3989	 1162.75	 2180.0
3990	 1162.75	 2173.5
3991	 1554.55	 2603.9
3992	 1187.8	 2283.0
3993	 1185.4	 2300.4
3994	 1178.1	 2203.5
3995	 575.0	 545.7
3996	 2385.0	 4662.5
3997	 1209.25	 3328.5
3998	 1188.75	 3449.0
3999	 1202.5	 3483.25
4000	 1217.95	 3336.75
4001	 933.0	 3417.8
4002	 1228.7	 3363.05
4003	 1250.5	 4361.0
4004	 1218.0	 3303.9
4005	 1619.3	 4068.4
4006	 1218.75	 3186.25
4007	 1240.9	 3398.7
4008	 1216.5	 3526.5
4009	 1249.05	 3529.8
4010	 1222.0	 3543.5
4011	 1575.25	 4373.75
4012	 630.4	 1670.6
4013	 1231.2	 3229.9
4014	 1241.5	 1798.0
4015	 1857.2	 4239.6
4016	 1745.0	 2669.5
4017	 1244.2	 3238.8
4018	 967.7	 3472.6
4019	 613.6	 1633.0
4020	 1205.7	 3071.2
4021	 1190.4	 3070.2
4022	 904.2	 317.25
4023	 1572.2	 2504.4
4024	 1217.8	 3016.8
4025	 1209.75	 2911.5
4026	 1207.5	 2879.7
4027	 1673.6	 4095.6
4028	 682.75	 1258.75
4029	 1221.85	 3024.5
4030	 1867.5	 4222.5
4031	 1243.0	 3135.15
4032	 1231.6	 3086.0
4033	 1251.5	 3142.7
4034	 1247.4	 3081.8
4035	 992.2	 1768.8
4036	 2578.6	 149.2
4037	 1235.65	 2892.2
4038	 1290.9	 2149.3
4039	 579.3	 3457.6
4040	 601.5	 3537.8
4041	 1632.5	 4062.0
4042	 602.25	 3454.0
4043	 1299.75	 2529.25
4044	 1069.5	 739.75
4045	 464.9	 1527.5
4046	 535.1	 3248.4
4047	 1265.4	 3312.8
4048	 526.5	 3214.8
4049	 561.3	 3384.3
4050	 586.0	 3396.4
4051	 865.5	 1782.5
4052	 1291.75	 3324.25
4053	 551.5	 3316.25
4054	 1273.25	 3192.75
4055	 604.95	 3429.85
4056	 612.6	 3357.45
4057	 587.5	 3360.6
4058	 582.5	 3326.75
4059	 552.3	 3293.9
4060	 1090.1	 2654.2
4061	 558.7	 3248.0
4062	 1326.0	 3518.25
4063	 1677.25	 4026.25
4064	 612.5	 3287.25
4065	 1322.75	 3425.65
4066	 1303.65	 3313.65
4067	 1302.25	 3291.25
4068	 1624.9	 3002.0
4069	 1303.1	 3236.8
4070	 956.75	 709.4
4071	 1302.4	 3392.0
4072	 1307.3	 3280.6
4073	 1318.5	 3350.3
4074	 1317.8	 3316.6
4075	 624.1	 492.6
4076	 452.0	 1401.75
4077	 1273.6	 3176.2
4078	 630.0	 3533.5
4079	 1277.7	 3134.3
4080	 1027.3	 2538.8
4081	 623.9	 3504.8
4082	 1279.75	 3065.25
4083	 2059.25	 3836.0
4084	 1263.2	 2982.4
4085	 1271.0	 3032.2
4086	 1270.5	 2912.6
4087	 1128.6	 1211.7
4088	 669.0	 3719.5
4089	 1276.4	 2954.2
4090	 1875.8	 4146.6
4091	 1305.6	 3158.4
4092	 1667.1	 3234.7
4093	 1318.8	 3136.1
4094	 1273.4	 1259.3
4095	 1701.25	 4157.0
4096	 1318.1	 3174.4
4097	 1325.5	 3066.0
4098	 1032.0	 1792.2
4099	 685.2	 3663.2
4100	 699.0	 3712.75
4101	 1703.3	 3282.5
4102	 660.5	 3578.5
4103	 670.5	 3576.25
4104	 668.2	 3508.7
4105	 672.4	 3499.9
4106	 1931.25	 3745.75
4107	 1149.8	 1337.0
4108	 1197.5	 2803.5
4109	 1539.5	 4303.3
4110	 1217.15	 2796.25
4111	 614.8	 3477.6
4112	 630.0	 3424.25
4113	 1231.25	 2676.5
4114	 1138.5	 1258.75
4115	 637.55	 3439.8
4116	 657.5	 3471.95
4117	 1507.75	 4300.0
4118	 640.4	 3390.6
4119	 1205.4	 2550.3
4120	 629.4	 3330.9
4121	 1219.0	 2530.0
4122	 632.0	 3271.25
4123	 1227.5	 2829.2
4124	 1235.25	 2827.75
4125	 1157.6	 1246.6
4126	 1233.2	 2751.1
4127	 660.2	 3460.35
4128	 1238.2	 2661.4
4129	 1522.9	 3518.4
4130	 674.0	 3364.75
4131	 1236.0	 2692.0
4132	 688.3	 3389.2
4133	 1321.2	 1641.6
4134	 1802.0	 4080.0
4135	 656.5	 3284.3
4136	 1192.6	 2359.9
4137	 1219.45	 2475.3
4138	 1210.0	 2479.8
4139	 1214.7	 2428.9
4140	 1224.5	 2395.75
4141	 690.5	 3245.8
4142	 1611.0	 3128.3
4143	 1203.75	 2312.0
4144	 1824.5	 4084.25
4145	 1207.5	 2245.6
4146	 1208.0	 2168.25
4147	 1211.8	 2206.8
4148	 1120.75	 4130.25
4149	 1222.0	 2179.75
4150	 1218.45	 2232.15
4151	 403.75	 2724.0
4152	 403.75	 2691.0
4153	 1399.75	 1922.0
4154	 1002.75	 3638.25
4155	 1934.25	 3624.25
4156	 1254.8	 2434.3
4157	 431.0	 2745.5
4158	 396.6	 2654.8
4159	 380.75	 2613.6
4160	 1221.7	 2191.4
4161	 1253.1	 2259.6
4162	 2018.6	 4591.5
4163	 500.5	 1431.0
4164	 1400.8	 3247.4
4165	 1258.9	 2189.9
4166	 1257.0	 2829.6
4167	 428.0	 2586.5
4168	 419.0	 2562.5
4169	 1259.1	 2742.35
4170	 1266.25	 2704.75
4171	 1530.6	 4289.5
4172	 463.25	 3002.25
4173	 1278.65	 1590.55
4174	 1596.0	 3118.1
4175	 1273.8	 2850.2
4176	 1277.7	 2842.4
4177	 1028.5	 1639.0
4178	 1273.05	 2640.95
4179	 1566.5	 3567.75
4180	 456.2	 2946.9
4181	 1274.05	 2575.95
4182	 472.0	 2863.25
4183	 478.7	 2941.0
4184	 1305.25	 2840.25
4185	 1305.6	 2799.7
4186	 1311.25	 2743.25
4187	 481.9	 2926.1
4188	 1299.8	 2685.1
4189	 1306.9	 2830.8
4190	 1042.8	 3825.15
4191	 1321.95	 2753.25
4192	 1308.75	 2731.25
4193	 505.7	 3011.6
4194	 1820.5	 3975.0
4195	 502.25	 3137.0
4196	 524.3	 3066.5
4197	 1296.05	 2669.2
4198	 513.75	 3170.75
4199	 1302.5	 2565.5
4200	 1315.0	 2658.5
4201	 1049.6	 3771.4
4202	 1317.0	 2603.5
4203	 509.0	 2929.0
4204	 506.3	 2865.2
4205	 1258.9	 2509.0
4206	 510.1	 2887.1
4207	 530.0	 2920.5
4208	 1662.25	 3975.25
4209	 1267.0	 2402.6
4210	 452.8	 2781.7
4211	 1276.3	 2396.6
4212	 1275.0	 2362.75
4213	 1291.75	 2357.25
4214	 1292.0	 2345.4
4215	 1017.4	 585.2
4216	 477.5	 2773.1
4217	 460.75	 2721.75
4218	 473.8	 2723.8
4219	 445.4	 2672.7
4220	 453.1	 2657.6
4221	 1299.2	 2509.8
4222	 1137.0	 856.2
4223	 1301.0	 2473.5
4224	 1296.1	 2414.3
4225	 480.85	 1540.1
4226	 483.4	 2833.3
4227	 489.9	 2781.7
4228	 598.5	 325.9
4229	 485.2	 2749.1
4230	 528.5	 2819.5
4231	 522.2	 2737.7
4232	 1035.0	 3622.5
4233	 500.9	 2645.6
4234	 494.25	 2630.5
4235	 1314.5	 2272.3
4236	 1305.5	 2236.75
4237	 1302.25	 2225.0
4238	 1118.4	 4052.8
4239	 512.75	 2715.75
4240	 479.0	 2848.75
4241	 1043.4	 3655.2
4242	 1842.3	 4016.3
4243	 1070.2	 2040.2
4244	 1076.8	 1986.65
4245	 1055.9	 1928.5
4246	 449.2	 1255.2
4247	 633.75	 284.5
4248	 1071.75	 1815.0
4249	 360.8	 2310.8
4250	 873.5	 1428.75
4251	 1090.0	 2106.0
4252	 374.0	 2305.7
4253	 1676.6	 3980.1
4254	 1111.0	 2036.1
4255	 388.4	 2453.4
4256	 1108.7	 2089.0
4257	 1115.0	 2011.4
4258	 684.75	 2444.95
4259	 378.1	 2374.7
4260	 385.7	 2395.5
4261	 1096.4	 1914.7
4262	 1091.7	 1800.5
4263	 407.6	 2337.0
4264	 1105.5	 1878.1
4265	 398.4	 2337.0
4266	 1137.75	 4075.5
4267	 1898.5	 3971.8
4268	 1301.9	 1582.2
4269	 413.0	 2320.75
4270	 415.8	 2328.2
4271	 424.8	 2270.8
4272	 586.25	 2081.75
4273	 321.8	 2249.0
4274	 1054.25	 3498.75
4275	 1075.7	 1695.9
4276	 348.75	 2260.5
4277	 465.0	 1175.6
4278	 299.8	 2148.6
4279	 324.0	 2142.0
4280	 1762.75	 4517.25
4281	 2109.95	 4224.65
4282	 332.5	 2157.25
4283	 353.4	 2159.0
4284	 1066.3	 1450.5
4285	 1083.5	 1494.3
4286	 1148.5	 894.75
4287	 359.6	 2228.9
4288	 383.25	 1373.25
4289	 372.4	 2187.2
4290	 409.0	 2226.75
4291	 386.0	 2267.1
4292	 1939.2	 4223.4
4293	 399.0	 2186.5
4294	 559.8	 1314.4
4295	 1167.6	 992.8
4296	 1112.6	 1530.4
4297	 389.0	 2107.7
4298	 1099.5	 1464.5
4299	 1126.0	 2095.4
4300	 453.25	 2507.75
4301	 444.9	 2459.2
4302	 945.4	 362.9
4303	 466.1	 2531.05
4304	 458.4	 2491.9
4305	 1723.8	 4343.4
4306	 452.5	 2549.2
4307	 999.6	 3382.2
4308	 1121.4	 1812.2
4309	 1123.75	 1820.0
4310	 1133.3	 1925.9
4311	 1139.65	 1869.55
4312	 1191.25	 1455.75
4313	 443.5	 2327.0
4314	 423.65	 2416.35
4315	 462.75	 2378.25
4316	 460.0	 2371.0
4317	 1149.7	 1948.7
4318	 441.7	 2312.3
4319	 1158.0	 1974.6
4320	 467.1	 2450.55
4321	 505.5	 2532.0
4322	 1165.8	 1812.2
4323	 1158.9	 1787.6
4324	 511.0	 2495.75
4325	 506.1	 2540.1
4326	 1133.25	 1746.25
4327	 520.4	 2460.3
4328	 531.75	 2458.25
4329	 1123.0	 1685.75
4330	 504.2	 2354.0
4331	 1117.8	 1648.3
4332	 498.25	 2322.0
4333	 525.4	 1320.7
4334	 1129.25	 1696.0
4335	 1133.25	 4013.25
4336	 507.7	 2343.9
4337	 1137.25	 1522.75
4338	 1979.2	 4104.4
4339	 461.3	 2239.9
4340	 1708.0	 3222.0
4341	 426.5	 2155.5
4342	 637.0	 1891.5
4343	 443.6	 2096.7
4344	 1699.5	 3918.0
4345	 454.0	 2145.75
4346	 454.2	 2134.7
4347	 457.0	 2154.75
4348	 500.0	 2293.75
4349	 1423.3	 3280.4
4350	 1155.7	 1463.8
4351	 494.5	 2251.2
4352	 504.15	 2283.45
4353	 476.05	 2191.5
4354	 1264.0	 2293.75
4355	 306.5	 1940.0
4356	 493.1	 2153.7
4357	 1071.25	 1346.25
4358	 1055.5	 1202.25
4359	 508.1	 2135.9
4360	 494.25	 2085.75
4361	 1074.1	 1104.15
4362	 1072.25	 1120.0
4363	 1076.0	 1167.5
4364	 558.5	 3153.75
4365	 544.4	 3109.4
4366	 560.75	 3162.25
4367	 349.2	 1715.6
4368	 1773.0	 4291.5
4369	 574.0	 3097.5
4370	 536.4	 2977.9
4371	 1049.2	 3507.35
4372	 534.8	 3000.4
4373	 567.3	 3021.45
4374	 662.7	 1519.5
4375	 550.15	 2949.9
4376	 552.25	 3012.5
4377	 1212.5	 2097.5
4378	 1069.1	 980.0
4379	 1054.75	 802.8
4380	 1038.5	 3397.5
4381	 499.85	 1385.8
4382	 1069.2	 904.1
4383	 604.0	 3177.0
4384	 616.8	 3178.0
4385	 603.95	 3174.5
4386	 2045.5	 4267.75
4387	 614.5	 3155.0
4388	 541.8	 1567.0
4389	 577.75	 3062.95
4390	 2064.4	 4237.4
4391	 1062.5	 718.25
4392	 605.25	 3010.0
4393	 592.0	 2962.5
4394	 1100.5	 845.0
4395	 541.75	 2840.25
4396	 529.8	 2793.1
4397	 1207.2	 4553.8
4398	 556.5	 2870.25
4399	 2272.7	 4220.35
4400	 567.4	 2788.6
4401	 1218.5	 1335.7
4402	 551.0	 2688.5
4403	 1024.0	 3248.25
4404	 560.5	 2789.0
4405	 1104.75	 563.75
4406	 566.9	 2683.8
4407	 1112.15	 1330.9
4408	 1107.25	 1290.65
4409	 578.8	 2912.1
4410	 582.75	 2940.5
4411	 692.55	 1927.85
4412	 575.4	 2818.7
4413	 602.0	 2825.0
4414	 1122.8	 1222.2
4415	 602.75	 2839.5
4416	 716.6	 1959.7
4417	 1314.55	 2558.75
4418	 1694.0	 3933.5
4419	 585.35	 2734.25
4420	 577.95	 1532.9
4421	 1133.1	 1254.1
4422	 2012.8	 4132.8
4423	 594.3	 2737.9
4424	 601.6	 2764.6
4425	 1179.0	 1298.4
4426	 601.2	 2669.6
4427	 1445.4	 3771.4
4428	 622.0	 3161.0
4429	 1217.65	 1906.55
4430	 633.75	 3087.5
4431	 657.75	 3161.5
4432	 1163.0	 1179.5
4433	 631.75	 3080.5
4434	 2233.0	 4153.75
4435	 1151.6	 1078.8
4436	 1308.0	 1253.5
4437	 619.3	 3034.9
4438	 630.0	 2956.9
4439	 1103.2	 831.0
4440	 653.6	 2942.4
4441	 2278.8	 4205.8
4442	 560.8	 1440.8
4443	 655.25	 3150.0
4444	 672.25	 3195.75
4445	 1118.7	 584.8
4446	 668.5	 3067.4
4447	 1096.8	 549.9
4448	 2058.1	 4126.3
4449	 688.0	 3107.75
4450	 1493.0	 2696.5
4451	 693.25	 3072.0
4452	 1133.2	 578.9
4453	 657.6	 3010.2
4454	 671.0	 3021.5
4455	 1504.4	 3769.95
4456	 689.8	 2973.2
4457	 698.05	 3090.05
4458	 922.5	 1355.75
4459	 1165.5	 872.65
4460	 629.0	 2806.5
4461	 1158.2	 643.6
4462	 634.15	 2886.85
4463	 645.75	 2912.25
4464	 637.25	 2802.0
4465	 1160.55	 823.8
4466	 1392.6	 2828.8
4467	 630.1	 2754.25
4468	 325.5	 1880.0
4469	 626.0	 2717.2
4470	 621.4	 2677.8
4471	 919.8	 1287.4
4472	 1066.25	 2522.5
4473	 1765.0	 4223.0
4474	 1484.7	 2884.4
4475	 1198.9	 2126.9
4476	 1253.75	 2106.0
4477	 609.4	 2667.25
4478	 1190.6	 1965.45
4479	 1180.2	 2016.3
4480	 685.5	 2811.5
4481	 2098.9	 4141.4
4482	 679.75	 2864.75
4483	 676.9	 2915.3
4484	 704.5	 2909.0
4485	 683.3	 2858.5
4486	 685.9	 2801.7
4487	 660.6	 2777.9
4488	 663.1	 2760.45
4489	 658.9	 2669.6
4490	 683.6	 2704.15
4491	 670.6	 2700.3
4492	 1237.6	 2062.4
4493	 696.5	 2722.2
4494	 1214.2	 2898.7
4495	 1481.2	 3756.1
4496	 699.8	 2967.3
4497	 538.6	 2597.0
4498	 540.3	 2582.6
4499	 562.0	 2634.0
4500	 561.0	 2556.25
4501	 560.4	 2622.3
4502	 580.3	 2562.2
4503	 1941.6	 4005.0
4504	 564.0	 2523.4
4505	 1176.6	 1755.4
4506	 1508.4	 2955.7
4507	 542.7	 2418.7
4508	 548.2	 2391.9
4509	 1191.0	 1839.15
4510	 572.2	 2657.1
4511	 1204.0	 1577.5
4512	 590.1	 2608.25
4513	 1506.7	 3704.2
4514	 574.2	 2515.2
4515	 612.1	 2619.7
4516	 613.2	 2544.6
4517	 732.75	 3090.5
4518	 585.4	 2418.6
4519	 899.85	 899.2
4520	 1210.25	 1613.0
4521	 1957.25	 4015.25
4522	 604.5	 2489.6
4523	 596.5	 2407.0
4524	 599.75	 2402.5
4525	 610.5	 2377.1
4526	 1252.8	 1577.0
4527	 538.4	 2318.5
4528	 1183.0	 1849.0
4529	 553.05	 2296.55
4530	 549.8	 2242.2
4531	 542.6	 2170.4
4532	 1540.75	 3786.75
4533	 546.1	 2149.7
4534	 1273.25	 1992.0
4535	 554.25	 2210.25
4536	 1580.8	 3058.6
4537	 533.5	 2272.85
4538	 756.05	 3239.05
4539	 853.65	 821.9
4540	 1270.9	 1924.9
4541	 586.0	 2299.5
4542	 584.3	 2269.9
4543	 1350.25	 2474.25
4544	 1294.0	 2139.5
4545	 593.9	 2306.0
4546	 610.0	 2348.0
4547	 1326.95	 2148.0
4548	 592.7	 2341.5
4549	 411.25	 2427.75
4550	 583.0	 2161.0
4551	 584.75	 2207.75
4552	 573.0	 2122.5
4553	 579.7	 2133.2
4554	 1198.0	 1803.0
4555	 1304.5	 1840.6
4556	 610.2	 2104.2
4557	 2011.0	 4077.0
4558	 623.5	 2645.25
4559	 1998.75	 4050.25
4560	 632.5	 2609.9
4561	 643.25	 2594.0
4562	 625.75	 2511.75
4563	 1262.0	 1613.7
4564	 1277.3	 1587.25
4565	 632.5	 2453.5
4566	 649.5	 2524.25
4567	 1268.05	 1610.2
4568	 1415.75	 2199.75
4569	 645.8	 2434.9
4570	 1289.75	 1543.75
4571	 1289.25	 1512.0
4572	 656.4	 2401.9
4573	 1180.5	 1658.0
4574	 678.6	 2634.65
4575	 1159.5	 2955.0
4576	 1294.1	 1670.4
4577	 683.25	 2580.25
4578	 770.0	 3143.5
4579	 983.6	 1373.8
4580	 687.25	 2586.0
4581	 1300.0	 1689.25
4582	 740.0	 3034.75
4583	 1297.85	 1627.65
4584	 699.0	 2442.25
4585	 700.8	 2413.0
4586	 621.4	 2295.5
4587	 1187.5	 1435.25
4588	 631.25	 2303.95
4589	 643.9	 2251.3
4590	 560.9	 1365.8
4591	 1183.8	 1282.3
4592	 1185.0	 1339.5
4593	 655.6	 2207.6
4594	 1200.15	 939.95
4595	 1086.8	 4003.1
4596	 647.15	 2157.55
4597	 646.5	 2117.25
4598	 654.4	 2106.4
4599	 674.8	 2350.7
4600	 664.7	 2225.7
4601	 1210.8	 1310.8
4602	 1215.5	 1845.0
4603	 688.3	 2294.0
4604	 678.8	 2393.0
4605	 679.1	 2164.95
4606	 1210.0	 1242.2
4607	 687.25	 2175.5
4608	 696.2	 2148.2
4609	 1212.65	 1165.9
4610	 1223.05	 1277.15
4611	 1224.2	 1224.8
4612	 1231.1	 1278.8
4613	 1227.6	 1153.0
4614	 1212.75	 1114.5
4615	 1235.4	 1311.1
4616	 1173.5	 1001.4
4617	 1181.6	 1001.7
4618	 1187.75	 927.75
4619	 728.6	 3845.7
4620	 556.8	 1237.6
4621	 1192.0	 1027.5
4622	 1184.6	 904.3
4623	 1180.95	 850.5
4624	 410.3	 1420.5
4625	 756.0	 3828.7
4626	 1248.0	 962.5
4627	 983.5	 1419.0
4628	 965.4	 3268.95
4629	 747.7	 3798.4
4630	 764.4	 3786.7
4631	 774.0	 3956.5
4632	 794.0	 3997.0
4633	 1784.0	 3946.6
4634	 1217.8	 944.5
4635	 1211.25	 1108.25
4636	 1992.5	 4011.7
4637	 567.0	 1238.5
4638	 1229.75	 998.5
4639	 1255.6	 1685.6
4640	 796.7	 3790.0
