0 44 4.69830963482 16.9537515184
1 266 4.30636482833 12.3758724476
2 150 4.42081151505 23.1435882545
3 56 3.98766087452 49.5845237952
4 46 4.5204936496 20.8643209664
5 150 4.53408798595 9.11418756689
6 268 4.07789708335 10.5741429913
7 104 4.5358229284 41.3140714527
7 105 4.78207369752 94.0820817609
7 109 5.20378638601 41.2060978497
8 153 10.590514183 15.4211705133
9 277 4.21212939915 27.0630550035
10 272 5.75107192993 3.55105618091
12 48 4.47625989995 9.5186658729
13 272 4.61577558517 5.85918083012
14 157 3.70604334484 48.3562209712
15 50 5.86943912506 7.73692445355
16 159 3.58974838241 8.16966199226
17 274 4.35228538513 4.31566912541
18 274 3.55913624962 19.5215804524
19 143 3.83050124056 22.5001056841
20 280 6.09458593948 5.233967888
21 292 3.88584361781 6.01542755444
22 63 4.97367252769 10.9571268776
23 162 3.27172990942 43.615392925
24 285 5.89414453506 2.94151321602
25 171 7.2827331596 5.3497894223
26 169 5.1805026633 38.7743471899
27 119 4.47619233295 17.7488983047
28 173 4.10223406806 30.056613249
29 35 5.46498584747 1.23693168769
30 174 5.90893612025 7.68768939761
31 290 5.89414453506 2.68793601114
32 294 3.33485006333 38.2470363325
33 195 4.43910411729 19.9822453892
34 173 4.27104062629 45.1098935933
36 178 6.70434756872 8.3051440517
37 295 5.09573115554 19.0279498492
38 77 5.0 8.60929730001
39 300 4.17318390002 18.9266494604
40 179 3.11058717882 28.2900634796
41 181 2.63984937777 13.6159197659
42 184 4.16320031406 79.0645034831
43 44 7.34342050552 3.71247895617
44 57 3.16998110628 46.1123566774
45 76 7.26432500658 16.8476062253
46 102 4.64545798756 136.10967203
46 47 5.28363530774 29.5317625617
47 56 7.88653387308 40.5372769443
47 111 8.51729560287 84.9385999976
48 50 4.47313680287 54.3924017396
48 54 4.34204453857 45.5836045086
50 65 4.97033129456 20.8119083348
51 53 3.82165860515 46.3563934524
52 57 8.5298829178 42.1942580126
52 53 10.1598198453 23.688672096
52 87 5.32842731476 80.1887772696
53 54 10.2352015082 35.027246431
54 79 7.97068570029 44.6836216855
55 74 5.03279713151 7.06623654124
56 58 10.7975443981 8.3009779937
57 58 8.94995622244 39.5632289148
58 61 5.15600481501 56.5661559592
59 74 5.28359794617 4.41191568369
60 190 7.64913118489 9.34797526179
61 84 4.73286161429 32.7948462614
61 62 7.1778132008 30.9759410361
62 163 6.64694552075 30.9947820129
62 143 5.0359540934 36.2628253174
63 64 7.90182707279 13.2537871769
63 65 4.28250789221 82.2977694562
64 66 3.6349740032 40.55699723
64 70 2.96667584566 36.100169896
65 78 4.50545728767 35.452941926
66 67 4.43985081906 27.3448760283
66 68 4.50081200374 40.8119289074
67 73 5.12726802694 35.0063565656
67 68 7.30915524378 20.7139405406
68 71 4.89971700926 60.5284718735
69 92 5.02965116806 73.9682364262
69 325 8.4553068306 43.9635108325
69 70 8.92964353158 25.71915403
70 72 8.81656897162 49.6665812994
71 194 7.61736286021 73.7193620382
71 77 4.27351532471 44.5869095139
72 73 10.2746510899 12.7929908328
72 76 4.62169242484 52.5120938451
73 75 8.42278012845 48.7694813129
74 77 7.41768042604 10.4018291875
75 248 4.3668707853 49.2458373875
75 201 9.75757866909 33.0567326396
76 250 4.76010445604 71.5944830277
78 325 8.30290236053 15.7076410159
78 79 8.91145023856 40.3836261755
79 82 5.2213226996 68.7483817991
80 89 4.56237600551 17.0052004095
80 82 4.94298039342 37.9292375818
80 101 5.77160167694 4.49944441015
81 185 4.0 17.8619707759
82 90 4.75012602572 34.0292947322
83 185 4.6121112456 12.1174955082
84 86 4.64964026142 30.4087550704
84 85 5.17990208548 41.3771441948
85 88 8.73031054219 33.8328619631
85 87 10.7649822235 5.83630876496
86 130 4.98084041436 14.2521928137
86 141 4.97444759776 37.566517484
87 89 4.4945309382 48.6455079344
88 97 7.2781825403 46.1528661933
88 145 8.58916860516 7.76360320458
89 116 4.31106316757 8.87661013424
90 91 8.64090156555 7.10633520178
90 158 7.07251024246 4.55247185604
91 96 4.62405583992 38.534704887
91 182 4.48977458406 74.4635086962
92 94 7.01496636159 50.6773994039
92 93 5.24209213257 48.3913473671
93 170 4.68675357056 7.94280821094
93 95 3.93952214439 47.5034735572
94 256 8.53966265206 44.7532088217
94 250 4.38761443755 42.2315344263
95 96 7.38949297991 20.105191477
95 255 4.12823158482 49.7794094721
96 98 6.68758689901 34.9479520529
97 99 8.11710511274 64.4724120154
97 149 6.47177760157 55.4061500355
98 259 4.63553280095 46.650107181
98 204 6.26719665527 7.7383783831
99 100 16.1206994714 13.6298639084
99 153 15.4900364794 26.1044427995
100 280 3.93300322849 60.8022756175
100 275 13.9502313319 65.2843808677
102 112 4.10227802187 24.5782424107
102 105 5.27258462853 15.5905420047
103 189 4.1880519143 7.72528316633
104 113 9.15859290317 48.6195346752
104 117 9.69057320807 90.0285576395
105 243 6.03553390503 5.40786464328
106 257 4.25395845019 45.0079273749
106 107 5.291412841 26.8634510069
106 109 7.25008579304 14.2896617811
107 110 3.8422069097 46.4768720187
107 127 6.51177410726 56.9136863399
108 191 4.5 13.2183584457
109 110 4.31893349895 51.6960748965
110 283 5.91547584534 3.08423410266
111 112 8.63094234244 54.108597739
111 115 5.00443936901 51.5800348972
112 113 10.1659646821 49.1282628832
113 114 7.45581928271 23.4143078191
114 138 4.28958934351 93.0615369068
114 119 7.2770119516 40.4256116089
115 138 7.97877904441 17.5662649757
115 143 4.910246719 45.2746341785
117 136 10.4385586494 149.344164175
117 118 4.52018079538 44.1188083439
118 305 4.45922141431 30.7365011021
118 123 5.83707998497 10.0906190453
119 121 9.12976525281 11.7233796942
120 124 5.15892183562 53.8239026827
120 308 6.5 8.60958767886
120 121 9.51604012556 7.61340601177
121 122 6.84089246988 22.6597940993
122 144 4.96823020829 52.6367741384
122 336 2.89268949211 19.6996818781
123 131 4.63389840467 54.1546537464
123 125 5.07366609281 20.8245648214
124 164 3.75907646814 88.2768160479
124 125 4.9269532488 22.8825260843
125 132 5.00927701493 70.3516305336
126 314 5.15154361725 27.7043317913
126 316 5.15676744649 17.3657852561
126 133 4.86630190212 106.335412728
127 128 8.97089521161 11.4319221323
127 315 4.21266214033 41.2463276236
128 291 3.90273294268 41.879266414
128 134 8.31940036337 113.582683255
129 180 6.2015619278 4.21574429965
131 322 7.54100170761 22.5685921214
131 132 4.80897886366 26.9742469774
132 165 5.02756077401 64.4459685701
133 326 4.5615530014 23.0867927612
133 135 14.5167243027 35.0058911218
134 136 5.02678943809 31.5783309304
134 135 12.9653568268 10.2591422643
135 136 4.42145753778 29.9813275223
137 169 22.1942394999 26.6465604592
138 139 6.71581009184 27.059996024
139 144 7.52471524066 53.6971119058
139 140 4.8423486885 62.928928165
140 163 6.8780316243 42.008764006
140 151 5.0130700173 34.7743080449
142 146 3.81038340067 47.6725650268
142 339 3.94056425914 42.2717396927
142 151 5.03576782346 54.1814945532
144 146 7.04433241947 24.8049926627
146 147 7.34629185864 21.8936129068
147 337 4.85330511592 25.3638029483
147 148 4.89879216869 69.4991007136
148 164 18.1739923573 72.361966309
148 157 16.2520426401 38.2493436936
149 341 3.35099120689 11.9958351119
149 150 4.65659600845 27.4065313882
151 154 4.73899284671 74.2011511661
153 155 14.8478316531 70.2249620169
154 155 15.8822027634 20.6472635246
154 156 16.5051019353 52.9705010086
155 160 4.56219328996 55.083958645
156 157 15.7369662259 32.0875912729
156 159 4.04492156265 41.993959289
159 161 4.10347663531 34.427777229
160 284 7.0029181889 24.2982836223
160 278 4.89004172208 36.1532445789
161 162 7.24793940357 23.0723761056
161 284 6.50983403177 35.14580155
162 176 5.11116128676 92.6335252487
163 330 4.32673116981 21.2454446935
164 166 19.6537449166 34.0332902896
165 168 22.9177505766 14.5170231294
165 166 20.5371218519 56.5987343374
166 167 8.87003549188 78.0182597787
167 176 6.60421396478 62.4311592431
167 177 3.88941695855 25.7494332807
168 169 27.4198306702 24.4812212522
168 172 11.3113019169 76.96516582
172 177 4.4523819038 64.7964505201
172 173 7.00355182808 23.9200248838
175 197 5.23311859388 50.9594936426
176 177 4.40104051537 102.840088965
179 180 4.57384026702 22.4259336483
179 181 7.69530997253 10.6360034498
180 195 7.2871485599 20.6031367066
181 183 7.2610637098 63.4624779127
183 184 8.06030990662 32.3699061444
183 199 8.40264614304 59.8222529695
184 188 8.01896688738 55.1153542726
185 225 4.54216883793 23.6352490996
186 329 6.9466047287 3.95379564469
186 187 5.22828104196 49.0858328959
186 190 9.80103900335 8.67332589589
187 188 7.59463595523 27.8073430657
187 191 8.69943802951 50.3061462616
188 189 6.42949891356 31.1662226522
189 207 5.3851647377 31.5673882353
190 303 7.80402295764 16.8642009628
191 192 7.249035634 34.0514720022
192 225 8.14356121505 21.2227087012
192 234 8.13135737716 69.3119408542
193 234 7.00018923699 34.3941326279
193 306 5.01077766014 37.9823643287
193 222 4.06622245994 50.7723879488
194 195 5.28212405532 33.5514530237
194 196 4.94778323549 41.8760074506
196 201 8.2711058521 55.8705499526
196 197 10.5577075315 16.7584983158
197 199 8.67222033056 50.4085653192
198 256 10.4468002459 12.1126123788
198 260 4.39552877193 40.4826431235
198 255 3.72031084019 33.975168842
199 200 10.0033447305 45.649033434
200 209 5.07883278954 49.8054433053
200 213 8.93537166893 35.3127491006
201 202 4.18832233509 38.0839183978
202 248 4.90136511821 48.2002334019
202 203 4.62110351109 30.4548649535
203 265 4.38731772544 16.5366260162
203 206 5.27697762728 30.7518611709
205 338 4.64390217689 50.2800228194
205 213 4.42013449357 73.0796081307
205 206 8.11219120026 6.47012364642
206 253 4.80200869978 41.1013381777
207 208 5.27619951846 26.5173528091
207 211 5.33229060893 66.8660833546
208 209 4.88601273557 29.2796863198
208 333 4.15191577328 40.1528330258
209 210 4.1541587718 21.3190056053
210 218 4.05663770931 24.0826385904
210 214 3.88216476152 71.9906106512
211 218 4.39478688482 20.3420746238
211 220 4.94570494446 43.8258796042
212 313 6.36396121979 5.87388287251
212 307 5.13952029095 7.88218748001
212 230 4.25878553216 20.5334787622
213 214 10.6492246175 11.6971209408
214 217 8.92873004126 64.0666586913
215 219 5.1568775177 6.00187470712
216 217 13.3360500336 5.4083269132
216 221 10.7672619589 36.5661569865
216 294 4.5897669899 42.1736248416
217 262 12.7790471306 74.6093148089
218 219 4.47241664283 29.8009409677
219 258 5.8541021347 3.22684056005
220 241 11.2560821906 66.6470748503
220 221 11.2475398019 50.0104960785
221 241 4.52868672796 193.590920628
223 224 8.36467583242 10.6191494265
223 225 6.54657232789 42.7238502
223 311 4.30777047927 26.0731662826
224 304 6.41254806519 9.76281209488
224 228 5.20265170785 48.2003648386
226 296 5.86943912506 6.65676347785
226 236 4.80622911761 23.4572064674
226 293 6.78721893345 19.6862062582
227 228 10.1276891814 23.1262302202
227 302 3.3261643959 44.2714877209
227 231 7.17103829916 39.5156744872
228 236 4.99092904023 47.0057443298
229 301 7.30788660049 3.80788655293
231 232 3.85185201197 36.5692835587
231 242 8.08226241906 17.7549467789
234 238 5.23262540501 75.0531978
236 237 6.44834269619 24.8578355202
237 309 6.30788660049 3.80295937396
237 310 7.18793379011 6.19102549258
238 241 10.3126294022 38.5607034368
238 239 11.4048118591 8.00390529679
239 240 9.12110004945 28.869491473
239 318 4.74656852355 59.1914025627
240 312 7.10977220535 6.6211781429
240 244 9.14112931961 26.8141273713
242 319 3.49166591421 32.9300262676
242 245 6.75673393535 27.3788099392
244 245 9.9359935539 43.2964695232
244 246 4.98738973207 44.0175825483
245 321 8.36252395954 126.435508904
246 320 3.64021192877 47.7703341954
246 323 4.41287216534 7.50671028345
247 248 8.80444798923 21.3033232495
247 251 5.21547708897 36.7553761512
247 324 4.95376653791 14.3961800489
249 250 7.18429996119 15.5444970046
249 331 6.66525916983 27.4266220975
249 251 5.30842348855 28.746651979
251 252 7.10353890506 22.1900773699
252 253 6.77896084745 26.3575703435
252 254 7.32667324976 16.4070636836
253 328 3.69822265935 14.5062917384
254 332 4.58413063843 7.37112962248
254 263 4.74705883432 46.8317272848
255 335 3.41567140906 15.3744022624
256 334 4.02104185922 18.2258058807
259 275 14.0811115 21.1672435276
259 261 13.4842294477 81.0571316148
260 264 13.1012358552 59.5123330847
260 261 14.0280024592 17.4949382666
261 271 4.92144998593 71.9142787903
262 297 5.01956903942 57.3543808266
262 263 12.5451577252 55.8492251716
263 264 13.4108634614 54.9541382809
264 268 4.86897106282 43.6551257013
266 267 7.73478238101 18.3903414515
266 297 5.11616691118 25.1681908784
267 273 4.28938076168 105.682117324
267 270 5.27807744552 48.4401176712
268 270 6.25830167915 15.8740461472
269 273 6.6925871291 22.5734991391
269 274 5.2517004829 12.5008999676
269 271 3.24000087737 45.252651856
270 273 5.0134325252 35.4283577741
271 289 5.13042720282 41.2292371989
272 290 5.14284302129 26.4523155886
275 286 5.06629213965 71.3981092187
276 277 2.77678984862 17.098225814
277 279 2.95022525848 21.3672316342
278 285 4.30238364968 29.2330934952
278 279 5.09140599526 21.4401492532
279 281 4.65841136172 34.4388756136
280 282 4.89402870344 31.4201284884
281 288 4.08800899557 17.0131400782
281 282 7.59355810164 9.56012845975
282 287 4.5957433435 31.8603985238
284 285 3.92578438201 50.1529120643
286 289 4.56408362653 51.2734824251
286 287 7.66332881956 53.1666417801
287 288 4.30353679776 60.0527624475
288 292 4.06333796611 22.9276519685
289 290 4.97008995126 16.4479595003
292 317 5.37793684006 7.28628849278
294 295 7.1552315307 20.1672771465
295 300 5.04951000214 29.5500423012
297 298 7.22195757748 38.6753782071
298 299 7.16198825836 3.9
298 300 4.75979578438 42.174035654
325 340 3.46669728765 22.6137691695
