0	 267.8	 829.4
1	 701.0	 913.3
2	 435.4	 617.6
3	 255.0	 782.0
4	 247.75	 747.25
5	 449.8	 642.2
6	 655.9	 856.05
7	 178.05	 506.9
8	 513.75	 639.25
9	 519.4	 594.4
10	 661.0	 766.8
11	 330.4	 954.4
12	 325.2	 907.8
13	 666.8	 760.6
14	 471.0	 470.2
15	 347.1	 959.0
16	 487.2	 513.0
17	 683.3	 800.9
18	 693.8	 788.6
19	 297.4	 674.4
20	 570.0	 657.6
21	 585.8	 583.9
22	 405.5	 1045.7
23	 555.75	 496.0
24	 568.0	 545.2
25	 371.0	 265.75
26	 341.4	 259.2
27	 264.5	 499.0
28	 398.8	 248.3
29	 433.6	 243.0
30	 446.25	 425.0
31	 655.2	 735.1
32	 726.6	 986.15
33	 520.0	 1211.5
34	 452.0	 290.75
35	 433.3	 244.2
36	 466.0	 243.5
37	 777.9	 1006.5
38	 493.4	 1096.6
39	 778.6	 975.9
40	 554.8	 1257.2
41	 575.8	 1250.6
42	 597.2	 1277.6
43	 273.0	 812.75
44	 275.6	 815.4
45	 481.25	 991.75
46	 249.0	 726.5
47	 277.75	 719.75
48	 334.25	 910.75
49	 346.0	 977.2
50	 354.0	 955.5
51	 300.75	 852.5
52	 342.5	 820.7
53	 345.75	 843.0
54	 359.8	 873.0
55	 501.5	 1114.9
56	 295.75	 753.75
57	 313.5	 793.0
58	 301.7	 758.9
59	 506.25	 1105.25
60	 669.6	 1296.8
61	 345.9	 723.6
62	 344.8	 692.7
63	 406.4	 1034.8
64	 418.4	 1031.6
65	 370.7	 967.85
66	 436.5	 1065.0
67	 458.25	 1080.75
68	 445.7	 1096.2
69	 434.2	 984.35
70	 442.25	 1006.5
71	 471.3	 1144.15
72	 474.0	 1042.2
73	 480.1	 1053.4
74	 502.8	 1108.0
75	 525.4	 1069.6
76	 496.6	 994.8
77	 493.0	 1105.2
78	 396.5	 943.75
79	 385.3	 906.1
80	 412.6	 825.1
81	 777.8	 1360.6
82	 432.8	 856.4
83	 777.2	 1338.2
84	 374.25	 738.0
85	 406.75	 763.5
86	 385.25	 709.75
87	 402.5	 767.5
88	 434.0	 745.8
89	 412.75	 809.25
90	 452.25	 830.75
91	 459.35	 831.05
92	 487.1	 932.65
93	 485.1	 884.3
94	 531.25	 914.5
95	 499.4	 839.0
96	 495.2	 820.2
97	 453.1	 706.2
98	 510.9	 790.35
99	 505.0	 669.5
100	 513.25	 680.25
101	 408.25	 826.25
102	 208.0	 601.9
103	 703.0	 1231.5
104	 219.3	 504.6
105	 198.75	 589.35
106	 153.25	 458.25
107	 154.1	 431.4
108	 748.2	 1311.1
109	 162.6	 468.7
110	 194.3	 435.9
111	 254.9	 643.4
112	 232.0	 596.6
113	 232.7	 549.7
114	 254.4	 542.2
115	 303.2	 625.3
116	 405.65	 805.05
117	 231.7	 416.9
118	 270.6	 432.4
119	 277.0	 509.2
120	 290.75	 496.5
121	 286.25	 502.5
122	 307.75	 509.25
123	 278.2	 426.25
124	 312.8	 447.4
125	 298.8	 429.3
126	 104.9	 319.1
127	 158.0	 379.5
128	 164.25	 370.25
129	 557.75	 1212.5
130	 385.0	 695.5
131	 279.4	 374.6
132	 305.0	 366.1
133	 198.8	 269.2
134	 223.0	 275.8
135	 224.8	 265.7
136	 254.0	 272.5
137	 292.75	 261.75
138	 311.45	 609.9
139	 332.6	 593.6
140	 382.3	 632.2
141	 410.9	 695.45
142	 395.1	 555.5
143	 318.25	 668.0
144	 346.1	 544.5
145	 439.75	 751.0
146	 362.5	 526.3
147	 365.0	 504.75
148	 410.25	 452.0
149	 427.0	 662.1
150	 441.05	 639.65
151	 405.05	 605.9
152	 314.2	 571.1
153	 499.25	 644.5
154	 463.0	 562.5
155	 474.25	 579.5
156	 445.5	 512.75
157	 429.5	 485.0
158	 449.4	 827.2
159	 483.75	 506.75
160	 523.05	 553.95
161	 514.5	 502.0
162	 515.5	 479.2
163	 359.8	 666.6
164	 377.25	 388.25
165	 329.75	 312.25
166	 363.5	 357.25
167	 436.3	 352.7
168	 322.5	 300.25
169	 309.0	 280.5
170	 492.0	 884.5
171	 370.0	 260.5
172	 392.8	 291.8
173	 409.2	 276.5
174	 448.0	 432.25
175	 602.5	 1106.0
176	 475.6	 395.6
177	 445.5	 329.5
178	 467.75	 251.25
179	 565.5	 1234.25
180	 554.25	 1214.85
181	 575.3	 1237.8
182	 460.2	 770.6
183	 632.25	 1221.75
184	 649.2	 1248.3
185	 786.5	 1345.0
186	 675.0	 1313.25
187	 713.75	 1283.5
188	 698.3	 1262.3
189	 710.2	 1234.3
190	 670.4	 1306.0
191	 755.75	 1300.25
192	 786.5	 1307.7
193	 785.3	 1222.7
194	 533.6	 1172.0
195	 537.7	 1205.3
196	 564.0	 1143.2
197	 578.5	 1149.15
198	 562.75	 870.25
199	 622.2	 1165.2
200	 653.7	 1133.85
201	 540.6	 1096.4
202	 568.1	 1072.3
203	 595.7	 1068.1
204	 504.5	 786.0
205	 620.9	 1044.95
206	 614.5	 1044.0
207	 722.9	 1205.4
208	 704.0	 1186.8
209	 695.7	 1159.1
210	 709.2	 1142.6
211	 748.1	 1144.2
212	 783.8	 1160.0
213	 666.25	 1101.5
214	 674.0	 1092.75
215	 731.0	 1106.1
216	 718.5	 1047.75
217	 714.0	 1044.75
218	 730.5	 1134.0
219	 725.0	 1106.25
220	 775.75	 1110.5
221	 745.9	 1071.0
222	 760.1	 1180.8
223	 831.5	 1338.0
224	 841.25	 1342.0
225	 795.75	 1323.25
226	 842.75	 1289.75
227	 905.45	 1319.05
228	 884.0	 1321.8
229	 925.0	 1487.5
230	 766.4	 1152.6
231	 925.4	 1286.6
232	 953.25	 1310.3
233	 971.5	 127.75
234	 808.9	 1245.1
235	 1159.5	 2.75
236	 863.5	 1279.5
237	 864.65	 1255.8
238	 848.75	 1181.5
239	 855.0	 1186.5
240	 872.6	 1208.2
241	 826.5	 1152.7
242	 922.0	 1270.0
243	 200.4	 584.2
244	 894.0	 1218.0
245	 927.5	 1244.85
246	 923.0	 1185.8
247	 553.5	 1006.5
248	 550.7	 1027.35
249	 568.2	 953.9
250	 553.0	 950.7
251	 579.1	 980.5
252	 600.75	 980.0
253	 608.1	 1003.4
254	 609.8	 966.6
255	 538.15	 849.5
256	 559.1	 881.6
257	 124.25	 476.75
258	 725.7	 1103.1
259	 544.75	 758.25
260	 589.5	 842.5
261	 584.0	 826.0
262	 680.9	 979.2
263	 645.5	 938.75
264	 624.8	 889.3
265	 596.8	 1084.6
266	 712.25	 910.75
267	 708.9	 893.5
268	 661.2	 865.2
269	 669.25	 803.5
270	 675.05	 858.85
271	 633.7	 775.5
272	 661.6	 763.3
273	 674.9	 823.5
274	 680.35	 797.75
275	 542.0	 737.7
276	 537.05	 617.45
277	 541.5	 602.85
278	 554.2	 572.2
279	 559.4	 593.0
280	 566.75	 653.5
281	 578.9	 618.6
282	 577.3	 628.0
283	 197.25	 435.0
284	 530.1	 531.4
285	 565.5	 546.75
286	 602.0	 699.0
287	 596.45	 653.2
288	 592.4	 609.6
289	 638.9	 734.6
290	 654.75	 737.75
291	 199.0	 386.8
292	 589.1	 588.7
293	 834.5	 1305.5
294	 745.3	 1015.2
295	 760.95	 1003.3
296	 837.25	 1286.0
297	 717.75	 935.25
298	 754.0	 936.9
299	 757.6	 935.4
300	 761.0	 973.75
301	 926.5	 1491.0
302	 929.75	 1351.25
303	 655.75	 1310.0
304	 840.75	 1351.75
305	 249.5	 454.75
306	 803.2	 1189.2
307	 790.2	 1164.6
308	 283.0	 492.75
309	 868.0	 1254.0
310	 859.5	 1252.5
311	 820.0	 1361.4
312	 869.8	 1214.2
313	 785.0	 1154.25
314	 86.6	 339.9
315	 123.0	 385.75
316	 107.5	 303.5
317	 594.4	 583.7
318	 873.6	 1134.6
319	 896.5	 1274.75
320	 956.7	 1211.0
321	 1039.25	 1266.75
322	 271.0	 354.25
323	 920.25	 1179.0
324	 540.0	 1001.5
325	 408.2	 952.2
326	 179.2	 257.0
327	 562.8	 906.2
328	 622.0	 999.25
329	 677.1	 1316.6
330	 347.0	 651.4
331	 581.5	 932.5
332	 606.1	 960.5
333	 669.9	 1208.0
334	 575.8	 888.9
335	 539.25	 834.75
336	 318.5	 495.0
337	 351.0	 483.6
338	 655.0	 1011.25
339	 393.5	 517.15
340	 423.0	 938.0
341	 417.4	 657.95
