0	 428.0	 13856.0
1	 427.0	 13853.0
2	 418.0	 13816.0
3	 419.0	 13819.0
4	 445.0	 13927.0
5	 446.0	 13930.0
6	 437.0	 13893.0
7	 436.0	 13890.0
8	 391.0	 13705.0
9	 392.0	 13708.0
10	 382.0	 13668.0
11	 383.0	 13671.0
12	 410.0	 13782.0
13	 409.0	 13779.0
14	 400.0	 13742.0
15	 401.0	 13745.0
16	 509.0	 14189.0
17	 508.0	 14186.0
18	 499.0	 14149.0
19	 500.0	 14152.0
20	 526.0	 14260.0
21	 527.0	 14263.0
22	 518.0	 14226.0
23	 517.0	 14223.0
24	 464.0	 14005.0
25	 465.0	 14008.0
26	 454.0	 13964.0
27	 455.0	 13967.0
28	 482.0	 14078.0
29	 490.0	 14112.0
30	 491.0	 14115.0
31	 472.0	 14038.0
32	 473.0	 14041.0
33	 481.0	 14075.0
34	 310.0	 13372.0
35	 311.0	 13375.0
36	 302.0	 13338.0
37	 301.0	 13335.0
38	 329.0	 13449.0
39	 328.0	 13446.0
40	 337.0	 13483.0
41	 319.0	 13409.0
42	 320.0	 13412.0
43	 274.0	 13226.0
44	 273.0	 13223.0
45	 264.0	 13186.0
46	 265.0	 13189.0
47	 293.0	 13301.0
48	 292.0	 13298.0
49	 283.0	 13263.0
50	 282.0	 13260.0
51	 356.0	 13560.0
52	 355.0	 13557.0
53	 346.0	 13520.0
54	 347.0	 13523.0
55	 373.0	 13631.0
56	 374.0	 13634.0
57	 365.0	 13597.0
58	 364.0	 13594.0
59	 338.0	 13486.0
60	 562.0	 14408.0
61	 563.0	 14411.0
62	 553.0	 14371.0
63	 554.0	 14374.0
64	 580.0	 14463.0
65	 544.0	 14334.0
66	 545.0	 14337.0
67	 535.0	 14297.0
68	 536.0	 14300.0
69	 255.0	 13149.0
70	 256.0	 13152.0
71	 246.0	 13112.0
72	 247.0	 13115.0
73	 237.0	 13075.0
74	 238.0	 13078.0
75	 228.0	 13038.0
76	 229.0	 13041.0
77	 193.0	 12893.0
78	 192.0	 12890.0
79	 201.0	 12927.0
80	 183.0	 12853.0
81	 184.0	 12856.0
82	 219.0	 13001.0
83	 220.0	 13004.0
84	 202.0	 12930.0
85	 210.0	 12964.0
86	 211.0	 12967.0
87	 846.0	 13024.0
88	 175.0	 12819.0
89	 174.0	 12816.0
90	 165.0	 12779.0
91	 166.0	 12782.0
92	 147.0	 12705.0
93	 148.0	 12708.0
94	 139.0	 12671.0
95	 138.0	 12668.0
96	 157.0	 12745.0
97	 156.0	 12742.0
98	 84.0	 12446.0
99	 85.0	 12449.0
100	 75.0	 12409.0
101	 76.0	 12412.0
102	 102.0	 12520.0
103	 103.0	 12523.0
104	 94.0	 12486.0
105	 93.0	 12483.0
106	 49.0	 12301.0
107	 48.0	 12298.0
108	 40.0	 12264.0
109	 39.0	 12261.0
110	 66.0	 12372.0
111	 67.0	 12375.0
112	 57.0	 12335.0
113	 58.0	 12338.0
114	 129.0	 12631.0
115	 130.0	 12634.0
116	 121.0	 12597.0
117	 120.0	 12594.0
118	 112.0	 12560.0
119	 111.0	 12557.0
120	 4.0	 12116.0
121	 12.0	 12150.0
122	 30.0	 12224.0
123	 31.0	 12227.0
124	 13.0	 12153.0
125	 21.0	 12187.0
126	 22.0	 12190.0
127	 6359.0	 3366.6
128	 7116.1	 2682.25
129	 25.0	 11989.0
130	 8046.5	 4445.0
131	 7295.0	 2521.0
132	 8242.8	 4371.3
133	 8453.2	 4420.6
134	 7426.0	 8061.0
135	 28.0	 11977.0
136	 7522.8	 6799.3
137	 13332.95	 6242.05
138	 14346.4	 4811.2
139	 7744.2	 2116.1
140	 53.0	 11873.0
141	 54.0	 11870.0
142	 61.0	 11841.0
143	 60.0	 11844.0
144	 1637.2	 12116.0
145	 2875.0	 13457.0
146	 2870.25	 13449.6
147	 11380.1	 284.1
148	 2980.0	 13198.0
149	 1947.2	 12068.6
150	 1972.0	 11938.0
151	 83.0	 11750.0
152	 82.0	 11753.0
153	 89.0	 11724.0
154	 90.0	 11721.0
155	 112.0	 11630.0
156	 111.0	 11633.0
157	 118.0	 11604.0
158	 119.0	 11601.0
159	 140.0	 11513.0
160	 141.0	 11510.0
161	 148.0	 11481.0
162	 147.0	 11484.0
163	 170.0	 11390.0
164	 169.0	 11393.0
165	 176.0	 11364.0
166	 177.0	 11361.0
167	 198.0	 11273.0
168	 199.0	 11270.0
169	 205.0	 11244.0
170	 206.0	 11241.0
171	 227.0	 11153.0
172	 228.0	 11150.0
173	 235.0	 11121.0
174	 234.0	 11124.0
175	 257.0	 11030.0
176	 256.0	 11033.0
177	 263.0	 11004.0
178	 264.0	 11001.0
179	 285.0	 10913.0
180	 286.0	 10910.0
181	 2163.0	 10901.0
182	 293.0	 10881.0
183	 292.0	 10884.0
184	 315.0	 10790.0
185	 314.0	 10793.0
186	 322.0	 10761.0
187	 321.0	 10764.0
188	 343.0	 10673.0
189	 344.0	 10670.0
190	 351.0	 10641.0
191	 350.0	 10644.0
192	 9913.0	 9522.0
193	 360.0	 10604.0
194	 359.0	 10607.0
195	 365.0	 10583.0
196	 366.0	 10579.0
197	 9971.0	 9488.0
198	 372.0	 10554.0
199	 4135.75	 6041.5
200	 13532.7	 5617.8
201	 374.0	 10546.0
202	 10096.6	 9368.6
203	 2854.1	 11306.0
204	 7489.0	 4043.0
205	 8300.0	 1615.0
206	 3076.0	 13370.0
207	 3093.0	 13362.0
208	 3109.0	 13355.0
209	 3230.2	 13203.0
210	 13284.6	 5554.8
211	 7155.0	 2648.0
212	 3289.8	 12433.9
213	 8333.25	 1791.0
214	 8368.0	 2991.4
215	 3296.05	 12403.9
216	 3451.0	 13201.5
217	 3730.0	 13083.0
218	 3777.0	 13063.0
219	 3867.3	 11966.0
220	 8406.2	 1674.0
221	 3929.0	 12990.0
222	 3933.65	 12974.95
223	 4100.2	 12921.1
224	 3884.0	 11947.0
225	 10536.8	 7355.2
226	 10666.75	 7009.5
227	 4271.7	 12841.2
228	 7478.9	 2923.15
229	 8517.0	 10375.0
230	 8518.0	 10373.0
231	 8576.0	 10339.0
232	 8577.0	 10337.0
233	 7436.0	 2394.0
234	 8618.0	 10312.0
235	 8676.0	 10278.0
236	 8677.0	 10276.0
237	 8736.0	 10240.0
238	 8735.0	 10242.0
239	 8776.0	 10217.0
240	 4274.0	 12766.0
241	 8876.0	 10156.0
242	 8877.0	 10154.0
243	 8935.0	 10120.0
244	 8936.0	 10118.0
245	 8994.0	 10084.0
246	 8995.0	 10082.1
247	 8870.0	 9381.0
248	 8869.25	 9384.75
249	 9035.0	 10059.0
250	 9036.0	 10057.0
251	 9077.0	 9875.8
252	 9094.0	 10023.0
253	 9095.0	 10021.1
254	 9135.0	 9998.0
255	 9136.0	 9996.0
256	 9194.0	 9962.0
257	 4290.0	 12777.2
258	 9253.0	 9926.0
259	 9254.0	 9924.0
260	 4544.1	 12681.6
261	 4616.0	 12695.0
262	 4628.2	 12687.8
263	 9085.9	 7220.8
264	 9157.75	 7127.25
265	 8878.0	 8946.2
266	 12056.2	 233.2
267	 12273.8	 5408.0
268	 13814.0	 5310.0
269	 9295.0	 9899.1
270	 9294.0	 9901.0
271	 9353.0	 9865.0
272	 9354.0	 9863.0
273	 9286.25	 9163.25
274	 9394.0	 9840.0
275	 9395.0	 9838.1
276	 9447.0	 9608.0
277	 9453.0	 9804.0
278	 9454.0	 9802.0
279	 9505.0	 9770.0
280	 9528.0	 9754.0
281	 13920.05	 4518.6
282	 9541.6	 9713.6
283	 10027.7	 2993.5
284	 9553.0	 9743.0
285	 9554.0	 9741.0
286	 11249.95	 1668.4
287	 9956.2	 1133.0
288	 14138.75	 5304.75
289	 4566.0	 11727.0
290	 3926.95	 11643.1
291	 14666.8	 4032.4
292	 9744.6	 2744.8
293	 9562.6	 9725.8
294	 10230.0	 9330.0
295	 9154.0	 1525.1
296	 9156.8	 1440.6
297	 3949.0	 11510.0
298	 4656.6	 11622.8
299	 4460.5	 11183.75
300	 4461.4	 11184.8
301	 3329.6	 10885.8
302	 4691.0	 10866.0
303	 4657.0	 10642.2
304	 379.0	 10525.0
305	 9546.4	 962.9
306	 9682.75	 951.0
307	 389.0	 10484.0
308	 388.0	 10487.0
309	 394.0	 10463.0
310	 5160.85	 7161.95
311	 8991.0	 7447.0
312	 396.0	 10455.0
313	 401.0	 10434.0
314	 9588.0	 9713.8
315	 403.0	 10426.0
316	 9571.25	 9632.75
317	 9579.1	 9636.0
318	 408.0	 10405.0
319	 9614.65	 9698.05
320	 10140.1	 701.1
321	 9646.05	 9683.25
322	 9681.75	 9662.25
323	 9388.0	 8176.0
324	 9712.0	 9646.0
325	 418.0	 10364.0
326	 417.0	 10367.0
327	 423.0	 10343.0
328	 9771.0	 9610.0
329	 9772.0	 9608.0
330	 9789.0	 9599.0
331	 9790.0	 9597.0
332	 430.0	 10314.0
333	 9813.0	 9583.0
334	 9871.0	 9549.0
335	 432.0	 10306.0
336	 9912.0	 9524.0
337	 2325.0	 10310.0
338	 437.0	 10285.0
339	 9972.0	 9486.0
340	 10030.0	 9452.0
341	 10031.0	 9450.1
342	 10091.0	 9414.0
343	 8799.75	 3087.25
344	 13718.4	 4856.4
345	 447.0	 10244.0
346	 446.0	 10247.0
347	 452.0	 10223.0
348	 453.0	 10219.0
349	 459.0	 10194.0
350	 14676.9	 4005.85
351	 8463.0	 8000.0
352	 461.0	 10186.0
353	 466.0	 10165.0
354	 10231.0	 9328.1
355	 7565.5	 2761.75
356	 12078.2	 1885.2
357	 13920.0	 4562.25
358	 3033.4	 10250.6
359	 3025.0	 10246.0
360	 7630.5	 9295.0
361	 5764.2	 11653.7
362	 12437.0	 1179.0
363	 476.0	 10124.0
364	 475.0	 10127.0
365	 481.0	 10103.0
366	 8264.1	 1647.55
367	 488.0	 10074.0
368	 10126.8	 8678.6
369	 490.0	 10066.0
370	 9634.7	 8143.95
371	 495.0	 10045.0
372	 10227.0	 7843.0
373	 8465.4	 8000.8
374	 9043.0	 5187.75
375	 505.0	 10004.0
376	 504.0	 10007.0
377	 510.0	 9983.0
378	 10133.9	 8682.6
379	 511.0	 9979.0
380	 517.0	 9954.0
381	 9580.0	 6487.0
382	 10475.9	 3270.5
383	 519.0	 9946.0
384	 524.0	 9925.0
385	 9633.75	 5611.75
386	 8319.6	 1945.4
387	 9420.0	 4946.5
388	 9748.0	 4836.0
389	 532.0	 9891.0
390	 10036.5	 5382.0
391	 534.0	 9884.0
392	 539.0	 9863.0
393	 540.0	 9859.0
394	 14664.7	 1896.9
395	 546.0	 9834.0
396	 15181.9	 477.7
397	 548.0	 9826.0
398	 9818.8	 5056.2
399	 553.0	 9805.0
400	 9580.05	 9632.65
401	 9812.0	 9585.0
402	 10330.0	 9269.0
403	 10331.0	 9267.1
404	 10389.0	 9233.0
405	 10390.0	 9231.0
406	 10430.0	 9208.0
407	 563.0	 9764.0
408	 562.0	 9767.0
409	 568.0	 9743.0
410	 10490.0	 9170.0
411	 10548.0	 9136.0
412	 9853.0	 7854.25
413	 10501.9	 8830.5
414	 575.0	 9714.0
415	 10590.0	 9109.0
416	 10609.7	 8617.9
417	 577.0	 9706.0
418	 10830.0	 8964.0
419	 582.0	 9685.0
420	 14731.75	 339.0
421	 10552.0	 7207.25
422	 10648.0	 9075.0
423	 3633.0	 10535.0
424	 10669.75	 8511.5
425	 10689.0	 9050.0
426	 590.0	 9651.0
427	 10807.0	 8978.0
428	 10808.0	 8976.0
429	 10832.0	 8962.0
430	 597.0	 9623.0
431	 10848.0	 8953.0
432	 10849.0	 8951.0
433	 10907.0	 8917.0
434	 10908.0	 8915.0
435	 604.0	 9594.0
436	 605.0	 9590.0
437	 2368.75	 7007.75
438	 611.0	 9565.0
439	 11007.0	 8856.0
440	 11008.0	 8854.0
441	 11066.0	 8820.0
442	 11067.0	 8818.1
443	 11107.0	 8795.0
444	 11108.0	 8793.0
445	 11124.7	 7141.05
446	 621.0	 9524.0
447	 620.0	 9527.0
448	 626.0	 9503.0
449	 10666.8	 7013.3
450	 627.0	 9499.0
451	 10671.0	 6650.0
452	 9671.05	 3622.7
453	 633.0	 9474.0
454	 10276.0	 6299.0
455	 10280.85	 6297.25
456	 635.0	 9466.0
457	 640.0	 9445.0
458	 15214.75	 344.25
459	 7716.7	 3024.25
460	 7200.8	 8916.6
461	 648.0	 9411.0
462	 7708.0	 2149.0
463	 655.0	 9383.0
464	 11166.0	 8759.0
465	 11167.0	 8757.1
466	 657.0	 9375.0
467	 662.0	 9354.0
468	 11000.1	 3836.9
469	 663.0	 9350.0
470	 15148.8	 136.2
471	 11266.0	 8698.0
472	 669.0	 9325.0
473	 11325.0	 8662.0
474	 11326.0	 8660.0
475	 11367.0	 8635.1
476	 11366.0	 8637.0
477	 11425.0	 8601.0
478	 11426.0	 8599.0
479	 11466.0	 8576.0
480	 679.0	 9284.0
481	 678.0	 9287.0
482	 684.0	 9263.0
483	 11584.0	 8504.0
484	 11585.0	 8502.0
485	 11625.0	 8479.0
486	 11626.0	 8477.0
487	 692.0	 9236.0
488	 11679.2	 8442.0
489	 11685.0	 8438.5
490	 11725.0	 8418.0
491	 9264.8	 4794.0
492	 11784.0	 8382.0
493	 11785.0	 8380.0
494	 695.0	 9232.9
495	 10465.6	 3260.2
496	 2768.2	 9348.2
497	 2768.6	 9347.0
498	 2499.3	 9226.9
499	 11885.0	 8319.0
500	 11943.0	 8285.0
501	 11944.0	 8283.0
502	 11984.0	 8260.0
503	 11985.0	 8258.0
504	 7959.4	 5303.6
505	 12044.0	 8222.0
506	 720.0	 9113.0
507	 721.0	 9110.0
508	 728.0	 9081.0
509	 727.0	 9084.0
510	 12203.0	 8125.1
511	 12243.0	 8102.0
512	 12244.0	 8100.0
513	 12202.0	 8127.0
514	 11864.8	 7965.15
515	 11844.95	 7782.2
516	 12299.0	 8067.0
517	 12328.6	 8041.8
518	 9637.8	 5610.8
519	 12339.0	 8038.2
520	 750.0	 8990.0
521	 749.0	 8993.0
522	 756.0	 8964.0
523	 757.0	 8961.0
524	 12330.25	 8006.5
525	 12361.0	 8028.95
526	 12362.0	 8027.2
527	 12382.4	 8012.3
528	 2423.9	 8967.3
529	 12402.0	 8005.0
530	 12403.0	 8003.1
531	 778.0	 8873.0
532	 779.0	 8870.0
533	 786.0	 8841.0
534	 785.0	 8844.0
535	 808.0	 8750.0
536	 807.0	 8753.0
537	 814.0	 8724.0
538	 12552.95	 7911.9
539	 12517.0	 7769.3
540	 12620.0	 7872.0
541	 12621.0	 7870.0
542	 12661.0	 7847.0
543	 12662.0	 7845.0
544	 818.0	 8708.0
545	 12739.0	 7798.1
546	 12761.0	 7786.0
547	 12762.0	 7784.0
548	 10943.0	 8895.0
549	 12821.0	 7748.0
550	 12879.0	 7714.0
551	 12880.0	 7712.0
552	 12920.0	 7689.0
553	 12921.0	 7687.0
554	 12979.0	 7653.0
555	 12980.0	 7651.0
556	 2425.0	 8659.5
557	 13021.0	 7626.0
558	 13079.0	 7592.0
559	 13080.0	 7590.0
560	 13138.0	 7556.0
561	 836.0	 8633.0
562	 12510.7	 7759.2
563	 13239.0	 7493.1
564	 13248.0	 7486.0
565	 12674.65	 6602.0
566	 12672.0	 6603.0
567	 11819.0	 6194.0
568	 11722.0	 6100.0
569	 13331.0	 6275.0
570	 4079.8	 5864.6
571	 10837.0	 1065.5
572	 2248.5	 10588.25
573	 7133.0	 3028.0
574	 11240.7	 678.7
575	 13328.35	 6235.9
576	 12375.75	 6062.75
577	 865.0	 8513.0
578	 13801.0	 6142.0
579	 13748.9	 6118.7
580	 13744.75	 6107.5
581	 12595.0	 193.0
582	 2869.6	 7852.6
583	 12624.1	 190.1
584	 13809.0	 6110.0
585	 11280.9	 4736.35
586	 10824.0	 4071.6
587	 11888.2	 4495.0
588	 9176.0	 1606.25
589	 7289.2	 3051.15
590	 9713.0	 9644.0
591	 12692.3	 185.3
592	 11892.0	 4471.6
593	 13526.0	 5711.1
594	 13578.5	 5764.3
595	 13996.85	 5667.1
596	 3301.0	 9273.5
597	 8082.75	 5163.25
598	 3296.0	 9269.5
599	 13258.25	 5577.5
600	 3328.0	 8874.5
601	 3906.5	 10339.75
602	 4479.0	 10317.75
603	 13162.75	 5584.25
604	 4736.0	 10425.75
605	 4745.75	 10444.0
606	 13282.9	 5556.6
607	 10289.0	 9294.0
608	 12702.6	 5243.6
609	 13044.75	 5302.25
610	 10290.0	 9292.0
611	 13814.5	 5413.5
612	 8099.55	 5211.55
613	 2366.0	 6988.4
614	 14984.0	 2018.75
615	 13628.5	 5301.0
616	 9730.0	 9635.0
617	 10003.5	 1225.2
618	 14137.4	 5309.2
619	 4609.8	 10101.6
620	 4738.2	 9969.05
621	 3872.25	 9286.0
622	 4202.25	 9262.0
623	 4084.0	 9115.75
624	 4131.0	 8863.0
625	 4384.95	 8477.75
626	 4491.25	 8539.0
627	 4486.1	 8538.6
628	 4866.0	 11521.0
629	 4991.0	 12526.0
630	 4992.0	 12524.1
631	 5050.0	 12490.0
632	 5051.0	 12488.0
633	 5068.0	 12479.0
634	 5069.0	 12477.0
635	 5109.0	 12454.0
636	 5110.0	 12452.1
637	 5150.0	 12429.0
638	 5151.0	 12427.0
639	 13904.9	 4537.85
640	 13921.0	 4474.0
641	 5186.0	 12407.0
642	 5186.0	 12403.0
643	 5209.0	 12393.0
644	 5210.0	 12391.1
645	 5250.0	 12368.0
646	 5251.0	 12366.0
647	 5309.0	 12332.0
648	 5310.0	 12330.1
649	 5368.0	 12296.0
650	 5369.0	 12294.0
651	 5409.0	 12271.0
652	 5410.0	 12269.1
653	 5468.0	 12235.0
654	 5469.0	 12233.0
655	 5510.0	 12208.1
656	 5509.0	 12210.0
657	 10489.0	 9172.0
658	 5503.65	 11963.0
659	 5527.0	 11933.0
660	 5568.0	 12174.0
661	 5569.0	 12172.0
662	 5622.0	 12141.0
663	 5623.0	 12139.0
664	 5668.0	 12113.0
665	 5669.0	 12111.0
666	 11644.0	 3323.5
667	 12968.0	 1869.0
668	 8066.8	 4763.9
669	 8686.0	 2645.2
670	 8560.7	 2415.85
671	 5683.5	 12024.0
672	 10549.0	 9134.0
673	 6671.2	 3705.2
674	 8726.75	 2299.1
675	 8656.2	 1294.6
676	 9175.5	 1609.0
677	 5727.0	 12077.0
678	 5728.0	 12075.1
679	 5768.0	 12052.0
680	 5769.0	 12050.0
681	 5827.0	 12016.0
682	 5828.0	 12014.1
683	 5761.8	 11651.0
684	 8560.8	 1380.4
685	 5886.0	 11980.0
686	 5887.0	 11978.0
687	 5927.0	 11955.0
688	 5928.0	 11953.1
689	 5986.0	 11919.0
690	 5987.0	 11917.0
691	 6027.0	 11894.0
692	 6028.0	 11892.1
693	 6086.0	 11858.0
694	 6087.0	 11856.0
695	 8676.2	 1276.6
696	 10439.0	 7212.2
697	 11316.0	 289.3
698	 8449.4	 4418.5
699	 8746.0	 1214.0
700	 8796.0	 1169.0
701	 10306.1	 4103.35
702	 8909.5	 1390.0
703	 10536.6	 7351.0
704	 5904.7	 11279.95
705	 5904.2	 11278.4
706	 8928.2	 1049.6
707	 12025.95	 235.95
708	 13156.2	 5597.4
709	 7900.1	 7834.25
710	 10284.0	 367.3
711	 10649.0	 9073.0
712	 9065.05	 1293.3
713	 9068.0	 924.0
714	 9155.4	 1517.6
715	 11232.2	 670.8
716	 4290.4	 12784.4
717	 15194.5	 2279.25
718	 9116.0	 880.0
719	 14366.0	 1146.0
720	 10690.0	 9048.0
721	 5954.0	 11571.3
722	 7267.8	 8863.0
723	 9200.2	 804.6
724	 9204.9	 800.45
725	 11420.1	 281.1
726	 9244.05	 766.2
727	 9260.2	 750.6
728	 9272.15	 739.4
729	 11652.8	 3336.7
730	 9431.6	 1468.6
731	 5954.3	 11512.9
732	 9437.0	 1487.8
733	 6066.6	 10665.9
734	 7826.1	 2042.05
735	 6066.0	 10663.75
736	 9526.4	 1805.0
737	 5030.8	 10095.05
738	 6145.0	 11822.0
739	 6146.0	 11820.1
740	 4289.9	 12779.3
741	 6117.4	 11751.1
742	 6186.0	 11797.0
743	 6187.0	 11795.0
744	 6222.0	 11775.0
745	 6223.0	 11773.0
746	 6195.8	 11171.05
747	 6196.25	 11173.75
748	 6245.0	 11761.0
749	 6246.0	 11759.1
750	 6286.0	 11736.0
751	 6287.0	 11734.0
752	 6345.0	 11700.0
753	 6346.0	 11698.1
754	 6404.0	 11664.0
755	 6405.0	 11662.0
756	 6360.4	 10950.2
757	 6445.0	 11639.0
758	 6446.0	 11637.1
759	 6504.0	 11603.0
760	 6505.0	 11601.0
761	 6545.0	 11578.0
762	 6546.0	 11576.1
763	 6604.0	 11542.0
764	 6605.0	 11540.0
765	 6663.0	 11506.0
766	 6664.0	 11504.1
767	 6704.0	 11481.0
768	 6705.0	 11479.0
769	 6722.0	 11470.0
770	 6723.0	 11468.0
771	 10542.05	 3218.25
772	 6763.0	 11445.0
773	 6764.0	 11443.1
774	 6416.25	 10648.0
775	 6253.0	 10241.5
776	 6804.0	 11420.0
777	 6805.0	 11418.0
778	 6863.0	 11384.0
779	 6864.0	 11382.1
780	 6901.15	 11358.15
781	 6922.0	 11348.0
782	 6923.0	 11346.0
783	 6963.0	 11323.0
784	 6964.0	 11321.1
785	 7022.0	 11287.0
786	 7023.0	 11285.0
787	 7063.0	 11262.0
788	 7064.0	 11260.1
789	 7122.0	 11226.0
790	 7123.0	 11224.0
791	 7151.0	 11206.0
792	 10800.0	 328.3
793	 10984.0	 3355.0
794	 8086.1	 5198.6
795	 11669.0	 948.0
796	 9961.25	 1132.75
797	 9872.1	 398.1
798	 9943.8	 1129.25
799	 7175.7	 11190.9
800	 7178.3	 11155.35
801	 10439.5	 3981.75
802	 14896.0	 2479.0
803	 6830.75	 10564.25
804	 9940.3	 393.3
805	 7203.0	 11176.0
806	 10072.0	 879.0
807	 10028.0	 387.0
808	 10042.0	 385.0
809	 10142.5	 705.0
810	 7222.0	 11165.0
811	 7223.0	 11163.0
812	 7281.0	 11129.0
813	 7282.0	 11127.1
814	 7322.0	 11104.0
815	 7323.0	 11102.0
816	 7376.0	 11071.0
817	 9872.0	 9547.0
818	 13140.65	 5584.3
819	 10456.3	 354.3
820	 10862.1	 2972.95
821	 10704.6	 2433.0
822	 7440.0	 11032.0
823	 7441.0	 11030.0
824	 7481.0	 11007.0
825	 7482.0	 11005.1
826	 7419.8	 10652.9
827	 7540.0	 10971.0
828	 7541.0	 10969.0
829	 7581.0	 10946.0
830	 7582.0	 10944.1
831	 7633.0	 10913.0
832	 10683.6	 733.2
833	 10813.9	 1075.25
834	 7699.0	 10874.0
835	 7700.0	 10872.1
836	 7799.0	 10813.0
837	 7800.0	 10811.1
838	 7840.0	 10788.0
839	 7841.0	 10786.0
840	 7899.0	 10752.0
841	 7900.0	 10750.1
842	 7958.0	 10716.0
843	 7959.0	 10714.0
844	 8058.0	 10655.0
845	 8059.0	 10653.0
846	 7884.3	 10608.2
847	 8099.0	 10630.0
848	 8100.0	 10628.1
849	 8194.0	 10572.0
850	 8195.0	 10570.1
851	 8217.0	 10558.0
852	 8218.0	 10556.0
853	 8258.0	 10533.0
854	 8259.0	 10531.1
855	 8317.0	 10497.0
856	 8318.0	 10495.0
857	 7980.0	 1904.0
858	 11193.9	 613.95
859	 8417.0	 10436.0
860	 8418.0	 10434.0
861	 8476.0	 10400.0
862	 8477.0	 10398.0
863	 7650.0	 10209.2
864	 7651.5	 10208.9
865	 12903.45	 4227.2
866	 8081.0	 5200.75
867	 6219.5	 10168.25
868	 12475.8	 2485.0
869	 13314.25	 4334.0
870	 7394.85	 4612.1
871	 6799.0	 10048.6
872	 8451.0	 10125.0
873	 5654.6	 9597.2
874	 11041.6	 6850.8
875	 12285.25	 2427.75
876	 5576.2	 9581.7
877	 5630.8	 9577.8
878	 13677.6	 4228.6
879	 9108.0	 8327.8
880	 5404.75	 9365.9
881	 14669.8	 4022.6
882	 14675.0	 4015.0
883	 9340.0	 679.0
884	 13827.0	 3622.5
885	 5730.5	 9146.9
886	 13816.0	 3602.1
887	 12366.4	 713.4
888	 7500.0	 4037.5
889	 13737.6	 3434.8
890	 8020.0	 1868.0
891	 13856.85	 3321.95
892	 13462.2	 2743.8
893	 5748.55	 9136.05
894	 13467.1	 2731.0
895	 5209.2	 5851.4
896	 15184.9	 2775.0
897	 15194.2	 2742.0
898	 14960.05	 2629.7
899	 14983.0	 2570.25
900	 14896.5	 2503.05
901	 7854.0	 2018.0
902	 5738.5	 9120.75
903	 5709.25	 9110.0
904	 10968.0	 316.0
905	 11065.75	 6869.0
906	 12011.0	 786.0
907	 6361.8	 9393.5
908	 6074.6	 9253.2
909	 5506.0	 8632.5
910	 5507.0	 8633.25
911	 6717.75	 8606.15
912	 7768.85	 9394.25
913	 7632.25	 9293.25
914	 7828.25	 9170.05
915	 8140.75	 9214.0
916	 12336.4	 211.6
917	 8111.0	 1786.0
918	 12541.95	 196.95
919	 7195.25	 8921.25
920	 10784.1	 6195.5
921	 10668.5	 6670.8
922	 7716.4	 8782.4
923	 12832.45	 174.95
924	 12852.4	 172.6
925	 12904.4	 509.8
926	 13036.0	 159.3
927	 13111.0	 154.0
928	 13208.3	 146.3
929	 13412.8	 130.8
930	 3454.8	 6190.0
931	 9542.8	 9680.4
932	 14233.5	 2370.5
933	 12105.0	 4222.8
934	 14248.5	 2377.0
935	 894.0	 8393.0
936	 6200.4	 3508.6
937	 8445.0	 1779.0
938	 14923.25	 2412.0
939	 14716.2	 2334.2
940	 7942.1	 1938.25
941	 10250.7	 9058.5
942	 15188.6	 2248.8
943	 8228.1	 2383.95
944	 10291.45	 496.0
945	 14651.0	 2214.0
946	 12748.0	 3976.0
947	 15504.0	 2001.0
948	 14242.55	 1891.0
949	 8141.0	 1759.0
950	 923.0	 8273.0
951	 925.0	 8269.0
952	 14659.0	 1915.0
953	 958.0	 8229.0
954	 11267.0	 8696.1
955	 1070.0	 8129.0
956	 14693.7	 1867.4
957	 12183.6	 3427.4
958	 15145.9	 1900.9
959	 15149.0	 1895.0
960	 14883.0	 1680.15
961	 15613.0	 1719.0
962	 15072.2	 1652.6
963	 13692.95	 1480.9
964	 13477.8	 353.05
965	 13429.0	 129.0
966	 13552.0	 120.3
967	 13622.2	 422.0
968	 13656.1	 112.1
969	 1188.0	 8021.0
970	 14000.0	 86.1
971	 14068.0	 81.3
972	 10681.5	 6671.0
973	 3040.05	 8008.9
974	 14876.9	 1453.8
975	 14900.2	 1104.8
976	 14709.0	 348.6
977	 14172.1	 73.1
978	 3731.3	 6136.1
979	 13319.0	 4340.9
980	 11001.9	 2321.1
981	 11467.0	 8574.1
982	 10092.5	 9402.0
983	 5618.3	 10183.0
984	 11525.0	 8540.0
985	 11526.0	 8538.0
986	 14659.3	 1897.05
987	 11184.5	 609.3
988	 9744.0	 2749.0
989	 2875.15	 7903.3
990	 7398.1	 2428.25
991	 5721.1	 9127.9
992	 3627.0	 7982.6
993	 3629.05	 7975.2
994	 3882.95	 8133.8
995	 11644.75	 7645.1
996	 9525.0	 1808.0
997	 2419.4	 7801.8
998	 1452.0	 7784.0
999	 3476.8	 13191.05
1000	 8317.0	 1932.5
1001	 2416.0	 7752.0
1002	 10247.0	 9081.0
1003	 3726.05	 7765.1
1004	 8332.5	 1797.0
1005	 1583.0	 7666.0
1006	 2417.9	 7729.65
1007	 11726.0	 8416.0
1008	 1611.0	 7640.0
1009	 3560.95	 10062.85
1010	 1724.0	 7539.0
1011	 1734.0	 7530.0
1012	 1843.0	 7431.0
1013	 11848.0	 8343.0
1014	 8384.2	 1539.6
1015	 9470.7	 3215.9
1016	 1936.0	 7349.0
1017	 1974.0	 7313.0
1018	 10128.25	 8682.5
1019	 14653.0	 1923.2
1020	 13724.3	 107.3
1021	 8300.0	 5747.0
1022	 9236.95	 3682.1
1023	 2115.0	 7186.0
1024	 2357.0	 7209.2
1025	 9060.0	 9798.0
1026	 2358.6	 7209.8
1027	 2155.0	 7150.0
1028	 2382.8	 7138.4
1029	 2929.4	 7143.4
1030	 4435.2	 7592.2
1031	 5572.05	 8219.05
1032	 5106.7	 7930.8
1033	 12043.0	 8224.0
1034	 12885.5	 2101.0
1035	 5121.25	 7941.75
1036	 9472.2	 559.6
1037	 5352.8	 7804.6
1038	 13625.0	 5315.95
1039	 9960.8	 1130.6
1040	 5710.5	 7892.25
1041	 12102.0	 8188.0
1042	 10818.6	 1003.9
1043	 5915.4	 7817.6
1044	 5495.8	 7737.8
1045	 5502.6	 7740.35
1046	 12103.0	 8186.1
1047	 3329.0	 8882.0
1048	 12143.0	 8163.0
1049	 12144.0	 8161.0
1050	 5152.5	 7154.05
1051	 2662.0	 10909.0
1052	 5174.75	 7158.25
1053	 5996.6	 7704.8
1054	 11509.95	 274.95
1055	 2256.0	 7059.0
1056	 13017.0	 3057.0
1057	 8470.5	 1470.75
1058	 2930.1	 7061.9
1059	 10099.9	 9403.3
1060	 4228.0	 7037.75
1061	 14947.5	 197.6
1062	 5711.25	 7885.5
1063	 15331.0	 705.0
1064	 7182.0	 4057.45
1065	 2373.8	 6986.2
1066	 15206.0	 487.75
1067	 2357.0	 6969.0
1068	 11540.2	 272.2
1069	 11421.4	 1365.4
1070	 2380.5	 6959.0
1071	 2399.0	 6931.0
1072	 2417.0	 6914.0
1073	 2447.0	 6887.0
1074	 13964.6	 4396.05
1075	 3793.4	 6855.7
1076	 3795.0	 6843.75
1077	 13733.0	 3424.25
1078	 2540.0	 6804.0
1079	 8617.0	 10314.0
1080	 11819.6	 7581.8
1081	 3950.2	 6750.4
1082	 2671.0	 6686.0
1083	 11822.0	 7578.0
1084	 11193.0	 1137.0
1085	 3797.75	 5826.25
1086	 10130.0	 9391.0
1087	 12330.5	 8037.5
1088	 2812.0	 6559.0
1089	 2941.1	 6442.2
1090	 2954.0	 6432.0
1091	 8777.0	 10215.0
1092	 3112.0	 6288.0
1093	 3072.0	 6324.0
1094	 4334.5	 6350.45
1095	 3215.0	 6196.0
1096	 8524.0	 1414.0
1097	 5603.35	 12150.95
1098	 3253.0	 6161.0
1099	 9667.7	 951.95
1100	 14724.65	 317.9
1101	 3314.0	 6107.0
1102	 3356.0	 6069.0
1103	 13084.0	 7318.4
1104	 3734.4	 6135.6
1105	 3873.2	 6083.8
1106	 13084.8	 7319.9
1107	 3472.0	 6048.0
1108	 10078.1	 4682.15
1109	 11945.35	 7148.1
1110	 3467.0	 5969.0
1111	 3497.0	 5942.0
1112	 14808.2	 25.2
1113	 14857.0	 26.0
1114	 14857.7	 25.6
1115	 8772.5	 1845.5
1116	 4137.2	 6049.2
1117	 3749.1	 13072.0
1118	 4245.4	 5932.2
1119	 12461.0	 7969.0
1120	 3791.2	 5852.8
1121	 3628.0	 5824.0
1122	 12462.0	 7967.0
1123	 13719.8	 4858.6
1124	 3871.85	 5877.1
1125	 12502.0	 7944.0
1126	 10637.25	 1300.25
1127	 13317.75	 6262.5
1128	 3759.0	 5706.0
1129	 12503.0	 7942.1
1130	 8992.8	 7447.75
1131	 10621.0	 1557.0
1132	 3900.0	 5579.0
1133	 13749.2	 6114.2
1134	 2864.0	 7868.3
1135	 5690.2	 11989.9
1136	 9820.2	 402.2
1137	 4031.0	 5461.0
1138	 15191.4	 210.6
1139	 15187.0	 187.0
1140	 13812.1	 5357.0
1141	 9195.0	 9960.1
1142	 6096.2	 11748.6
1143	 4124.1	 5377.25
1144	 4172.0	 5334.0
1145	 15220.8	 325.4
1146	 9861.25	 1132.5
1147	 4253.0	 5261.0
1148	 4534.8	 5873.4
1149	 15217.0	 295.0
1150	 9859.0	 1132.0
1151	 4554.75	 5874.3
1152	 4550.75	 5594.85
1153	 4650.0	 5930.0
1154	 4303.0	 5216.0
1155	 9179.55	 7888.8
1156	 4343.0	 5180.0
1157	 4392.0	 5136.0
1158	 4444.0	 5089.0
1159	 13822.25	 3619.0
1160	 12738.0	 7800.0
1161	 15230.75	 358.25
1162	 4575.0	 4971.0
1163	 15204.2	 258.2
1164	 11556.75	 1968.3
1165	 4615.0	 4935.0
1166	 15210.0	 270.0
1167	 15200.0	 234.0
1168	 4716.0	 4844.0
1169	 11899.2	 4478.2
1170	 5739.2	 9127.2
1171	 12820.0	 7750.0
1172	 11894.7	 4475.1
1173	 4847.0	 4726.0
1174	 15168.1	 270.2
1175	 15112.6	 166.8
1176	 4946.0	 4637.0
1177	 4988.0	 4599.0
1178	 13166.75	 4894.75
1179	 15088.4	 3.60000000001
1180	 15140.2	 140.4
1181	 9731.0	 9633.1
1182	 9081.9	 1284.1
1183	 6352.2	 3374.8
1184	 15167.0	 115.0
1185	 5119.0	 4481.0
1186	 11202.0	 8737.0
1187	 13020.0	 7628.0
1188	 15177.0	 151.0
1189	 13779.55	 4962.4
1190	 7587.75	 7954.75
1191	 10691.25	 707.25
1192	 5270.0	 4345.0
1193	 5634.05	 6329.3
1194	 5278.2	 4877.0
1195	 14442.5	 4558.25
1196	 12026.4	 8025.1
1197	 5348.8	 4274.25
1198	 5391.0	 4236.0
1199	 13139.0	 7554.1
1200	 11884.0	 8321.0
1201	 13238.0	 7495.0
1202	 13819.5	 3623.5
1203	 1353.2	 12424.4
1204	 2976.4	 13193.0
1205	 5517.95	 5637.3
1206	 5617.0	 4758.0
1207	 5532.0	 4109.0
1208	 9940.7	 1117.2
1209	 8528.8	 3117.0
1210	 3286.2	 12417.35
1211	 5620.8	 4029.25
1212	 5720.1	 5675.3
1213	 5663.0	 3991.0
1214	 10431.0	 9206.1
1215	 10069.8	 898.4
1216	 13161.5	 4884.0
1217	 5804.0	 3864.0
1218	 5864.5	 6636.5
1219	 6392.0	 5945.2
1220	 5961.8	 5608.6
1221	 5963.3	 5610.1
1222	 5992.5	 5608.0
1223	 6152.3	 5833.9
1224	 5880.95	 3795.1
1225	 5892.8	 3784.25
1226	 5935.0	 3746.0
1227	 11644.5	 1922.25
1228	 4298.5	 12832.4
1229	 10435.6	 8804.6
1230	 9959.75	 1128.75
1231	 6102.4	 11746.2
1232	 5975.0	 3710.0
1233	 6076.0	 3619.0
1234	 5595.0	 9052.1
1235	 11415.0	 1363.0
1236	 4621.6	 12669.8
1237	 6164.8	 3539.25
1238	 6291.8	 4869.8
1239	 6206.75	 3514.5
1240	 11651.5	 3325.0
1241	 9565.4	 9625.0
1242	 4624.5	 12655.0
1243	 13292.0	 4490.0
1244	 10127.75	 8704.75
1245	 13780.4	 4957.65
1246	 6324.8	 3395.1
1247	 11651.0	 3312.75
1248	 6353.45	 4410.05
1249	 6354.8	 3387.3
1250	 10359.0	 362.0
1251	 6361.85	 3381.9
1252	 6606.0	 5413.0
1253	 6377.7	 3454.95
1254	 3930.9	 11633.95
1255	 6429.0	 3301.0
1256	 6355.85	 3377.9
1257	 6450.4	 4395.9
1258	 6450.8	 4400.2
1259	 2428.9	 9002.3
1260	 6479.0	 3256.0
1261	 5150.8	 7189.8
1262	 8772.0	 1842.6
1263	 6533.15	 4346.15
1264	 10700.8	 2421.0
1265	 2423.8	 8645.2
1266	 6568.0	 3176.0
1267	 6620.0	 3129.0
1268	 6645.0	 3879.4
1269	 10856.8	 1501.0
1270	 6656.2	 3096.1
1271	 3871.0	 9283.1
1272	 6937.0	 8424.4
1273	 7422.0	 8059.0
1274	 7427.0	 8085.6
1275	 7428.9	 8073.3
1276	 13962.3	 3013.1
1277	 7133.8	 3040.95
1278	 5682.75	 11968.75
1279	 7484.2	 6508.7
1280	 7734.0	 8094.6
1281	 7900.0	 7832.4
1282	 7910.0	 7675.8
1283	 5694.75	 11987.5
1284	 8092.5	 8235.25
1285	 8095.0	 8230.25
1286	 8342.0	 6293.0
1287	 7124.75	 4848.45
1288	 7676.0	 5707.0
1289	 6935.95	 4524.95
1290	 7030.4	 4358.95
1291	 6986.2	 4289.8
1292	 5947.4	 11691.5
1293	 5816.9	 8227.3
1294	 7005.0	 4308.5
1295	 7059.8	 4266.25
1296	 6751.0	 3011.0
1297	 8542.6	 3102.1
1298	 5949.0	 11571.6
1299	 6788.1	 2977.05
1300	 5579.8	 10742.6
1301	 8130.8	 4562.95
1302	 6850.0	 2922.0
1303	 6882.4	 2896.4
1304	 8286.0	 10126.0
1305	 6116.0	 11752.2
1306	 13796.0	 6146.0
1307	 13780.95	 4838.2
1308	 6380.8	 10535.0
1309	 15193.9	 2735.25
1310	 6256.25	 10248.75
1311	 7174.3	 11190.2
1312	 6990.0	 3481.0
1313	 4290.8	 12783.15
1314	 6828.6	 10555.3
1315	 10837.05	 1322.25
1316	 7010.4	 2777.05
1317	 6214.2	 10166.4
1318	 4296.05	 5980.55
1319	 10837.5	 1079.75
1320	 8438.75	 9735.25
1321	 10589.0	 9111.0
