0 222 5.47542190552 3.85519130524
1 32 16.9949576021 14.7767953078
1 272 15.8643491933 44.69199918
1 271 4.9347333266 66.6740204278
2 32 17.403008793 46.6163076802
2 3 17.7025963388 42.3090112644
2 15 4.53764035488 35.1029541666
3 26 11.5138778687 17.0945897874
3 14 17.0717352895 38.6770609858
4 174 3.14890287485 8.31567981056
5 52 4.31895451329 45.1281500955
5 37 4.98650971238 50.6893781189
5 39 7.9976470718 15.228746144
6 9 3.90920258721 66.6726057151
6 188 4.1286773298 7.62767394666
6 7 3.69223204109 23.7225321353
7 10 7.50675616006 15.9482547169
7 191 3.6740691237 40.469290599
8 242 5.0 30.4507799572
8 180 4.32487126565 78.1936012576
8 213 5.08686706307 56.0180718626
9 65 7.15683855918 18.7043953364
9 114 3.75685264845 57.261263667
10 12 7.08892840818 56.68326066
10 268 4.8002895019 60.152085841
11 193 3.46887520721 18.4692311697
12 76 7.65526485443 6.12147857956
12 22 5.0 50.4111594788
13 235 8.80584354696 37.7254463588
13 85 2.95838591014 17.8455176445
13 227 10.8150730133 6.14918693812
14 17 19.3295899302 21.1430250694
14 268 4.57936860105 81.8834175697
16 168 5.07341649045 9.40053189984
17 22 20.4170942386 71.7828563359
17 77 4.80139102028 57.2304333375
18 149 7.75520797578 26.8454403133
18 206 4.82555342821 9.18620882474
18 166 7.05330673746 22.0096964439
19 212 3.58113884926 2.82931087016
20 220 6.34422301296 14.0395184339
21 204 5.24209213257 14.1152399909
22 24 25.7395077252 47.8534517774
23 54 4.07889065715 37.0452519806
24 114 4.50542252457 51.18911017
24 27 24.5236511633 26.9129904339
25 87 4.20353701128 35.4018714195
25 251 3.74880578742 51.0301673285
25 263 4.32896983432 22.2431210441
27 139 16.0155315399 17.2199012773
27 29 13.3673822827 86.6055556975
28 225 9.18285815325 59.6726227402
28 82 4.52947132338 43.3386347287
28 229 9.3520326921 45.552818969
29 66 16.9828832483 25.5900300214
29 63 10.5773232981 107.794463947
30 57 5.0 10.8593277877
31 32 3.00912737658 52.5503568018
31 160 3.06658905322 13.2140752336
31 35 8.30663008546 7.79965054065
33 140 4.14568759251 25.7324411863
34 189 2.4925353442 12.2860637085
35 45 4.36296903616 29.7675271527
35 38 3.54305151018 41.5496089031
36 215 4.59386091933 13.9940189904
37 178 2.75163660831 9.72813626351
37 175 4.72997223675 28.615900997
38 171 3.47227855814 26.6071631848
38 39 4.15594049921 35.5092073414
39 51 7.69380349886 29.3802832592
40 59 2.52570326256 11.6026311235
41 58 3.27782008809 9.72940325961
42 52 8.26557299527 27.6585841357
42 77 5.11564325666 48.5270285511
42 62 4.54736897229 58.060208962
43 100 4.56318478764 55.1933756659
44 243 5.65685415268 4.1018288604
44 132 4.57904676767 86.5767000988
44 47 8.66227893547 7.21230730243
45 48 5.24209213257 48.2912000265
45 234 5.0 8.34640641234
46 257 11.923572641 27.4863318087
46 221 4.17891772394 67.4434209716
46 239 12.3188186045 19.5879818922
47 161 6.40253751863 29.5048328253
47 158 4.91789666666 66.4130787953
48 49 4.27218253407 21.5735382663
48 162 6.5517122777 18.3893850014
49 51 5.0 52.0985604408
49 222 6.77627527245 33.5864518935
50 199 2.79090076144 12.7264067412
51 269 4.50785374119 20.7675573444
52 54 7.05529569608 16.8719891559
53 185 5.09492925766 29.1138363221
53 68 5.00162102447 83.4482624145
53 79 5.05732144973 20.5237068903
54 90 5.08071229098 114.597008735
55 202 4.45681907262 41.4279193298
56 104 4.18478334848 14.1438754695
57 61 6.86007694738 28.048679623
57 77 7.1938702226 14.5886808164
58 59 4.302775383 16.4468842034
58 60 3.27560260424 8.35033617959
59 61 3.86005707868 33.754314879
60 69 4.28846773279 8.11838945066
60 71 4.2426404953 3.84187454246
61 62 4.4777632177 25.8125422107
62 72 3.67906296087 34.9258142353
63 72 8.48835999824 28.3120077663
63 231 4.48320045783 46.5493312049
64 233 10.9086540009 44.3276890822
64 101 3.88329695472 60.9363226116
64 239 10.8637130537 56.6340423086
66 187 8.6635506814 146.242241821
66 67 17.2506904635 18.9305354709
67 80 16.4695842772 28.6922116721
67 148 4.8691733636 90.1672057901
68 146 3.34529980674 26.2761123262
68 195 4.81575043789 33.6301334728
70 174 3.98794737374 27.4965030134
72 185 9.53652312811 115.64571568
73 192 4.88064684096 23.3805474701
73 126 3.770820913 32.9420308824
73 119 4.53655249516 6.0219996386
74 101 4.22091073563 25.8332698646
75 103 4.61720754679 13.3575821165
78 263 4.40601752682 23.3530742581
79 200 7.73802283613 6.0103986447
79 109 3.61691520889 16.0413873205
81 82 8.09584738071 17.1589053451
81 84 7.91684070183 14.7024435121
81 230 4.07981545882 58.8654976315
82 89 4.52936501158 33.5655302403
83 192 7.2057896314 20.9942421753
83 189 3.93023572162 67.4693868332
83 198 7.01902099306 36.0862085484
84 165 3.92954125145 71.436783879
84 94 4.46999547611 34.4380955512
86 89 5.17471605514 27.8693975074
86 210 4.19267443353 25.9397860438
86 211 4.58113861084 7.78154868905
88 96 7.40274190883 58.3324787946
88 237 4.79425985475 45.1998936902
88 102 4.91487520872 41.8807831827
89 92 4.49729706477 29.4716939976
90 196 4.76255890434 24.8560697958
90 222 6.69286880786 29.0335005813
91 205 5.0 21.5305016198
92 94 9.66206124132 18.6258100706
92 97 4.78074772148 56.1300498842
93 207 4.66251015059 10.881136656
94 120 4.19359950875 73.1974918893
95 235 4.35376731909 25.4831455311
95 181 5.19258213043 9.69562620998
95 182 5.8541021347 4.98196748283
96 98 7.95546296441 24.4780726475
96 99 3.87651623507 58.9778066064
97 120 4.38371057552 38.3402203958
97 98 7.46532574831 25.1951477761
98 122 7.05407166534 59.9050809187
99 102 5.00139320129 42.6167826129
99 190 7.43427944183 6.28012738724
100 140 6.82132027723 21.811246236
100 143 5.18994439053 33.525661813
101 102 5.98459665535 52.4471834055
103 112 9.0501797775 67.6566380379
103 239 8.15252276805 67.102872554
104 144 5.04650056531 26.8909836191
104 143 8.74413776398 9.01483311709
105 149 4.27531642437 11.1256461352
106 114 7.35003043954 25.012291024
107 108 4.52368367329 45.5180184103
107 116 5.0 52.3034415694
107 257 4.27870703234 88.0021201973
108 115 5.05608046763 65.529401798
108 255 4.03701871557 71.868471477
110 208 7.03903363477 14.0760980033
110 155 7.03803625393 24.7422787733
110 261 4.45630901602 20.2371941071
111 179 4.43473706006 17.9994226473
112 113 9.159808013 19.3235847447
112 131 5.00916359643 72.7926507279
113 116 3.50131706589 38.8805904572
113 134 9.2024582762 61.9065085333
115 117 4.18975210837 35.2014559358
115 135 4.66159048791 84.000372023
116 186 4.85691769395 37.1899619969
117 136 3.76204744924 100.794038706
117 166 5.15662781762 37.9380086457
118 225 7.28093129165 56.4786611409
120 121 4.49527193002 32.7776219394
121 224 4.31284890504 6.69809784951
121 123 4.68185090398 19.8176843481
122 264 9.68748017122 10.3423843093
122 123 4.26882547054 42.7065659107
123 238 4.11222967847 8.9169273925
124 264 9.90832710266 8.43756481457
124 128 6.94751735099 43.4142604564
124 142 3.90505182798 38.3925634232
125 227 4.78808674739 16.9470498908
127 228 3.49013616112 54.646772254
128 129 7.28146997058 29.6745945709
128 131 5.14205809637 40.3622657937
129 140 6.58078682963 37.4642936868
129 142 4.66135520995 85.0994682945
130 143 3.34039848796 10.2730725545
131 259 4.48496319783 38.3838507709
132 272 14.5961097341 26.0790135054
132 236 15.4180948668 57.412150015
133 184 6.91547584534 6.12943716829
134 144 5.06569984158 45.8911756223
134 135 9.93388441187 26.631172702
135 137 8.63779133642 33.0967816734
136 209 8.78883950137 86.2553507754
136 137 10.4628887177 6.12882533607
137 145 4.48824925525 33.4097665361
138 190 3.35058895564 39.6376084041
141 262 2.48376413057 9.42443632267
142 246 6.2981338501 5.00399840128
144 147 4.6239451852 33.0436075512
145 147 5.03340400004 57.3171004151
145 173 4.63043135917 34.9214934409
147 169 3.8781181424 21.0583450541
149 258 6.73693707366 27.914374048
150 179 4.83766190022 25.8313982595
150 253 4.56295629569 90.2456178069
150 151 4.85805886799 23.9800071778
151 157 4.64325170967 66.1517945225
151 167 6.47399507649 56.2452673528
152 232 9.71457563929 23.843970707
152 235 9.49447351292 28.521560729
152 164 5.0438737667 76.3103460818
154 265 3.96488552564 74.1176859159
155 168 4.4413884463 52.6673523162
155 167 6.71188890034 33.3603048409
156 228 4.3701183799 73.1560957978
157 177 6.74024755463 28.9209538946
157 262 6.90160427692 31.3425838355
159 265 7.32820963396 26.6965670198
159 172 4.64604365516 60.056646638
159 177 5.07600807688 28.0577651784
161 194 6.53112888336 5.71948424248
161 163 7.23213449582 41.5350878038
162 256 4.12423055849 9.21685036537
162 164 6.57824830156 55.5527563584
163 267 4.03884363174 8.0956778592
163 172 7.40400366414 29.469303932
164 174 3.74238165967 22.9283307697
166 167 5.0 23.2596686675
168 242 3.88602621087 54.1194394106
170 208 3.8113651388 57.1688086838
170 252 4.52552859517 9.35481866606
170 213 4.27667828793 26.3091081017
172 180 8.11091609448 20.2450564732
176 223 3.70144897444 13.6028329849
177 242 6.87616506598 28.9990122913
179 258 4.02881968503 44.1889409242
180 232 5.04975594657 51.197717225
183 270 3.0885476496 10.8061325182
184 250 4.72206702916 46.9004264373
184 262 7.36485064524 7.47458234863
185 195 8.73414034304 89.4357583227
187 192 7.06393709171 22.9204300384
187 189 3.6066874939 27.3562941412
190 264 4.37099473425 64.3412813035
193 241 4.8205295274 37.2730800981
193 199 4.56437092628 71.7477700002
195 196 8.42397908851 23.1949156812
196 227 8.13744127417 65.4360932338
197 204 4.53237056637 81.4024723212
197 270 4.38887505838 71.1227108595
197 207 4.71732074145 29.7632743494
198 200 6.29986919696 40.5447604203
198 226 3.86959191665 36.8028209549
199 202 7.5030930998 44.8012816475
200 216 3.53553390503 9.02441133814
201 225 3.92209311639 16.0476770968
202 249 4.72717208812 63.6206693753
203 266 4.84415721893 7.41114026314
204 205 6.45275732174 19.5748555296
205 248 5.12781725382 61.0740936309
207 236 4.59556032284 47.2923090999
208 209 4.29290994487 48.0831831309
209 240 11.2606773376 7.28868986856
213 214 7.52578724018 21.1465538574
214 240 9.00800355745 78.6715473201
214 215 8.03059482811 45.735622386
215 217 10.6700939303 7.0838658378
217 218 3.7836380863 35.4028616015
217 244 8.53537570725 54.7492218745
218 240 4.18407158552 172.161176399
218 244 4.2142614554 106.992880552
219 221 4.96344327825 46.3740784227
219 254 6.39895746692 31.346200889
219 223 4.81144927253 60.5108461352
220 241 4.23571679655 41.2001991578
220 221 4.78611962235 38.0272531429
223 233 4.11521691154 42.3388691519
228 229 7.80132212075 18.9824563159
229 237 9.78470643925 72.5661831241
232 244 10.7959643082 12.8389053843
233 237 10.4400689793 43.5067982051
236 251 14.8790613608 30.69480753
241 245 4.37292992938 58.1500859845
245 257 11.359249354 38.6128056998
245 255 13.1300607512 21.1244989462
247 258 4.11355463634 40.4201802543
247 253 13.1758505888 78.7272597549
247 255 12.5050930837 62.051136091
248 250 14.6536656637 15.9471741554
248 251 14.1348860271 46.8187269444
249 250 13.2086482176 36.6913238409
249 253 14.4462223053 7.35272058493
260 272 5.23056501304 17.2210512651
263 265 4.41798518865 28.6582717838
266 268 4.77414792385 72.8821145545
266 271 5.06401478847 55.3445549849
270 271 6.47759719357 25.5725092289
