0 2296 5.78091705003 18.2448867965
0 4 5.39351689034 27.0900360882
0 102 5.32577952551 41.3985084443
1 2296 5.51040658149 50.6436558992
1 2290 3.16390853058 30.2831269346
1 86 4.10656364948 7.30419884428
2 2250 6.28133759353 12.4588269483
3 2291 7.94286091447 70.4826239004
3 4 7.10046058722 38.2385766231
3 30 6.37343583497 113.815214246
4 6 8.35810450042 22.8914518231
5 736 6.11560907048 6.59030450356
6 8 6.16575891544 36.3847310938
6 149 6.30064084433 113.524498966
7 8 5.80616797128 30.5827106031
7 12 6.01755848506 81.3638551114
7 21 5.53451077681 28.1618519971
8 9 7.41882428773 50.0154840615
9 34 7.29929697115 40.6878379028
9 323 5.20564236566 25.0684560199
10 2192 4.71584239791 56.1637941572
10 49 4.7476363633 33.1255141268
10 167 6.48219551478 21.1557324734
11 2272 5.36666128451 31.4847777302
12 13 13.2369202694 19.8453540469
12 2294 13.6144479037 96.8070031998
13 49 7.15340165999 64.1580080738
13 22 13.566243438 53.4136838219
14 1825 5.5621492152 59.5099435743
14 1834 11.5 2.66270539114
14 1822 9.07046065072 111.965850026
15 208 4.21770416392 9.73035039694
15 185 4.52031173179 6.8209269882
15 16 5.09510572209 35.8974469789
16 2195 7.11126502268 73.1726727991
16 20 5.96705762655 55.9518730107
17 194 7.26094189014 10.4751986755
17 1852 4.53847055708 43.3246005099
17 2198 6.58842961174 98.3440679608
18 709 5.89245473708 62.5224952878
19 26 5.67435011443 56.7283753887
19 20 7.41216927848 25.6790376301
19 78 8.12005077858 75.3589061195
20 99 6.11497955733 66.6532167025
21 227 5.31787164582 30.7053401007
21 245 5.1279278779 10.9086652697
22 99 13.7602505282 72.833288873
22 23 4.65285924197 53.9432854968
23 35 7.49002059649 80.8034058989
23 27 6.45833032087 74.4685400113
24 388 3.89454990003 55.3310768746
25 99 13.310353745 26.4109357488
25 115 13.131726707 104.240113532
25 29 5.74705613915 71.0122059173
26 269 5.53805620878 26.5527244704
26 718 3.65383783295 67.6062846948
27 52 6.82026392048 67.2155441474
27 29 4.70017099647 52.5398215881
28 1084 4.47925938665 46.5018803795
29 1818 8.3772611618 5.52268050859
30 2281 11.4108886809 107.899251081
30 149 11.0450280147 66.824698331
31 1086 5.39834594727 3.15634282042
32 33 5.30798753815 29.2347500186
33 2282 12.0558917255 81.3679563132
33 38 13.0884813155 44.8324638139
34 35 9.05276275618 10.2643716128
34 325 4.46851929946 46.1255648556
35 327 6.9530582428 7.22305337098
36 1848 4.06348170267 13.3635225479
37 329 4.74824945027 25.5857322844
37 52 4.82390643365 43.8187373478
37 45 5.91815113193 56.89989559
38 310 6.5427967315 20.226252102
38 39 12.7740747273 32.3709648935
39 50 12.5721076672 226.182310644
39 316 4.46724596691 49.8100247464
40 408 7.11890812684 32.2179146719
40 406 6.1493270901 67.1878318348
40 446 6.11641197067 38.0881941189
41 2280 5.37676017133 36.5422041072
42 1479 3.82228123995 37.2272350287
43 89 3.70928418956 21.8569464577
44 489 5.56998813013 128.578404096
44 475 19.7386026996 122.988240476
44 487 20.0787307751 33.2566938878
45 321 10.805882867 46.6017844985
45 51 11.5115952324 37.9887428322
46 1088 6.41547584534 3.0103986447
47 2282 4.62432942118 71.3207523451
48 499 5.95322224417 51.4064625485
48 333 5.23015795153 30.5873525831
48 1895 5.82267998426 7.74996799748
49 2188 8.15945825914 74.7730100246
50 65 12.3576470831 83.6297865629
50 55 5.68765736559 62.7189747965
51 340 4.98335154496 47.9215391354
51 149 11.1857113061 110.323463652
52 53 5.68584666739 25.7541023093
53 321 6.58730602432 61.8182243575
53 57 6.80834530198 52.5263696397
54 404 5.95520179634 99.6271806256
55 321 12.4083934553 11.4762416267
55 67 11.5729936755 131.774487169
56 745 6.14005470276 5.25594901041
57 1818 6.92954259703 54.8033251031
57 61 6.45533441815 25.1690728151
58 61 6.25829723 21.3140635467
58 421 5.00003881462 59.7264319134
58 341 5.87409170875 32.351938188
59 1323 4.93524074554 5.16236379965
60 409 4.01287099707 51.2097995981
60 61 5.92800631686 53.4486172443
60 439 4.28506378724 94.1771055272
62 744 4.0207653427 34.2006265884
63 1815 6.41665054939 32.7322650786
64 1855 4.21099783068 48.0356156777
65 456 5.62883362195 46.6378629459
65 412 11.6419762739 75.340503155
66 745 7.28010988235 4.6760025663
67 69 12.0990685737 28.1279791679
67 198 6.58137792949 79.3170186549
68 1815 8.27376937866 3.5089172119
69 209 12.1035640294 46.0855618637
69 412 5.6708274075 67.7034654353
70 2290 3.72330930811 8.60172357195
71 72 8.12354781325 68.7603139549
71 1952 25.7945326214 70.2772370473
71 83 22.7974584545 92.0960458743
72 73 4.60325128865 49.6961617993
72 91 8.53818278663 83.6691671943
73 81 4.59715204045 62.1413039897
73 276 4.91506863921 37.8498182829
74 1481 3.63685928173 39.8148802904
75 276 6.72482296266 39.677294965
75 76 6.46848264889 18.6163373089
75 79 6.98370448184 70.3159155734
76 512 5.02448380842 41.0003069734
76 569 3.29394876961 24.7531817029
77 2161 8.3929814465 113.981809493
77 78 7.92796928593 40.6286043995
77 79 6.14375163356 42.0168119752
78 107 6.52606067079 90.3213622909
79 706 6.89010805624 129.698867323
80 1485 3.20929401766 48.0414393733
81 592 5.90340231346 26.9480736022
81 82 5.3432789639 66.7903740972
82 691 5.54166509739 52.6635738482
82 593 5.09908514697 57.660681911
83 90 24.3514814529 67.3845673513
83 2007 6.12101429171 145.973618056
84 402 5.15001263144 79.5581330301
85 976 6.92811373092 23.1088616298
87 400 7.19711321504 68.354715274
87 438 7.93139610471 100.267053825
87 407 8.38546813154 96.1191578199
88 144 23.2109050908 63.6764752031
88 90 22.9669507839 64.8202927053
88 103 6.5077548391 117.820191541
89 1849 5.83532278932 14.4574329016
89 1847 4.10616494954 38.9230809941
90 132 7.601579178 118.890392658
91 624 5.0135008885 38.9442428991
91 122 8.80339123024 125.026269957
92 672 5.03004475086 38.5907824637
92 664 5.35450314733 8.16515879618
92 640 4.47422628614 32.0802792959
93 440 6.77050240167 10.5883486475
93 168 5.12785275802 72.5190226824
93 436 5.4254731798 32.5337075337
95 2296 5.30305344017 6.69012349397
96 1099 4.55988755709 15.8678514794
97 1112 5.60868021649 119.227834156
98 640 8.60088443126 10.0182031093
98 100 6.53476996418 26.475549246
98 101 4.46784070085 24.5999335922
100 121 6.25591857894 65.9135664567
100 677 3.80978542826 17.0518293918
101 705 4.9203001273 45.7079831227
101 695 3.05121306662 8.23862460003
103 125 7.79227168221 47.3949286271
103 711 6.40685041315 11.1434245892
104 112 5.76727166861 32.1919086734
104 680 6.00709474195 53.1796629406
104 107 5.16636320306 36.6190994205
105 402 7.41948771036 21.2112801736
106 1495 3.94029862596 64.2363418435
107 115 5.41651361983 97.0478699642
108 1257 4.49673525582 25.2835532494
109 120 5.97571897023 54.8952255687
109 706 6.49441661333 62.6361987339
109 691 6.96644387728 28.273153286
110 706 7.70141163117 19.6653976875
110 116 4.77501042171 52.1547861474
110 117 6.44747649122 120.252178839
111 736 5.52957451785 9.41640009207
112 784 5.07183096206 11.663598251
112 116 7.81534089108 6.92695526217
113 751 5.53899766185 33.5280267669
114 1849 5.07829078808 71.4725825344
115 117 13.9891944225 67.4536638059
116 788 4.93515412704 44.945130942
117 201 13.8496623416 57.5934596965
118 1906 6.35955683415 47.4970393768
118 463 5.02414463367 23.1548214131
118 1959 4.78197413921 86.9309093854
119 190 6.88668022801 59.0456776455
119 438 7.43396072364 44.7675574876
119 431 6.23852708803 93.7137046698
120 122 7.94106063663 25.5178300589
120 123 7.7674240325 63.9171814537
121 122 7.32989969647 21.4574473621
121 125 6.20242007173 78.386093064
123 128 7.94321487381 87.392298409
123 813 5.66258058344 169.247893458
124 1101 6.80116271973 6.63701740242
125 126 6.18418329704 44.6531451522
126 169 6.24526668958 60.4770168061
126 166 5.95821861478 34.3695228654
127 1360 5.87008581489 61.5653750471
127 202 5.36409465554 98.8991496033
127 131 6.04389090024 26.3330555524
128 130 9.92442893982 5.94138031101
128 131 4.78272468272 38.3023320177
129 169 6.43574829157 41.633416508
129 130 6.0274017211 60.6071223122
129 175 5.31760729177 39.7518290182
130 221 6.66409196272 75.9984182255
131 851 3.644696754 34.691792444
132 136 7.83706223604 56.8160176996
132 2010 4.88183285299 28.4952737275
133 751 6.38550841869 18.3117922184
134 561 4.83609592103 60.4700012793
134 889 5.41095471975 51.016653851
134 847 6.65633229032 32.9711852772
135 1102 4.14465791839 27.6715129576
136 140 4.79899111136 118.942342621
136 2014 8.25622572587 38.6768294781
137 1470 4.8981460053 72.2455154026
138 899 6.28164205761 15.6899656547
138 140 4.42810976714 33.4690004637
138 903 4.22606580295 17.402873816
139 913 4.92528790869 7.91052166897
139 959 4.4590303925 39.2809654269
139 151 3.72629972042 34.5979833379
140 141 5.93313531586 15.4364323842
141 144 5.97659763935 115.359228331
141 2029 5.90529440458 108.111199075
142 1864 5.5778488268 13.8180530419
143 1103 3.90919693885 31.4982753819
144 860 23.2264961948 60.3325211797
145 1864 5.17025294025 68.4125558028
146 405 5.65562595909 14.0181180241
147 860 21.4158206714 32.2864902531
147 153 6.16612416298 174.056492275
147 180 22.0468972075 77.6546242663
148 1024 5.67390783028 43.8025453087
150 963 5.28283073441 13.4678970747
150 2036 4.82714843787 47.8806002384
150 151 6.87259687551 99.4431301374
151 919 5.13493898382 57.8718338414
152 153 7.0653773382 52.6024432232
152 978 6.77200174332 6.50422939325
152 154 6.41432607012 77.5062282139
153 158 5.30115966297 30.9677932144
154 2036 6.48773614236 30.3705260871
154 157 6.12097703164 30.9914492888
155 163 6.08016176564 60.8965894836
155 380 5.25304146157 58.2008450346
155 157 6.26132248199 77.7934375019
156 1001 5.02677032207 41.2164815214
156 1363 6.56490801525 63.9012365657
156 956 6.19949866858 47.1606445726
157 2037 6.66670118161 50.6546814436
158 162 5.32144157972 58.5779868661
158 159 4.98060756655 75.5397049173
159 1017 4.3110908028 6.38193057447
159 950 2.99847673395 10.9122774205
160 162 7.23981694083 111.040103259
160 180 21.4338980095 48.7736798501
160 182 21.7432006333 90.4345793094
161 164 2.46407528011 2.43039405043
162 165 8.11552540461 69.6907685622
165 387 6.82368301028 96.2032900787
165 380 7.52510824104 57.3136239355
166 938 5.99019486926 81.3134830368
166 947 5.56356945389 27.0509001458
169 170 5.19229789692 55.0571883055
170 947 5.07903261203 45.765366856
170 1575 3.2462868915 21.9026251366
171 986 8.27794806294 108.032516688
171 860 8.02075982273 207.460038075
171 173 5.02000216705 59.4009103579
172 1097 4.64507572728 14.5582546397
172 1098 4.34362179699 8.15168517693
172 173 5.41874717307 49.7160082937
173 1164 6.9290817384 12.0667462064
174 1110 4.12224358605 22.9870667422
174 1118 5.35374930752 10.6781530398
174 175 5.73444972407 38.9089165783
175 177 5.42301372738 48.3250213958
176 177 6.56055960342 14.9408985812
176 868 5.37508180353 42.9473540922
176 222 5.19455092196 37.8612424784
177 225 5.48903132638 46.3740559084
178 752 7.16142051997 146.630135212
179 272 4.56961440698 55.9019049983
179 187 6.16925950431 86.6576241792
179 279 6.62245908829 20.1127994114
180 181 5.92558311374 96.2155661299
181 188 5.39903351921 181.965974848
181 187 6.99657031479 93.4551267547
182 189 7.80919500725 169.913412873
182 183 21.8230956231 34.542545119
183 386 5.79745686731 137.33751609
183 389 21.2644277783 72.0732695833
184 1865 4.44414184937 45.6374851378
186 192 5.50788005245 40.2431185116
186 1258 4.68580317364 67.5410239436
186 1212 4.58384434343 36.1933410666
187 188 5.30909511616 33.1396947235
188 189 4.89958617685 48.5935109102
189 287 8.65124458185 69.7567334437
190 401 5.37193899883 80.5631046035
190 453 7.564301981 44.6850332409
191 1111 6.73355197906 4.14849370254
192 193 6.72810843508 39.8222715828
192 389 5.6167700643 87.7474488495
193 1626 5.47823251435 96.5953468366
193 1463 7.04380769953 78.4553268844
195 411 8.09717307006 10.3186564245
196 197 6.09340619724 26.017595406
196 1294 5.78133046272 8.71356119579
196 1293 5.64593018037 9.27140219929
197 1301 7.97213602066 6.45697297501
197 199 7.08223370983 29.9039979822
198 341 6.71850537647 58.4344108844
198 199 4.83487489089 31.1870307031
199 200 5.19610418079 23.6398925089
200 1339 6.73025080765 36.7407539944
200 1325 6.72336244583 3.90512483795
201 202 13.2595288124 93.2344085674
201 203 6.6686452197 102.752486185
202 223 13.4565901469 83.0716527818
203 204 6.32828138776 50.1830962543
203 209 6.551578734 108.011554766
204 214 6.19740888265 68.4369055185
204 1334 6.32305496495 59.3825679978
205 1869 4.76213362844 21.9727855928
206 1477 5.84855623898 11.0197163823
207 211 5.09048665013 11.5571486365
209 210 12.5727112262 13.4612563498
210 1346 8.60327720642 12.1037184369
210 236 11.2894595738 76.3868485899
211 212 5.5 4.0718546143
211 214 4.53288207354 58.5922437925
213 768 3.6121680598 57.1272232776
214 217 4.3620903151 28.2408213111
215 1869 7.14005470276 3.5089172119
216 217 7.02040750586 56.0827232751
216 1338 7.6988570919 51.7612302469
216 229 6.49118683995 45.143190455
217 218 7.88978152701 11.8690465061
218 236 5.873113622 54.3435955251
218 241 4.88022493473 47.6193332495
219 466 6.24412941651 88.3045605173
219 453 8.51969535739 13.6137017694
219 477 4.639228735 158.623623941
220 1527 4.61512153662 45.9539616552
221 222 4.95059301395 34.7640045994
221 223 6.33346995896 86.7113184487
222 226 5.34238539505 60.7669617659
223 224 13.7978801727 7.28868986856
224 232 12.4289556519 102.245224233
224 229 6.14838035892 94.7704067295
225 986 6.51513719359 50.1492556421
225 1285 7.20804014076 55.1775355796
226 1369 6.37638287403 15.1885901487
226 1285 4.67327343058 43.3862401646
228 1425 6.83532766979 20.9137123871
228 1226 6.73609615085 61.9408596975
228 1027 6.33854449319 7.16327405869
229 242 7.56962061123 56.1610538931
230 231 6.73973425024 35.3305981862
230 1380 6.39295181235 10.9098960474
230 1383 7.28189296344 8.9625332084
231 256 6.29509553499 38.6226059043
231 243 7.42309893686 54.2958096345
232 233 12.7787249399 51.1275050381
232 1285 5.97847132855 92.9131742238
233 234 12.3918045685 18.7775084044
233 261 7.10657177039 113.221970288
234 275 6.61246762201 78.4176667465
234 286 12.4999615699 141.834933363
235 411 5.20819063945 69.581721847
236 237 12.4502825942 11.9010873065
237 1353 4.74185128969 60.6966273846
237 246 9.07787916702 108.715629656
238 1395 9.0 13.1244047484
238 412 12.0179398262 63.1895741444
238 239 12.4645581906 38.8256556974
239 1353 12.1376581425 42.5568355808
239 1402 7.08026436549 19.5659155418
240 1477 9.23494377126 7.39298451301
241 1409 5.19921200363 7.38174699367
241 1358 5.27974513492 35.0836885688
242 243 6.32570431114 37.348427128
242 246 6.94705967842 79.190742438
243 252 7.05706245709 43.8686079419
244 1417 7.06740283966 4.14849370254
244 252 5.6513824763 23.6953657783
244 1430 6.82060050964 4.57739008606
246 265 10.8847779494 134.046788318
247 1904 6.16018157367 76.7795598269
247 1916 5.21873582045 33.4602046268
247 1911 4.71777324088 62.6449812786
248 1353 12.044272437 81.8036623661
248 1422 4.29329150161 34.3246488467
248 249 12.1348104954 34.4118103929
249 1427 5.76317110692 17.7765824299
249 254 12.2648598802 104.524310182
250 1123 4.4406875396 26.7055014412
251 766 5.28645128534 9.14577441978
252 1431 8.10977172852 4.94191258523
253 1231 7.29936970218 15.6750562911
254 1434 7.71206187932 17.9235638238
254 267 8.36388265323 42.5616138977
255 769 5.75107192993 6.37377439199
256 1391 5.66792177643 7.16817801068
256 1438 5.14366580248 15.3370518844
257 1119 5.73359466345 6.07801277433
258 418 3.99742260432 21.452703983
259 1449 6.0 9.54620343383
259 1450 5.72300237803 23.3249874596
259 260 8.97213554382 4.43001128667
260 1452 6.8712830732 8.74682278731
260 263 5.34412569995 49.402879278
261 265 7.04935460834 88.9696707311
261 263 6.83774124075 61.9706624025
262 769 6.49148453172 27.6334058792
263 264 8.4461883189 14.4697922775
264 268 6.24362363285 51.5065740272
264 309 6.29620817302 53.680341849
265 271 9.28128720209 150.26619713
266 1455 4.50576337888 4.4825424421
266 268 3.70451096995 28.7805979733
266 1471 4.30487145737 17.7688837141
267 320 12.1777238122 175.801980948
267 1474 6.76256430261 18.0499566918
268 1487 5.33830928802 5.2404675364
270 1121 4.17303995104 26.3028901923
271 314 10.9057558676 52.4269908999
271 1494 4.84267600577 19.7650526835
272 273 7.82103498865 34.6189314562
272 986 7.32974830812 36.2721034628
273 1504 6.72966979394 13.1008618129
273 275 7.54839558856 77.4973975988
274 1121 5.68442337376 25.4376078646
275 281 6.84687187546 187.152148774
276 1950 6.64203454991 157.300453457
277 1561 7.06740283966 4.17612260357
277 278 6.46217303633 12.3939819475
277 279 5.2041900272 70.9708475697
278 1534 4.09574855275 28.8060401787
278 1519 3.62146735966 21.74432428
279 280 5.0188908026 29.0680650952
280 1241 5.07568055507 52.655431713
280 1557 5.81950257822 6.51095902197
281 288 8.47877347453 82.2661584826
281 287 8.30219341604 40.8058654323
282 764 4.30454847471 108.39167759
283 1590 4.23357436035 39.3059480195
283 1766 7.4442024231 3.92173431023
283 309 8.86488908888 8.52761412049
284 331 2.95821091963 9.93239220393
285 328 13.0457370214 116.215381171
285 286 13.1917908843 34.8689565296
285 311 6.62130084157 137.995617838
286 288 7.58811005094 135.6035763
287 291 6.08796943791 63.595051097
288 298 7.04834765427 33.3210502082
289 1648 6.2981338501 5.04232089419
289 291 5.70914295143 96.0023463213
289 1651 6.1604522479 7.24031411216
290 307 5.97717215851 44.4539429646
290 1878 6.38877845165 42.054872299
290 1879 5.69011388953 46.3157844156
291 1463 6.32927390845 29.0889517629
292 1885 7.33107516947 13.5175271637
293 473 5.38658764257 147.127356679
293 305 6.58730916918 113.910919574
293 1463 6.39705923167 20.9016664568
294 1688 5.59016990662 6.45174395028
294 1305 6.44457079728 51.5386968032
294 1505 6.20954421073 67.1576714217
295 297 4.08952152244 80.3035585271
295 298 6.25385347009 35.745049654
295 299 6.67504252242 36.3694748121
296 466 8.2337187718 41.0062626835
296 462 6.90597077243 90.2719677664
296 470 7.64694536641 35.7583981591
297 299 4.99186513889 32.7000063145
297 1710 4.68588795253 9.14437846845
298 305 6.61328139973 55.335279588
299 300 6.16222456098 41.5598639011
300 1717 7.07559865979 21.0959791865
300 302 5.43616385615 61.624720227
301 1458 7.94275265384 227.593809137
302 1513 5.18767225606 35.3533256905
302 1505 6.88773918932 84.9067096159
303 1505 8.77200126648 8.00499843848
303 1724 3.93505533025 16.0084860715
303 305 5.72028798999 28.0785451875
304 777 3.96473811375 35.5994954316
306 1489 5.77912634217 23.4435272137
308 1887 8.23054885864 6.78122407829
309 1760 5.32680294253 62.1294860861
311 1769 5.0 5.85
311 314 6.05882604586 56.327118632
312 1699 6.05448864456 146.150273451
312 1558 8.70443986946 22.6069942282
312 1783 5.67735138933 55.9184509917
313 424 4.19803994096 37.6089852576
314 317 11.6250462476 23.6772665064
315 777 4.0617599896 19.0737905811
317 1558 6.68465920435 81.0586857384
317 326 9.35318851471 108.542675939
318 1490 4.04830967149 28.8816535484
319 424 4.86244051848 5.53152716825
320 1809 5.17409830439 27.3646717779
320 1586 13.2387512942 38.7103580242
322 1840 5.54893886768 36.2111480964
322 330 4.22704308601 39.3448214389
322 1558 4.93208783678 36.7085527633
324 1248 7.35999708552 109.24887597
324 1243 6.41153280591 23.692588888
324 1230 6.85267489803 57.1718006165
326 337 5.99149598273 53.0108506109
326 867 7.86308053796 868.720449857
328 1513 7.4782225439 71.8870973193
328 335 12.6871335719 138.400978806
330 331 4.630957151 13.6271524801
330 1874 5.66227769852 4.96487663492
331 1843 3.47689665718 40.2196781085
332 717 4.389873581 78.5563799775
333 1888 5.06058147703 14.4922204744
333 1901 4.31146734764 21.0774322654
334 1092 6.14005470276 5.57135531087
335 1962 5.5606004891 73.4141975718
335 510 12.6380325891 64.2657075967
336 1126 3.74570206836 51.2974151667
337 339 4.65516978493 27.4534307539
337 1699 6.98911394766 44.5013694929
338 1493 4.91633397264 41.5895648574
339 1104 6.43397808075 4.03019850628
339 1939 5.06449508667 3.31436268383
341 796 6.91059042063 31.5133970078
342 1953 5.86274563875 30.9264067838
342 1699 7.31843722805 22.4470837929
342 445 4.28593580288 61.6805851034
343 425 5.44177143399 69.2016100503
344 1897 4.28181238258 31.0869827969
345 1896 5.707239653 26.1183143029
346 1992 9.29646878876 58.6685605755
346 369 10.4164065947 143.777763344
346 2025 5.78561100633 67.1103374486
347 793 3.70893091612 12.2622337932
348 2008 5.97971493275 34.2713859273
348 2013 6.46826822962 12.3464301243
348 350 6.3074806415 32.4483207917
349 368 7.84556406828 117.877417242
349 1773 8.25255389329 82.7222130549
349 350 5.70041827206 64.9050838128
350 361 6.22419463457 73.5449652293
351 1127 4.03454093397 31.7735980998
352 354 4.29352828757 25.9659182894
353 2032 5.36258214567 51.3235168709
353 2025 5.85722143406 40.0872350826
353 354 7.05767357136 14.0050782477
354 356 6.49496918924 57.2234477321
355 356 7.3397323828 35.7964599068
355 357 6.41913740083 38.0093238356
355 2037 6.65355433266 41.0185626619
356 359 4.05974976057 48.0458670273
357 378 5.89716568657 68.0838287844
357 381 4.81874197084 44.2378652794
358 1172 5.76740833567 67.9600681659
358 1253 7.8130558588 150.302365069
358 1270 8.94643536197 99.7257603815
359 2091 4.54067987207 16.919970031
359 1366 3.98494077123 34.8153480561
360 1128 4.26685126992 32.8729148197
361 2146 7.2840218544 5.18844870843
361 1893 8.41676988282 10.1575081089
362 1499 5.5413813591 3.92937654088
363 1499 5.88839828473 7.13116917934
364 1496 5.02651485168 48.0548748978
365 1264 5.26564249002 47.1418015019
365 1259 6.3828045637 59.0878237675
365 1204 6.62514619535 29.7462253311
366 1500 8.44587516785 11.7733809927
367 789 4.49922226134 16.8411257517
368 410 8.16244110835 129.601981466
368 1893 5.36388151336 104.655284879
369 376 10.0796207738 147.608754314
369 381 6.95604553428 144.915189238
370 789 5.27744960785 4.67600256629
371 377 4.62662701323 120.045587069
371 2206 4.85355350858 5.41190143031
371 375 3.9313348775 42.3195994305
372 2202 5.00505776338 22.4790770784
372 2197 5.57906420201 24.3620718012
372 373 6.22489950991 25.6390359499
373 2236 5.41938386418 14.4319686388
373 375 6.3049678346 23.4293346301
374 1501 7.05810008941 7.50437513366
375 377 5.90496665266 25.2752905191
376 399 6.15169175776 97.8227615429
376 415 10.3088984443 80.109799936
377 399 4.50028177905 25.2975574342
378 2259 7.03112888336 4.03887360535
378 2251 5.99724461925 29.0569222139
379 380 7.62600472325 61.8002654976
379 382 8.5915300466 49.4272192218
379 383 5.16056243149 59.6956115873
381 382 8.0587925878 47.7410543052
382 395 7.05779964151 99.3351316108
383 384 4.20336694154 58.1913273747
383 2285 4.88353143419 10.4291512406
384 2292 5.5615530014 7.82336244846
384 2278 5.94377864841 23.1794144722
385 426 5.37856766439 71.6875817008
386 387 5.55599372912 56.7305071037
386 388 4.43639809191 22.5763306927
387 391 6.69613055719 41.4040289135
388 392 5.78653757392 55.3578109165
389 390 22.7041046347 19.307132247
390 403 7.85011988251 185.104022092
390 475 20.0001799947 76.5955456414
391 392 6.84309644195 37.5128358649
391 397 6.29410857731 92.5598619808
392 398 5.56988937561 144.641117063
393 1907 3.01207198851 12.6360245561
394 1907 2.66521469669 7.87920528402
395 396 8.83085776507 11.4884727213
395 399 6.5788144451 56.7921624619
396 400 6.45367019446 85.9977557448
396 397 6.49283725608 80.518418847
397 398 5.58899625342 29.6905051172
398 402 6.01881483689 25.5231404319
400 416 6.90607161586 57.2432992908
403 404 5.90571394054 39.9178509488
403 407 7.74353701262 80.5683096508
404 406 5.52198182511 34.4581073869
405 484 4.50286966465 28.4517188682
405 406 7.5517998081 15.9043206902
407 408 6.10623642329 65.163213795
408 442 4.97559675186 69.2601618181
410 411 6.07520271978 59.2938717309
410 414 7.56882702271 114.362324519
413 1818 4.50326802993 23.3281784626
414 425 6.41129474422 86.185516701
414 419 5.82947114005 100.469981936
415 416 5.74916077795 89.090296813
415 419 9.1148814709 28.2956404229
416 417 4.1347109712 37.0576665259
417 418 7.5288501265 11.9186337355
417 422 5.16434201334 74.606943167
418 2293 4.19892906685 39.4191894185
419 420 10.0703287686 40.4404034942
420 2293 5.04279657189 41.5744552677
420 431 9.2926342667 86.0930771455
422 434 4.39577639615 15.3379149089
422 2295 6.21618260834 39.6458170741
423 600 5.16474937127 48.9454778495
424 2295 4.88194062619 20.2731859177
425 426 7.00633263661 45.7860763936
426 432 7.13522452199 81.9744289696
427 1914 5.17877747237 21.1873870901
429 1161 5.48824755872 26.7885477946
430 1913 5.48858559311 23.6663627352
431 433 9.03924962965 79.424822946
432 433 5.65968190758 91.3160576201
432 605 6.90526772443 142.946135722
433 602 9.05739950151 138.873311516
435 799 5.7555499704 30.8124567269
436 442 5.23049855124 58.5776277348
436 437 4.50745073576 69.6468261103
438 449 7.32903769168 111.41828352
441 1993 5.61383950545 8.86185050425
442 443 6.11781652248 10.5011407614
443 496 3.48269291168 43.9512561151
443 444 2.83132493153 19.0726075244
446 489 6.19876286853 48.1398836017
446 447 6.18522604463 31.7518214936
447 448 6.42978369987 73.1024781722
447 998 4.34322221247 55.4961407833
448 449 6.28873676046 43.0153145349
448 772 4.61146673429 23.7375050217
449 464 5.25022228277 82.6396200936
450 464 8.43632121741 42.8673232407
450 488 7.79270644257 258.696371984
450 542 5.22871800901 56.7685517363
451 800 2.56732217384 16.4872401845
452 1514 7.11444339639 10.5896474416
453 459 5.75424758368 81.4656052612
454 1141 3.38152103046 27.3570720816
455 1406 6.63198734248 7.25693909433
457 458 2.89005035813 3.45305696948
459 460 4.66284335153 17.7970124627
459 1406 5.79174816879 27.0691580219
460 595 4.26437634786 30.3037888362
460 462 4.63742867379 46.9842979863
461 1918 5.60520398549 82.0311587665
462 602 6.38605245967 94.5060536582
464 466 8.29511092096 72.5382130706
465 1141 8.90173051388 9.29138126515
467 803 5.30006144982 83.5194561571
468 1930 3.58820555081 48.1839216653
469 2133 6.73355197906 4.18001196171
470 1702 8.81313086642 11.2543565647
470 607 5.76786795338 80.3182124954
471 814 6.88135989171 14.7280649934
472 977 5.16395977976 9.78486126714
472 972 6.03509113769 27.9554952162
472 885 5.10026043129 37.4365848837
473 474 7.53078739386 64.4634570247
473 475 6.938699154 88.492432158
474 480 7.96641967524 70.7538360869
474 482 5.97706375679 169.528761792
476 1921 5.3383758373 44.5411006648
478 2041 8.75336647034 6.04669331122
479 2041 9.44897842407 12.9349333203
480 481 11.1604457915 10.1958045173
480 1305 6.11864799085 30.4021784303
481 483 6.73180253329 66.4690877992
481 495 8.3894912296 101.721134237
482 761 5.30069203914 20.3946804178
482 483 4.72008684645 36.0336896459
483 500 5.60859730612 113.397446448
484 782 4.63120269775 4.2807709586
484 767 4.49608906236 39.1181815853
485 960 6.38857858082 100.975708595
485 885 6.39996088796 34.1633231244
485 887 3.88792187934 34.6287263519
486 1951 3.75860589278 65.0913095812
487 488 19.9847677708 20.4516927786
487 521 7.39961904384 253.159109513
488 545 18.8275181291 126.662783907
489 798 6.9684391025 10.0137591135
490 1926 4.63462482904 58.7318527267
491 817 4.64586764855 27.4608812205
491 829 5.90435665971 6.94065074912
491 493 5.63791925609 65.063550642
492 832 6.47977573533 15.3204404048
492 834 7.14720182436 13.9477988306
492 493 4.99776568055 50.143418572
493 494 4.67793730735 59.4375987909
494 548 8.5276927948 6.0745370194
494 527 6.81451315786 42.7139543817
495 1606 7.43596199592 40.8270095163
495 497 7.26039792597 38.2665958973
497 498 3.69354402491 41.2481011773
497 502 7.89158761382 40.9216500866
498 850 5.76171771719 7.57562701131
498 499 5.17059994448 30.458535338
499 503 4.80258534154 54.951954943
500 517 6.4499313687 12.6838241402
500 502 5.91386297838 58.5081731592
501 1150 8.16774749756 7.85015923405
502 503 7.81048210373 32.2557004704
503 504 7.20753644754 29.9875013283
504 511 7.21672613112 51.5453527106
504 508 4.49452613921 26.4949374946
505 881 6.69781160355 6.977105417
505 507 6.90188594437 21.9818314405
505 612 5.37916495392 47.2371292162
506 892 7.96202619082 19.3715028989
506 854 7.2055164745 84.9586670066
506 847 5.16500721892 71.3881841145
507 882 7.63022257934 10.4355162786
507 517 5.16258941083 62.2067767476
508 866 4.83987448773 7.57200160371
508 598 4.46571596388 72.9164037339
510 598 4.75107140873 47.6771040382
510 518 12.9420373714 79.1774491807
511 513 5.21802666841 26.3010428394
511 598 8.4607041417 18.9506459358
513 514 5.96304649148 34.4686754593
513 932 5.54178256189 48.7699201959
514 612 6.46720420224 39.5750332722
514 893 7.97964659276 29.1157837967
515 1144 5.81544287843 13.131806995
516 1529 6.13303958036 21.0383564463
517 521 4.06696320873 43.8804239761
518 976 8.80080709974 1632.7817696
518 532 7.45305285563 150.098713975
519 520 5.50562947246 21.0995408173
521 523 9.16435346044 11.4742731085
522 944 4.74352841173 7.00223703764
522 523 4.92301761186 27.6164323599
522 527 5.90962922089 108.098122676
523 526 6.81860522865 90.3912515542
524 808 5.5 7.21335566848
525 2212 5.76137542725 5.41294744109
526 531 7.18979135391 30.7197950207
526 612 5.43965703454 56.5828492692
527 529 7.01934180924 75.1302140987
528 1526 4.95847220306 13.1071895524
529 577 5.84720788146 38.4203865013
529 531 7.51292937829 89.6216816175
530 533 5.73384700201 44.8103896616
530 974 4.69500356564 24.4969305122
530 975 6.35449418623 14.3383157296
531 532 8.0001965313 47.8300955297
532 583 5.58135236779 146.167425078
533 579 5.95230412166 99.5344818994
533 981 5.55155573104 7.45931542861
534 1932 4.42783012051 16.5386266014
535 1933 7.17382106613 6.7580652362
536 1154 7.97892773642 11.4449706539
537 808 5.86316201248 5.09124670937
538 594 5.77544032223 81.7805159229
538 597 4.59527018153 138.839979537
538 589 6.93886398591 202.167531972
539 826 4.9192187587 48.4870717721
539 541 5.63679434653 45.6380200583
539 687 4.88321245371 15.4517674526
540 807 4.83484590999 14.1701950156
541 547 5.50641318664 64.6975881781
541 543 5.77188669216 46.9081337231
542 544 5.13274323892 71.2741103022
542 543 5.54219074019 33.6862290183
543 1036 4.86686067143 19.7609052396
544 547 5.98920220581 121.676156339
544 559 6.85244806362 56.7653954361
545 546 19.6077384949 14.8849756466
545 548 5.94405305552 108.685778413
546 547 5.79259566264 43.4287165373
546 556 18.7502456624 112.274590396
548 859 5.23878422552 54.8236389576
549 1529 6.47271890708 6.65470599785
550 1935 5.18510389835 63.4554253722
551 1531 7.35032727389 22.2701698616
552 1158 5.19258213043 3.53553390593
553 1158 3.87228115826 8.5222325212
554 559 6.16315767823 117.807441002
554 1109 5.42993529356 10.4598285027
554 1095 4.96173415463 67.3092565033
555 585 16.8006385804 81.3880924662
555 556 20.1301460266 11.25
555 583 7.53507941565 376.571709756
556 570 8.71949947697 193.53617233
557 1201 5.55283921354 78.55650204
557 1190 4.72322381979 64.9766219446
557 1191 4.68705366812 21.4866455177
558 628 6.376208095 11.4302394197
559 803 8.10615609372 19.7787495139
560 2110 4.77477715317 17.0160790477
562 563 5.17011720816 31.6458166441
562 1155 6.1681735342 15.5680678349
562 1151 6.06806744902 28.9553108625
563 565 5.49504623188 37.1442211099
563 1162 6.77139760303 12.6876464465
564 1166 8.5 4.64865571967
565 570 5.45160751965 42.5922952362
565 630 6.31507123865 89.5173484171
567 811 6.65867449296 74.0638482165
568 1296 6.05167908977 65.420073303
568 1291 6.79540613345 66.6102945716
568 581 5.0110038487 32.6940611456
570 638 9.05648261357 60.9791446237
571 818 5.23388166633 39.7607350466
572 1200 5.87963496647 23.5278098275
572 573 5.10080369334 51.881860971
572 1199 4.65697841189 7.85496142761
573 720 5.97219411214 75.9851360864
573 588 5.38684373573 56.3611549215
574 1228 4.79654399477 13.7495754835
574 1229 5.7188010392 8.69579289122
574 575 4.1840251835 18.3892674759
575 577 4.56902874631 49.6431295005
575 859 5.90323714184 64.8382674179
576 1533 3.64531142078 39.360189563
577 579 4.90489047387 35.698738481
578 898 5.51253577299 69.6940559768
578 875 7.65972920942 223.279511369
578 909 8.35458876222 43.771546964
579 1256 4.38044346429 38.3855024738
580 1406 4.01993685098 58.6237778479
581 1316 5.84941706858 52.2024530187
581 1407 6.74838447445 39.9338003345
582 1297 3.71862023647 14.4824930529
582 583 3.65323370981 32.1225392284
582 1295 5.5413813591 3.19061122671
584 594 4.30083578924 26.6279226108
584 587 5.42752554686 141.905539429
584 1332 4.45431242292 36.4056399186
585 587 6.14845409821 171.246275
585 588 17.6250572894 30.9056536608
586 1166 8.77200126648 4.39004555785
587 1351 7.0 5.83095189485
588 589 17.1122304449 86.4762103069
589 728 16.4121652729 54.285637442
590 1940 4.47043628501 36.4550678254
591 814 5.4759198219 16.9104480961
594 1354 7.30240430197 6.69248086699
596 751 6.08291059298 25.3300223442
596 1349 4.81028598932 19.8297735776
596 597 5.89503106556 67.2808034527
597 1361 6.50564629854 14.9974083135
599 818 6.64403074831 34.6278989245
600 1368 4.86298333536 21.3744460466
600 601 5.53568875971 23.9199149635
601 1372 5.02182601565 7.38200083499
601 606 4.92705634143 40.9766250825
602 603 11.4701209097 8.35150897395
603 1376 7.64781522751 8.29698740508
603 614 8.6866434968 113.374358909
604 1544 7.33535507402 29.2769173255
605 611 6.84607360877 90.6295842474
605 606 5.56594533598 32.4307436594
606 1374 5.76333539502 26.6554259933
607 614 6.562618832 132.017232385
607 1469 5.32424130681 74.0018588141
608 1299 8.84380425016 81.7983071655
608 1300 4.57901961398 103.237573377
608 1303 8.66459546443 59.4302937755
609 617 3.09724317345 30.5526543304
609 1410 4.54395498984 9.70277490551
609 1180 5.60231305586 74.4922797445
610 979 5.71613568221 58.2903556773
610 1621 9.11643610536 153.200399804
610 1503 10.9927902175 92.4459952001
611 620 7.13624551022 166.336063543
611 613 4.79105170287 47.1475706508
613 1387 4.3577197661 47.2923496306
613 1418 5.65183366855 14.3703577072
614 616 8.85168698202 79.2087432043
615 865 4.95874155842 33.4203405768
616 635 6.77335369005 120.165120916
616 623 8.58331515076 54.8339538972
617 1408 4.26065406736 35.9576008335
617 2288 5.89929303367 36.0943167014
618 1553 4.11376783701 51.4422615799
619 1748 3.50688168174 24.7793419842
620 621 5.24983855444 31.3723866455
620 671 5.95214622985 143.70014272
621 669 5.76002752426 50.4633286536
621 622 5.62365121086 14.3750096867
622 1442 4.53478810046 68.4299662177
622 623 4.59558081633 49.3824212127
623 625 9.16896426141 56.602611932
625 658 5.44936450053 33.6744361646
625 670 8.50882365596 37.2566888109
626 1168 3.81395321371 48.0398714428
627 2128 4.30849554806 83.6891917603
629 1153 9.25128173828 8.93224495858
629 1702 6.12281134089 94.057299517
629 630 4.22433110793 40.6342124479
630 1480 5.5 6.72681202354
631 1153 6.83984306013 42.1348896861
631 636 4.18579311445 41.481886024
631 638 5.88229623399 82.5951103494
632 2009 4.83255831076 42.4524801104
633 1553 6.36838381142 31.5913018945
634 812 4.58676186453 67.8393208685
635 648 7.78490815238 24.6993760976
635 1180 6.27285023234 51.2907220381
636 753 3.99987601037 50.5699791477
636 637 4.99610116468 34.970285939
637 648 5.74583652224 85.7913206673
637 1518 5.62600851958 5.33162511496
638 643 9.0298193995 97.2452448584
639 984 4.10155998296 23.6092021944
640 654 4.91332038546 43.5166117558
641 1552 4.0570017051 24.3615307241
641 1539 6.34326576961 38.9501542425
641 644 4.74369300502 39.4963583806
642 1432 5.29046547453 127.078738121
643 651 9.26458839558 69.4913663702
643 662 5.9867434617 127.533684476
644 645 5.92806145558 22.1897998097
644 721 5.87159485483 27.6455346383
645 646 8.77088441995 25.7660155884
645 1583 4.92231294061 32.4882399791
646 2190 6.40547056931 25.2827186478
646 662 4.35884020524 45.9947917275
647 649 4.41163949697 9.65621970684
648 651 5.91217053502 114.139319107
650 1945 3.60730625137 38.2275185864
651 659 9.95512482793 39.0684572003
652 1441 5.84231210946 52.6153393296
652 658 5.61831607145 35.541323964
652 980 5.37515228441 63.0785921266
653 656 6.22551872242 19.9166778872
653 1089 5.25979816838 57.5878345178
653 658 5.93117081518 43.3741234401
655 1920 3.70902077492 41.3586113457
656 657 5.84346474364 16.5908591569
656 1630 5.51925241856 61.1668222659
657 1640 4.10907154867 31.0655060396
657 1620 4.12596775149 56.7226084492
659 665 5.87199397751 92.2157242119
659 674 8.99569932477 90.0892296445
660 1656 4.76770186776 16.7355030085
660 1658 5.95579390291 7.00033331852
660 663 5.61983094435 36.5529062497
661 1174 4.22254217909 86.7230500656
662 723 4.0753217467 30.1548483572
663 665 6.47930124518 23.3119128453
663 1678 4.33315085996 62.653022065
665 667 4.83044084425 53.7430649654
666 2126 6.80681876111 12.8892899222
667 723 7.30958957896 103.50325994
667 701 7.74078507773 66.3491378734
668 822 5.04828333384 15.3522847626
669 1730 5.97741775126 8.64321931377
669 1732 4.81967520712 11.5149633662
670 675 7.84979163034 141.940099572
670 671 6.79292705598 86.1316090771
671 685 7.24309046272 213.19766549
673 1745 6.00387110178 10.933600009
673 1364 5.15124017033 54.3109587321
673 1765 4.43164648068 23.0713414416
674 689 5.52507004615 51.9143866413
674 675 8.61082396417 46.964028788
675 679 11.8178441061 59.1658072039
676 1178 4.50096410619 37.5578282386
678 681 3.78100077967 23.5061261969
678 1821 4.302775383 2.61007662723
678 1817 2.36448013115 23.0516556385
679 681 5.77909053851 58.0374299844
679 694 10.8047127888 24.4433565458
681 683 6.79956038577 23.2892292449
682 1755 4.9584568212 63.9519254001
683 1364 5.76892348438 100.958861091
683 686 5.1319255747 23.7157952454
684 1800 7.56418568157 14.2322776681
685 696 5.51884788372 140.61240324
685 710 7.35203597311 159.82932969
686 1856 3.71660698672 57.8019181786
686 1905 5.93870275799 44.9319512589
687 810 3.84611651575 33.2221263306
687 1013 4.31235392544 4.96429413873
688 1432 5.36409761225 52.4105486137
688 1937 5.27741117815 18.8620009343
688 1958 4.71470276167 18.8574627415
689 1956 6.42660271304 12.0013709024
689 1412 6.44563618485 15.950472866
690 1957 4.70468762768 14.9778698087
691 755 6.47213602066 7.46726188104
692 1957 4.78934266832 19.2691451622
693 1938 7.79586468778 104.382901685
694 698 10.1777028798 102.222394753
694 703 6.38864348059 96.3735679702
696 698 11.6836389477 16.0819374123
696 699 9.10983845291 31.1353496849
697 707 5.23085991947 48.299367165
697 830 5.69588934883 10.6880652152
697 1982 5.21770997932 10.265099845
698 708 6.17863718321 60.7360409284
699 712 9.15804492105 87.2473515269
699 743 6.62689776217 171.483855408
700 1961 3.65003223476 24.6946251655
701 1432 8.06322669983 10.3580886268
701 704 6.23461359659 58.7126433893
702 1562 6.44872909972 12.3101801656
703 1440 6.95958727279 49.5895279081
703 709 5.05796484034 28.4657176615
704 1440 5.10027800746 29.4467115536
704 736 5.36528719327 42.5535804692
707 708 4.57256275189 28.1722531941
707 709 6.11040595351 50.1501655697
708 741 7.21730129648 127.053830196
710 712 6.7891749049 73.778483739
710 713 6.44506816522 126.391159879
712 716 9.24584783444 55.8071768468
713 714 5.30215946726 17.2897871881
713 717 6.21310944519 74.58693713
714 1491 4.466914287 37.7999119998
714 2137 4.68429404972 68.5454881714
715 1305 3.09428899216 22.9197424493
716 776 8.94530998452 78.9927594591
716 787 6.66112186651 161.630484868
717 795 5.9212848329 70.0195952123
719 1963 2.88218377694 10.4440183972
720 721 6.87584546906 60.7019414284
720 2203 5.10997263834 83.3491282659
721 726 6.18023094832 73.7278901532
722 723 7.02312862572 62.9876827119
722 726 7.22014572345 57.5368588475
722 727 5.20631464121 46.9241584261
724 1182 4.09942421685 47.6377493016
725 1965 5.91646516749 9.78791060226
726 728 6.27873400051 89.3292722661
727 730 5.48670880946 37.4438472946
727 1770 5.25919460152 81.3914034776
728 752 17.3582333791 62.3771018832
729 1564 5.95116932136 51.4813695621
730 731 5.35231857616 27.9931066587
730 2276 3.93733528558 9.02285611742
731 732 5.86765114051 4.87873739666
731 2286 4.47973789952 15.8591839038
733 739 6.77203738372 80.5239328738
733 2284 6.30788660049 7.94512429104
733 735 7.55695986941 24.4586618494
734 1185 5.28344965738 14.854200356
735 1721 5.59713868679 76.6870796004
735 754 7.26781512683 186.307195138
737 1976 10.5466152108 16.7661346683
737 1857 10.3540928432 109.310419693
737 1868 5.62106518829 74.1452478263
738 1440 6.7597349199 57.2776571201
738 739 7.44330664617 43.2782842493
738 740 6.75434686258 36.9940311868
739 744 4.19387105382 40.1542633649
740 746 6.22991297211 80.5056599739
740 741 7.75785034188 53.9843327648
741 749 6.81633276697 59.7268545408
742 1185 5.38109760813 33.2238720557
743 749 5.13219992471 108.269770222
743 750 5.98171753557 72.6962429582
744 745 6.11790805158 49.0848950667
746 760 6.96646525999 113.554678862
746 768 5.73940269049 116.605917045
747 1918 4.2286063182 21.6304744273
748 1184 4.0328620337 12.057623991
749 762 6.69606814371 49.1289824615
750 762 7.99506516582 97.2278118564
750 787 7.87670025099 90.0323914972
752 754 16.4643805124 63.0679748348
754 758 16.0304792687 81.8272591463
756 873 6.29538061657 41.8888398068
756 757 4.08242868087 52.0875799255
756 1721 5.50348346714 36.077379222
757 766 8.07910601899 8.33411245046
757 759 5.05969648078 75.5727056793
758 1108 5.00413214258 44.8359419562
758 759 15.5595288968 65.1251876661
759 1807 20.2516914066 124.774701082
760 1721 5.33793622194 33.2501596238
760 766 6.38192463662 29.7324424358
762 764 8.86479635654 57.9143160508
763 1062 5.22962969329 86.6351960609
764 1807 7.91933628368 198.553361961
765 928 5.51198739166 57.8593565512
765 1436 4.61465264285 49.0075709618
765 926 7.02601996236 44.1006970321
768 769 4.96464430215 54.8686882967
770 2220 4.5938629264 18.5518522879
771 1184 5.232627463 57.1901019069
773 1970 4.32318678393 35.3719716212
774 775 3.8643283844 2.10950231097
776 779 9.21954441071 41.6698277159
776 1491 4.95836288175 45.2593810953
777 783 4.67403940406 56.9004874602
778 846 4.38161214581 40.0773641288
779 786 8.48573589532 43.3747227934
779 783 4.8169578602 50.7198232296
780 1573 4.72040574177 15.4873513295
781 853 5.29059850248 45.845440617
783 790 5.4103800897 18.4358121009
785 1062 7.7292547226 4.23851389051
786 795 6.10282215357 78.9070787434
786 804 8.74172754989 204.12230076
787 791 7.0697290702 71.8652350695
789 794 4.96933337354 93.8600458272
790 793 4.59373213702 39.7600463034
790 791 5.07954114652 48.8340899124
791 794 7.09354315064 36.8555191133
792 1035 5.46208252555 145.247098183
793 1892 4.72995198525 23.987613088
794 802 7.23531553377 32.2391288564
795 797 7.20202785459 166.890810112
797 1920 7.3212918139 311.261219174
797 799 5.14726593216 46.6661071098
799 800 3.53727151961 29.7894537477
800 814 4.90538552367 92.9773754643
801 921 13.6393130004 85.0097960268
801 933 13.5426693718 64.8839293909
801 1001 5.51154283802 107.109437232
802 808 5.77376846988 209.546780891
802 807 6.35817257928 108.371060685
803 1702 7.15772526199 123.835387868
804 809 8.66380348646 144.437770757
804 815 8.51210598411 189.3843034
805 1192 4.96052336789 27.8342508736
806 1577 2.84768470763 13.8494094504
807 809 6.15442822939 51.6627398721
809 837 8.12042954899 320.293364278
811 889 6.18254959552 59.9521616855
811 812 5.67980874729 34.6823765511
812 818 5.41470740762 32.0353868518
815 894 6.9898158189 153.444894478
815 823 7.65855150146 95.9011035648
816 1580 4.31495809604 15.5534954337
819 1191 6.22811603546 3.53624094202
820 1581 6.04016169106 11.7859194113
821 1582 3.0234101685 5.7687149557
822 1920 6.75920971125 34.9783378829
822 1565 6.56890367525 76.6641174595
823 906 7.62612477709 78.1659861177
823 900 5.03118657187 70.1329883814
824 1192 5.66227769852 4.41276557275
825 1977 5.68817213757 13.629586834
827 1977 5.99162652557 5.3286271526
828 1985 5.51103565909 52.068316698
831 1986 4.14741097688 27.9576060838
833 857 6.26016757429 36.7405030641
836 1806 6.30690151756 6.8139438944
837 852 19.8128135935 162.633419665
837 1807 23.1855084219 380.677905817
838 2109 4.43395081428 25.0955224305
839 1810 6.35000850375 9.94065874389
840 1591 5.4134680665 14.28355698
841 1197 4.49707404016 78.4321643947
842 1782 5.45792878999 6.1305892876
842 846 5.08673889794 26.4907455213
842 1062 6.27742578463 29.2897121937
843 1983 5.9876774237 9.52156535587
844 1595 3.53621502556 46.0965776185
845 1988 3.95634434379 53.2501678207
846 847 5.20932548741 22.8257578448
849 852 6.07289707454 98.0657895331
849 853 6.92638822591 48.1974488192
849 855 5.01294479508 70.0765013966
852 870 15.7553072391 128.141228094
853 854 7.68631082684 26.8422752173
854 856 5.4918580378 109.192652717
855 856 5.1129732804 52.2632105946
855 857 6.74124841769 24.8401069084
856 1057 6.85115469115 64.122325461
857 940 6.47468829038 28.1504940927
858 1595 5.10476015482 37.7077764025
859 1085 5.73915879695 36.4641619822
861 1987 6.5806388855 5.47083174664
862 1988 7.19340658188 3.55316760089
863 1191 3.99199492174 16.7816770852
864 1594 5.01565403423 67.4615325339
867 934 10.5 14.9593616174
867 991 8.90195827812 1136.33372262
869 1993 3.59628808852 28.2826020486
870 875 14.5350908516 39.6301544438
870 879 5.59277662758 105.685425682
871 1208 4.4072583893 17.9324217265
872 1938 7.35382666988 102.778244584
874 2006 2.86398783398 3.36440412846
875 876 15.799910196 18.447315042
876 915 13.4910175957 50.4542215961
876 951 6.26957798004 15.5621335298
877 952 6.95356531891 6.51663935254
877 883 5.54689051719 52.7147618413
877 879 4.21892003398 38.3448995239
878 1562 10.3876942608 75.4659554221
878 1500 9.37102127075 170.470268669
878 1567 7.182574957 74.6253646308
879 966 3.14834012197 13.02231115
880 888 4.99228337776 32.6309252794
883 915 5.43001028952 67.390238541
883 918 6.28293593075 45.5039794919
884 2028 5.04175880411 29.5859593105
885 918 5.08175991569 56.9510673029
886 1251 4.5968794654 20.2207133446
887 1311 4.73606777191 1.52315462117
887 949 4.69523435557 22.3437874002
889 995 5.08275423209 54.5106624565
890 1052 3.4756058524 20.9960966998
891 1609 7.73352005674 84.7529926049
892 896 5.26341699053 104.653786233
892 894 7.40895998079 105.277184995
894 904 5.52571777715 105.340340483
895 898 6.36151674662 91.6240430837
896 898 5.35771743757 32.1540762975
896 1053 5.23695438921 58.9455399064
897 1608 8.39028006464 79.8770041185
900 905 4.40540875805 41.6006909698
900 902 7.51306798022 9.23453995631
901 1096 5.42528016229 20.2626019438
901 1114 4.40041338545 19.1077407587
901 902 4.3848236022 29.2730103622
902 1091 4.77113262253 43.1423917551
904 905 6.43183721711 88.4597755431
904 908 6.72670057105 29.1911459903
905 906 5.33536919172 62.5030097837
906 1066 8.09392914893 45.246849596
907 912 8.07082753285 83.7691051743
907 908 5.50844603097 71.5479439882
907 909 8.42011619696 62.3831822651
908 1143 5.47446509583 85.0437738611
909 924 5.11126747717 70.0263659308
910 1177 3.99780640159 26.312219668
910 924 4.01158481227 32.4972110962
910 927 4.47381925186 87.5759796546
911 1997 5.61497217021 17.475966521
912 1074 4.93774916768 79.6816518544
912 1886 7.91802594366 108.266033325
914 1599 10.9641942978 10.5678758509
915 916 15.4271051944 15.0006924634
916 917 14.4267771477 71.1733785641
916 1214 11.3409719467 15.9088025948
917 921 13.7644004697 28.4242407348
917 1363 4.81101497735 84.2734962054
918 1363 5.39835731481 56.4208595406
920 2151 4.15702034773 17.0798355627
921 925 6.53675306221 126.693361096
922 2017 4.98712796668 55.6752245272
923 1218 4.61281021197 22.429606081
924 926 6.21743556367 65.5341630411
925 931 4.93870222296 86.0467303248
925 926 6.8628850107 38.6675346314
927 928 4.98918030357 55.1073255927
927 1072 5.35924346465 60.7923869009
928 1720 5.7595529019 73.0819426451
929 2158 4.04629715751 70.3306319812
930 1260 5.93681446225 81.7872133879
931 1331 4.95859592598 90.2983233898
931 935 4.81163936998 76.9569658997
933 1371 13.7384762916 12.9952834769
933 935 6.67532577466 121.7266912
935 936 8.34647250649 8.80048232525
936 1720 7.84944133829 108.001002611
936 1733 5.61433249103 41.7668276593
937 2000 5.31584341326 26.1225458252
939 1608 13.096285 64.3612898862
941 1218 6.5556640625 3.45398320783
942 1619 8.228593234 20.3256856083
943 1215 5.47341079059 6.52371719058
945 1217 5.57321365932 95.8871978709
946 2005 6.7949568527 18.3221753086
947 1059 4.71451120774 31.2677436111
949 1385 4.799192762 10.1606790059
949 953 4.26115159975 27.6143819695
953 954 4.24806579511 42.3164121205
953 1227 5.55618915353 45.967653195
954 960 6.20516852937 60.4925082227
954 958 6.16234171194 33.582139298
955 1662 5.61060970998 81.5276114107
956 1006 5.88356132944 62.1391476144
956 958 6.86071871294 19.0872780236
957 969 5.08915426337 57.7937708088
957 1404 5.26529915992 35.473590308
957 1390 11.7257798701 7.69931855113
958 1010 6.127722543 150.180285199
960 961 5.85006650136 148.776517626
961 971 4.839174645 58.7006017037
961 1414 6.40512466431 4.92975658629
962 1226 7.0497376715 19.9278680079
964 967 5.26026762322 6.28537766486
965 1225 4.76895859719 17.9923970815
968 969 5.80703967318 8.331374608
968 1388 3.0690959893 29.4650373122
968 1415 2.53715740168 21.2407765566
969 1037 5.70622198932 19.7201566444
970 1304 5.03765737825 135.451553926
970 1049 4.62986923735 62.9926914185
970 971 5.54564613392 14.507908096
971 1037 4.20586127687 36.7666299823
973 2009 3.48805426977 16.4583415985
976 983 9.00015896829 69.8086670837
982 1696 5.00864021696 44.0401966014
983 1506 4.72268686477 26.9871433635
983 988 10.6647930484 88.2163558279
984 985 5.91142702272 23.9521069631
984 1330 7.12127077688 23.34191515
985 994 3.81011145767 36.0576628689
985 2109 7.05198021036 29.86308095
987 1814 4.62619242602 27.7800289609
988 1039 10.8263717605 132.33343949
988 1011 8.00810871406 133.718166602
989 2020 4.62105809328 11.8422416561
990 2021 4.47548713761 16.6148577637
991 1330 4.43255740413 43.6997506638
991 999 8.34369320117 123.255874809
992 1627 4.29570051904 21.7266395805
993 2020 6.54564646266 13.1835177098
994 1003 5.60606219865 10.0463212814
994 997 5.77456300172 74.7685695255
996 2019 4.85888362539 10.8362888263
997 1038 6.40357432479 51.1976491487
997 1863 7.38375050242 40.7512594913
999 1043 8.87916393218 78.4607071688
999 1038 5.50209820903 42.0567450765
1000 1425 5.54290374968 43.4031384485
1001 1255 5.12216113857 38.0249393375
1002 1356 3.6059214125 21.3248950817
1002 1006 7.17558860779 4.87467947664
1002 1007 4.63312250518 67.8578852061
1004 1448 5.5418775832 21.2642336969
1004 1704 7.01396840708 15.848343762
1004 1006 6.20643509783 63.5502235903
1005 1261 4.53046744273 11.1674206015
1007 1009 7.94281452767 38.6468762816
1007 1012 7.64210739871 74.5992935185
1008 1009 8.18912204936 25.726843147
1008 1371 6.5195797971 93.5971681151
1008 1356 4.57993107779 95.8221062116
1009 1020 5.67445786764 72.3602816337
1010 1049 6.98910566356 14.8373575031
1010 1011 6.25685230735 35.5643437135
1011 1012 7.65996583147 60.2530616305
1012 1014 6.02226053538 27.3157636542
1014 1016 5.60560175914 55.1516485555
1014 1025 4.74689724872 46.3682658396
1015 1665 6.57328712233 12.1087069225
1016 1393 3.66023805529 91.9543080129
1016 1866 6.73859985319 130.041359111
1018 2028 3.23792756027 18.8481338614
1019 1021 4.90608768923 53.4964081267
1020 1028 4.6585378625 67.9463728009
1020 1023 6.78740792494 35.129437742
1021 1771 5.69043994091 10.4317436728
1021 1023 6.73216370775 30.1427045761
1022 1400 7.15230917373 10.5082802352
1022 1320 6.41640274572 86.9442890502
1022 1250 8.06588060982 160.873914251
1023 1024 6.70342717143 16.3236734551
1024 1031 4.51168773282 77.107848118
1025 1393 5.51544820321 22.3146853035
1025 1759 4.01197152704 50.187636975
1026 1666 6.97213602066 8.99902772526
1028 1393 4.99994258404 22.4324693487
1028 1034 3.69772632142 61.6683621755
1029 1034 7.40208501467 49.7403071595
1029 1035 6.42238439359 32.9201105591
1029 1030 7.47201149031 38.2651547384
1030 1052 4.80907823214 124.423425517
1030 1039 7.67272679082 147.510528906
1031 1835 4.69258213043 3.12169825576
1031 1838 4.72690219739 10.5719549726
1032 1216 7.90456448756 33.1490601098
1032 1210 6.06429416819 39.2442269081
1032 1213 8.08497173594 49.1377986345
1033 1034 7.82648200658 55.1710393938
1033 1107 6.81831625559 144.222954162
1033 1842 4.83214549669 19.3607430656
1035 1833 7.2468214035 6.0
1037 1421 3.79525861906 32.1532445208
1038 1042 6.53741234986 37.1183471055
1039 1041 11.0977394247 58.2410861066
1040 1915 3.27294204448 76.8402718956
1040 1042 7.3761177149 13.8565900892
1040 1515 5.14475525386 91.3281780365
1041 1047 7.58831070513 101.80226179
1041 1054 8.79449017347 79.3799355698
1042 1934 5.73162650843 8.36292719393
1043 1044 5.01644491538 44.0163817841
1043 1046 8.92507449243 41.2734534742
1044 1048 8.03770788963 78.3170869628
1044 1586 8.46636100295 2342.18323478
1045 1119 5.31586606601 74.8359076842
1046 1048 5.21673858304 88.064912639
1046 1047 7.69711935312 35.7828527815
1047 1056 9.05377385101 47.3443080969
1048 1231 8.36880424355 264.97138417
1049 1304 5.15749660327 70.8112942274
1050 1673 5.23784584085 35.6638889155
1051 1052 5.46722650488 7.98675547781
1054 1221 9.21555233002 121.305564588
1054 1478 6.45896574568 110.867801613
1055 1056 6.04254542144 54.6548715658
1055 2068 6.43113939347 10.2807669839
1055 2078 6.08530311229 35.0456858738
1056 1065 8.9498587318 121.148316659
1058 1634 10.8484745026 9.92975326985
1060 1638 6.43397808075 10.1302764029
1061 1224 5.65271546986 41.3634665774
1061 1064 5.74459157144 34.3544544229
1061 2100 6.22724268442 32.3216223344
1063 1636 9.95405769348 5.1923019943
1064 2115 5.87188994985 19.4638491638
1064 1219 5.18123440324 35.043014967
1065 1224 6.11078312661 49.9695379258
1065 1230 8.45677849478 126.627434081
1066 1565 5.53615023221 65.1572282558
1066 1886 7.99014536502 50.3071523901
1067 1637 7.75285625458 5.72800139665
1068 1079 5.22165574771 52.2258302456
1069 2139 4.98945269749 14.2430441411
1069 2155 4.82900493914 11.5666082248
1069 1070 3.69524381231 31.9116635676
1070 1081 4.38446888974 72.4081977208
1070 2174 5.46379663198 5.48339854228
1071 1327 13.2420954237 13.6303207191
1072 1074 4.48815817691 21.0765785089
1072 1075 4.60879355633 44.7767101786
1073 1641 8.36396121979 16.1300960939
1074 1078 5.26926925193 91.8665714647
1075 2227 5.79980294712 55.1956389456
1075 1622 5.15553087536 59.4312580163
1076 2154 6.19010935883 21.1182051711
1076 2181 4.00671084279 23.750764663
1076 2230 7.13298098293 6.70868357197
1077 1643 5.19614156153 31.8923443649
1078 1082 6.25706266626 99.6999653987
1078 1622 6.52785609359 53.0828597899
1080 1720 8.12532283175 107.931826801
1080 1622 7.1512775049 34.9607684047
1080 1087 7.60045073939 61.4597182867
1081 1083 6.42093788138 121.830558509
1081 1565 6.46728741259 124.35751951
1082 1129 8.16340664855 233.594642048
1082 1886 8.38827070744 130.681183707
1083 1126 6.58266452609 11.8854478698
1083 1127 5.6576197914 114.673129657
1084 1088 6.73557781909 17.940374375
1084 1087 6.03556430491 60.6630296347
1086 1099 3.43703967221 47.8946924588
1086 1093 4.86455378511 87.1081984064
1087 1093 6.12362650954 62.90907862
1088 1092 4.87124716909 46.8366025304
1090 2033 4.61382064245 9.41729986602
1092 1131 5.61969572283 86.3005753744
1093 1116 5.92244734465 30.2430202561
1094 2034 5.55405603283 11.1622707028
1099 1112 4.71928009844 17.925687901
1100 1245 2.11897164664 9.79689189829
1101 1113 7.3022464672 32.6735202015
1101 1733 6.97574504185 105.644964702
1102 1103 5.71807310298 25.6525884553
1102 1733 6.38447781074 59.9576404017
1103 1113 4.70909439111 181.137143322
1105 1245 4.55721054847 14.4986576821
1106 1371 12.199208029 160.625705442
1106 1107 12.3947348625 23.4684165261
1106 1157 8.18260562253 282.689761771
1107 1189 11.0624437949 78.9492770113
1111 1112 6.66379126644 22.7080656336
1111 1115 5.51671525779 57.6747322231
1113 1115 6.59365075868 81.5719222097
1115 1117 6.17140017008 43.0331770004
1116 1131 5.90261872651 44.0946488358
1116 1117 7.90779526038 47.8991932644
1117 1134 5.46863402186 89.8943185438
1119 1120 7.02796247405 21.7673913673
1120 1122 7.6984018543 15.6458185404
1120 1123 4.83756528869 95.8057822274
1121 1122 6.66239679729 41.7832568271
1122 1125 6.19199416533 50.2387575755
1123 1125 4.90247037242 70.6868751269
1124 1171 4.35647028501 66.3505107739
1125 1203 6.287749 118.168415874
1126 2277 4.95631969329 75.212364444
1127 1128 5.29395814641 45.72328757
1128 1135 4.78245768226 84.3003395487
1129 1130 7.83162986964 44.997327242
1129 1133 5.72496138751 79.3594070209
1130 1138 7.3652902651 128.218254079
1130 1135 6.03367686887 58.1531073759
1131 1133 5.98687795092 33.1012553614
1132 2054 7.5733813297 76.1468494437
1133 1942 5.77208297717 110.710709516
1134 1138 8.55846959027 169.457226694
1134 1157 11.6220453747 12.1122168405
1135 1140 8.58784559564 53.2001713881
1136 1300 4.56822025369 61.4944360477
1137 1247 6.67261505127 6.57742350773
1138 1145 8.19350658663 42.6024116936
1139 2049 8.0 13.4566897861
1140 1145 7.34773668131 117.229206875
1140 1141 7.12204266325 21.6363120702
1142 1144 6.32887248077 41.8112333588
1142 2041 12.5808496475 11.4039466852
1142 1148 5.79502456383 90.8853169432
1144 2079 6.44722714008 76.3949966505
1145 1146 10.1711383958 23.4188535857
1146 1147 5.36643437735 69.7150238822
1146 1148 9.35318851471 14.6691853898
1147 1156 7.7617953447 89.088245123
1147 1148 10.5105520907 15.1291654278
1149 1661 6.90512466431 5.41294744109
1150 2126 5.66585490848 45.7886006804
1150 1951 6.6859665671 18.8889792677
1152 1249 8.28751530287 10.1344447655
1153 1180 6.33207195427 74.6094817362
1154 1156 11.1083679334 21.0610125426
1154 2079 6.16258128366 30.1144836704
1156 1179 8.46550807722 114.974898256
1157 2110 7.01526327092 99.8030618482
1158 1159 4.66240333779 20.8982647295
1159 1161 6.46823897943 19.9126793354
1159 1166 4.98954880915 42.6529271556
1160 1657 7.62677845037 45.3633387219
1161 1163 4.47330936924 37.5778656423
1163 1951 5.6486881994 26.1064861683
1163 1169 5.57539671358 70.8634834892
1165 1662 6.69634251875 6.31970514903
1167 1169 7.39191297745 46.4309383951
1167 1174 6.71159285964 78.157656705
1167 2126 4.97965800294 44.1251233817
1168 1169 9.35318851471 7.77817459305
1168 1170 7.63550098902 95.647320155
1170 2110 8.37883817291 32.9073706654
1170 1206 7.09828487344 129.077996206
1171 1172 5.47738201997 55.9282662537
1171 1252 6.81449998919 98.1417310856
1172 1176 6.4645432547 112.208890399
1173 1252 4.12720607608 26.5537791642
1174 1176 6.48128920384 30.7271920136
1175 2059 6.67064626545 26.9573233118
1176 1181 7.27816734975 39.8402323067
1178 1184 4.47479903115 142.395103531
1178 2079 4.37367043328 85.6607180046
1179 1187 7.44500825118 125.484833595
1179 1181 7.25450153749 69.5775665626
1181 1183 7.56869837923 65.2500490698
1182 1193 4.9987062805 40.8235600723
1182 1183 4.92781034679 33.082255144
1183 1270 7.26795327032 53.7200233544
1185 2262 6.94155147854 12.5956305297
1186 1259 7.05241056515 12.0652011607
1187 1276 7.26442178528 79.9837196463
1187 1271 7.09199531264 106.629416775
1188 1668 6.40312433243 4.21722657679
1189 1203 11.2267580859 69.8566354323
1189 1190 6.72921045347 57.856387141
1190 1195 7.47255774446 148.00568037
1192 1194 5.32162695091 36.9558043243
1194 1201 8.28762295717 34.5075204759
1194 1196 4.42610651506 62.6524850146
1195 1196 4.79165846593 37.0564865434
1195 1478 7.57123602232 85.0276187944
1196 1202 4.85459203475 60.3870493826
1197 1478 4.59993719403 49.222188022
1197 1198 7.36240039042 11.2503421242
1198 1220 5.07145597 50.2357729188
1198 2061 5.93100769556 34.504403469
1201 1210 6.04442523068 70.0406268901
1202 1220 7.39908070435 87.8443221193
1202 1210 6.62067218303 55.4722116341
1203 1205 10.7886543152 82.867050301
1205 1206 6.07354007435 76.5353716034
1205 1207 11.8776695371 32.7375571003
1206 1251 5.47469164233 41.9355294593
1207 1208 6.43459237986 63.7045618559
1207 1253 12.1039880196 77.1778425659
1208 1213 7.32291610045 46.1926747569
1209 1672 7.35145070662 205.418858232
1209 1621 38.6014765547 22.4107313267
1209 1605 39.4436691681 121.72192772
1211 1673 5.46601719086 14.3093198189
1213 1217 7.0248965343 85.5349420633
1215 1240 6.81250120945 53.4444804973
1215 1218 4.5160453841 25.4356504787
1216 1222 7.56948474633 150.198577983
1216 1239 6.91713036319 62.0856608828
1217 1260 6.23376784762 36.9444300691
1220 1221 5.2225053866 68.4164019133
1221 1222 9.26644869188 93.0677441437
1222 1237 11.03625946 47.0598096297
1223 1259 5.57474334417 19.4539102058
1224 1225 5.89765566009 29.5154470894
1225 1226 5.59396979789 44.7682876742
1230 1231 6.46459769038 23.6712450243
1232 1670 4.39809161721 37.3268411559
1233 2081 5.73972057993 31.7493574477
1234 1260 5.83160163145 43.9071887664
1235 1425 4.84364155925 28.7098978951
1235 1243 7.15923265284 30.0217021552
1235 1237 5.01747871288 54.6308077824
1236 1239 7.10678454402 35.6177082964
1237 1242 10.8675088331 84.0543980437
1238 2084 4.3800610179 48.9090077247
1239 1240 7.06386208292 45.6554186082
1240 1292 6.28714635294 68.6964920617
1242 1299 8.85033672261 82.2223339353
1242 1247 6.64158743927 61.5345494011
1243 1244 5.20423029074 77.9621480795
1244 1248 4.01778607399 76.4552643409
1244 1245 3.70785941792 43.3473496069
1246 1671 3.93924085349 31.9268217958
1247 1250 7.47592892222 32.9554376398
1248 1249 9.12295913696 7.59605160593
1249 1250 6.89588410038 51.6525901438
1251 1252 5.85886285968 20.1569163617
1253 1263 9.32676315308 110.339680079
1254 2047 5.90788406371 55.013481521
1257 1272 5.19198531247 52.9035781242
1257 1265 4.70682372424 59.0219912587
1261 1625 6.43946695149 31.7512883411
1261 1628 5.82776009696 60.9857080686
1262 1264 6.71808892968 81.1912518543
1262 1308 8.73552290503 102.916531714
1262 1263 12.2032291618 8.61137695858
1263 1291 7.1790281253 89.9240939804
1264 1265 7.29091737113 26.9156589986
1265 1266 7.92400417113 29.4960679486
1266 1267 7.04372718236 34.7736501124
1266 1278 6.89337008734 51.4579586416
1267 1280 6.5513565007 31.4706585518
1267 1274 5.29419439136 49.7467636225
1268 1680 7.62861376973 11.7667886471
1269 2065 4.52760626281 54.3938162788
1270 1271 8.71900390578 31.8551543581
1271 1273 7.98859974945 69.8153882733
1272 1309 4.89616929467 9.944470635
1272 1278 6.30469072201 33.5909562139
1273 1343 4.7515891053 51.0990342753
1273 1284 9.28766357071 31.2557594693
1275 1682 6.39547751532 14.7990101511
1276 1289 4.90163955475 92.9746811358
1276 1286 4.19308073516 111.357017591
1277 2063 6.26319030034 28.4417845421
1278 1342 6.05777777226 8.77736660986
1279 2071 4.88066692474 42.4380206787
1280 1281 6.25698412875 36.34410871
1280 1308 6.64238482312 51.9978203416
1281 1345 6.97592248897 52.5934957848
1281 1313 6.20704329178 35.6801695027
1282 1283 4.20204646034 25.5801613671
1283 1313 8.06852985995 11.5696019625
1283 1359 6.21021804858 49.6642799548
1284 1288 6.78676552372 75.7351313866
1284 1289 7.48343407626 18.2066463714
1286 1289 6.59422788879 28.5760499593
1286 1287 5.72516494235 32.0440468037
1287 1288 3.92752138324 30.1073172427
1287 1362 3.47791014053 44.918814495
1288 1315 5.50433254634 120.505157843
1290 1683 5.93628293535 33.1640863433
1291 1292 8.03029075622 51.7700072607
1292 1299 7.68441479049 87.9355415262
1296 1298 5.62625964714 65.8995676665
1296 1370 5.6872550469 4.91265256581
1298 1316 7.49581884122 24.4833973898
1298 1303 4.46332456081 51.0212196005
1300 1384 6.59587815988 9.91177139423
1302 1511 4.49663421461 36.0446934873
1303 1320 8.86616255515 27.9376538027
1304 1530 3.92405333627 25.0624696974
1306 2067 6.86691681252 10.7968586027
1307 2074 3.38820287899 23.4633204409
1308 1310 9.32676315308 27.869786508
1310 1312 8.87478868945 65.9148391947
1310 1317 6.48904889048 66.3488797593
1312 1315 6.33128034191 72.6864462164
1312 1324 8.18323425874 42.8684381857
1313 1405 4.9508044866 82.5057323656
1314 1689 6.97016429901 3.89005141354
1315 1426 4.31578579003 44.4127310059
1316 1317 6.76316852713 24.3126389773
1317 1318 6.85113073808 42.2670636588
1318 1323 5.01053714282 28.4097648744
1318 1319 7.06543296606 18.0849201731
1319 1321 5.11049345208 38.2262587522
1319 1444 6.631156517 13.3536723733
1320 1321 8.21165462487 31.2085664845
1321 1447 6.20338811233 48.9478785477
1322 2075 4.2780080439 45.0966473912
1323 1429 6.25788210042 6.53266641513
1324 1443 5.54599820478 67.1151183981
1324 1446 5.3570720965 51.4217584513
1326 1687 6.06960061909 6.40617999017
1327 1348 15.1229901635 37.2962482876
1327 1638 13.9628383944 20.4994618863
1328 2070 6.37252447896 13.6884331982
1329 1436 4.75397527846 38.3592996476
1330 1563 6.70890260879 15.2325001428
1333 2067 5.83059448669 18.8667545299
1335 1571 6.2774913136 28.6279263078
1336 2088 5.82411366042 19.1341076854
1336 2213 4.37133140235 90.2021478045
1336 1375 5.16637503657 19.3089743244
1337 2102 4.3116363123 38.9354123919
1340 1436 5.79164149299 24.1850586368
1344 1697 6.85621835466 6.56946000524
1347 1697 5.7829448487 9.22718835613
1348 1659 7.18890706545 65.8004297405
1348 1652 19.0437736511 12.2065556157
1350 2105 3.61024117067 10.7534039565
1352 1700 6.25286161393 34.2471172909
1355 1726 3.78769921936 63.4530100173
1356 1629 5.01444098222 28.4209434211
1357 2201 4.98852091151 96.5981248638
1364 1813 6.20162622625 21.1543374609
1365 1709 5.1493535204 62.6056011596
1367 1706 2.97057853687 19.3282639518
1377 2245 6.21196920347 5.52584167643
1378 2064 18.2749345277 121.850719641
1378 1675 21.9454022403 25.6399057446
1378 2063 12.870594993 44.6349718394
1381 2200 4.5165654511 18.2684581032
1382 2092 3.21110233078 8.18727626039
1386 2095 6.53112888336 6.10941895764
1389 1738 5.30357902425 11.4866504434
1392 2098 5.61689185711 6.22398082019
1394 2205 4.17972883972 45.4219389231
1396 2102 8.47213554382 5.48292804987
1397 2103 7.47011995316 16.9897763376
1398 1881 3.6737276918 38.1772890342
1399 2103 5.81765735588 13.7765842312
1401 1744 3.98124672597 83.3728620521
1403 2106 5.82229752198 16.1268647227
1411 2108 7.2080946914 5.58544434161
1413 2077 4.45090680822 48.8139298348
1416 2207 5.31697215602 45.4350382509
1419 2114 9.57106781006 13.7772457335
1420 2117 3.72923201465 25.9969923619
1423 2207 6.31112471999 10.3653890113
1424 2113 4.33685831929 33.3265409805
1428 2117 3.86796313421 14.7803671584
1433 1516 6.2298431851 62.7331267656
1435 2121 5.68219457393 13.4323152021
1437 2122 5.5523256806 17.4197828298
1439 1731 5.59991077658 15.4373876881
1445 1826 5.55990155527 59.9497665092
1451 1893 5.43810097285 7.69450713195
1453 2127 5.23806777929 20.3207747154
1454 1456 4.68894788019 41.6754397295
1454 1458 8.21387297185 227.718473712
1454 1479 7.79673369033 89.9773741951
1456 1457 4.87339179538 30.7395659383
1456 1459 5.1042862406 153.268526026
1457 1472 9.10040248218 70.8611318002
1457 1464 8.29771201017 92.8818629633
1458 1462 5.70719076525 61.799019746
1459 1464 6.91176751767 70.4179478369
1459 1462 8.26594072673 76.2190650321
1460 1743 4.34080858667 37.1849135068
1461 2252 5.46651951752 9.66195389745
1462 1483 10.524157132 13.5343823122
1464 1465 6.9221366795 39.7798137069
1465 1466 9.21555233002 28.7302105805
1465 1485 10.6157589469 99.5807345617
1466 1467 6.40403896166 50.4696798289
1466 1524 9.20752926078 273.532065729
1467 1496 6.9261935665 31.3130748105
1467 1476 7.99992649458 35.2137617054
1468 2130 4.48204550067 34.8450001655
1470 1472 8.74413776398 18.4295957633
1470 1475 7.3630153551 116.453834731
1472 1516 4.50313639542 157.279300871
1473 2157 4.75502938896 20.1307289384
1475 1514 6.73825044064 47.0538705206
1475 1516 5.77390990454 27.1692028525
1476 1560 7.24108679776 170.01529466
1476 1501 6.6716120378 37.0288174992
1477 1501 6.06612823594 61.242106189
1479 1535 8.39614732313 413.855167636
1481 1483 4.77924189402 59.3757724351
1481 1482 6.14503395543 40.7524369809
1482 1484 6.41914444295 76.7769702652
1482 1489 8.50576324407 60.0172572292
1483 1484 7.07521004684 23.794814868
1484 1486 6.71921316865 40.6182980657
1485 1486 10.6171197579 38.8798950824
1486 1492 9.32676315308 133.411487511
1488 1598 13.8416976082 55.8666229478
1489 1490 10.4261069422 31.5226584319
1490 1599 9.12576282454 73.0429340782
1491 2156 3.75268605975 26.4290940559
1492 1603 12.9462322909 147.11254833
1492 1493 7.15224177463 143.029815591
1493 1497 8.00066932694 76.7837183896
1495 1496 6.41559950857 53.9180612509
1495 1497 8.09362794374 14.2751095855
1497 1499 4.35821712104 28.0365190204
1498 1751 4.76327246636 60.3171783976
1500 1503 11.7948609305 21.5874014444
1502 1507 5.63657587133 24.7147974553
1503 1509 4.90757854609 90.7380815539
1507 1508 6.33610690102 37.3049947652
1507 1509 6.09901296619 128.066902682
1508 1512 7.30426552699 29.5419291502
1508 1511 8.17135409647 43.2227743489
1509 1510 10.7961075419 10.1590336287
1510 1624 8.40443774909 93.1692368291
1510 1511 7.25136785289 60.708589486
1512 1568 8.5051919706 6.27291102856
1512 1572 6.87728287845 66.814187107
1513 1606 8.08939813062 71.246779152
1514 1520 6.78235207821 69.5332382567
1517 2130 5.05554837275 70.7780453194
1520 1536 5.40676297879 168.553581652
1520 1522 7.25904623278 52.538689675
1521 2109 5.66915591677 43.4561619573
1522 1523 8.90387787937 95.7157166035
1522 1524 9.07158672874 69.5996531678
1523 1537 8.55441220422 56.4633565398
1523 1543 6.27438658057 46.5864852703
1524 1525 6.77473473817 24.7639955403
1525 1528 6.95909823633 44.255122575
1525 1526 4.57529273052 42.4288505838
1526 1527 6.67889039218 19.6426038859
1527 1560 5.95287973357 38.0684077583
1528 1560 6.00453297012 82.3155062551
1528 1532 5.87902504365 66.1897619911
1529 1532 5.05021195605 28.7426483581
1531 1547 5.08179440193 41.3799638187
1531 1533 5.81489684164 36.7038767067
1532 1533 6.94705711178 20.0616259746
1535 1536 6.00932713289 37.9913665296
1535 1538 7.96548024801 65.6626276028
1536 1537 5.87118754317 42.8736474173
1537 1541 8.74154831364 72.6298070287
1538 1540 7.85537388051 77.8531470141
1538 1541 5.69748156148 80.6267817024
1540 1753 11.5314072359 58.7992151818
1540 1542 4.79159040257 62.9338344468
1541 1542 7.15521216483 39.6346097342
1542 1754 8.00983615979 99.5501967381
1543 1547 8.41360281133 14.5589711526
1543 1545 5.76035340815 49.2648151182
1544 1545 5.74948716221 18.6174672083
1544 1546 5.22197360103 40.7638349515
1545 1546 9.15282380357 16.7900268016
1546 1551 7.76277842696 47.6330242584
1547 1548 5.89305899475 62.4775564837
1548 1562 9.08190822601 142.585412999
1548 1550 9.27133141778 57.9011154795
1549 1751 4.32611625963 7.54699694523
1550 1588 6.18611602362 29.2333625522
1550 1551 11.2370483385 20.6241588451
1551 1556 7.95660542782 73.4939428008
1553 1555 7.04013708366 42.0122006089
1554 1750 6.18121126498 37.2342322772
1555 1556 6.79703003053 24.3546856842
1555 1559 5.52911845343 38.9252877096
1556 1559 13.0112903109 32.1442590471
1559 1758 11.841306118 21.6781161671
1564 1580 6.62632580727 17.7575915962
1564 1585 5.25419549098 39.2904883206
1566 1753 8.38702518172 14.3632259662
1567 1576 7.50482864144 73.7732721872
1567 1572 7.38187584525 62.4920991347
1569 1689 5.57581067494 74.9965223074
1569 1570 6.01863884204 33.1235811243
1569 1572 8.79576778046 15.4852389741
1570 1571 5.18518430393 31.4906818112
1570 1574 7.62304909446 25.1932263751
1571 1577 5.01496199332 21.2272587793
1573 1576 5.02196669769 56.1439476097
1573 1574 4.97366627503 31.7363925457
1574 1584 7.11147268022 141.873437611
1576 1584 7.53946698883 58.6234883216
1577 1692 4.18109950167 37.6074929436
1578 2152 6.33263731003 4.71301389771
1580 1581 4.04821981671 33.3723387225
1581 1582 6.18700293476 15.5623584351
1582 1588 6.73470188945 45.0197469148
1584 1585 8.98087692261 7.47328575661
1585 1587 7.66691673941 37.8949477825
1586 1820 6.45396716212 23.2151842952
1587 1589 6.74891036351 75.7027410336
1587 1593 6.3047676515 43.6086078208
1588 1589 6.9510828615 29.6363481281
1589 1591 6.6919057814 87.7774531253
1591 1592 12.7086523395 14.9665164032
1592 1593 6.31367267494 73.5120463796
1592 1597 7.18944335228 104.945770799
1593 1594 7.37330090726 32.0542358078
1594 1595 6.00237900897 41.3268410229
1596 1692 11.1769754065 156.753524262
1596 1597 11.1156223785 85.1561627394
1596 1703 5.48602349944 46.9367893904
1597 1989 9.17180658586 177.104390121
1598 1600 8.48581666863 33.9036871151
1598 1612 7.70559150087 160.062138743
1599 1601 11.7460523432 37.5754236844
1600 1601 9.32676315308 28.8766341529
1600 1602 20.8134286012 45.3343758778
1601 1604 6.09185745061 57.4848170704
1602 1604 24.286488814 52.5383821456
1602 1615 41.0124447651 55.2274886983
1603 1604 20.7880265143 12.997688824
1603 1605 24.4391588686 57.414965698
1605 1616 31.5746034501 19.7914129547
1606 1742 5.26263764374 63.302898017
1607 2158 4.97201515811 16.7501253773
1608 1609 11.4363307953 10.0550982094
1609 1610 8.13465981919 30.962262146
1610 1611 12.8654368764 18.1878610184
1610 1612 14.2152236302 21.3780874389
1612 1614 13.1510133129 8.58682543856
1613 1618 32.5810971481 23.2702890907
1613 1614 23.1429034922 63.7901385939
1613 1615 43.8845992105 43.8168177474
1614 1619 5.91313967928 60.939992713
1615 1617 33.5692611054 82.7040568864
1616 1617 24.6697188524 30.8573182987
1616 1625 8.95037038119 93.9977032874
1617 1627 7.45986348999 73.8655388309
1618 1642 27.7485549608 28.5396478769
1618 1647 8.82628711482 81.238537653
1619 1641 11.5117759705 4.0
1621 1623 36.3502836821 99.5443560388
1623 1632 8.57550613578 151.959375529
1623 1624 34.9333297696 87.637403549
1624 1686 35.3513513446 114.030210276
1625 1666 7.49037299968 67.4894179421
1627 1663 4.38868817166 39.3766085509
1628 1681 6.28960815094 103.910187735
1628 1631 5.48212103071 16.6185513664
1632 1696 6.17186219497 75.1949232232
1632 1722 8.05269529097 93.6303835213
1633 1634 10.6995792389 9.51380575795
1634 1638 6.69089504589 100.393916473
1635 2164 5.4303031259 28.9729361656
1636 1650 6.37909405329 112.766833083
1636 1637 10.7553806305 8.36779540859
1637 1650 7.11293124082 67.8665825191
1639 1764 4.7946039015 145.638408695
1641 1642 18.7609603114 27.5397820445
1642 1643 21.6861573366 24.5871916744
1643 1644 19.0158783614 21.8004924332
1644 1701 4.55386208777 60.6099208051
1644 1645 19.3269348145 11.808577391
1645 1652 25.1185347408 30.6265031427
1645 1654 22.2748839723 77.481936666
1646 1668 5.16479021651 66.9954473512
1646 1654 7.70839426172 65.9266790307
1646 1647 9.30493010543 9.72429980002
1647 1668 5.49902845105 91.7706367824
1649 2050 6.24427406968 101.500147783
1649 1650 12.4523086381 12.5993537957
1649 2039 6.75541694177 63.1130507454
1652 1660 7.38960919018 80.9640043476
1654 1657 22.1775746807 65.0991731903
1655 2172 6.12375518701 25.8781766227
1657 1675 26.2356981471 40.3337388603
1659 1661 6.57444107869 27.0356972857
1659 2039 11.8166314202 25.8965288075
1660 1661 7.32023493502 89.3204739322
1660 2046 6.82968646703 87.9477672048
1662 1664 6.39996677575 30.3522574947
1663 1664 8.74413776398 11.7959738894
1663 1665 6.77951574732 32.9143682191
1664 1675 8.01133881905 100.955709159
1665 1670 6.60035776464 65.0741866422
1666 1669 8.46980362156 32.5170633698
1667 1834 4.6958275784 29.2154624105
1669 1680 6.99233030774 60.8089874275
1669 1671 7.36670632736 30.2090842811
1670 1671 5.67314763946 32.1726587704
1672 1674 5.71670804172 38.7877055189
1672 1681 7.02714829216 58.4124580052
1673 1674 8.14776515961 8.13941029805
1674 1682 6.44520281691 69.9190481244
1676 1780 6.60374767848 6.7970556374
1677 1780 5.5329115424 7.90389722136
1679 1680 9.62780570984 5.10881590978
1681 1684 6.66110803637 77.7654900617
1682 1683 6.20951265079 25.8332251511
1683 1685 8.28594319993 11.9058265452
1684 2064 17.481826475 61.0319635429
1684 2066 17.0931109239 79.9153024816
1685 2066 5.68077280198 56.9144531735
1685 1722 7.31160043308 84.1037410251
1686 1690 34.314540572 73.953607719
1686 1727 8.49838155889 214.727651781
1687 1696 8.00465505262 18.1162360457
1687 1698 5.76215254499 62.9851228986
1689 1690 5.03765241611 71.4477529365
1690 1693 34.7168230504 44.9043085086
1691 2168 6.3962870595 15.2541690919
1692 1693 14.306189471 101.488414184
1693 1694 29.3249343136 31.5926098168
1694 1713 29.5362783992 89.9499263195
1694 1695 9.13014793396 32.3181450582
1695 1737 7.42956710608 136.812230922
1695 1700 5.66260528361 68.4021974202
1697 1698 7.9789557041 16.2118171021
1698 1723 8.06943549109 87.1695778615
1700 1725 6.54218908887 47.0363443383
1703 1713 5.54399751111 141.230101962
1703 1709 5.4045632355 25.9813854264
1705 2168 5.90099617104 55.4216726158
1706 1707 7.13708136825 16.9696133937
1706 1709 4.37287326567 41.5163525824
1708 1712 6.94640198454 60.2415835581
1708 1875 6.52686290608 12.3124210321
1708 1788 8.26354732044 32.604946602
1711 1712 7.01093292916 33.3079572164
1711 1715 5.58913938466 91.4178407208
1711 1718 4.94551205842 82.4395419641
1712 1881 5.71999664964 54.2076597594
1713 1714 30.5422906465 87.918116846
1714 1744 8.46404005556 138.259795544
1714 1715 29.2616652271 10.7494426393
1715 1718 26.5365309351 35.7347009389
1716 2165 5.20039674379 6.85566112368
1718 1719 29.0214025226 94.1449288558
1719 1889 28.118304259 72.631883417
1719 1921 6.81787144452 125.221819098
1722 1729 7.26525633406 38.3922941117
1723 1729 8.03741874052 52.8356494918
1723 1731 6.95603107147 51.4644212995
1725 1728 6.30150684324 57.7648094065
1725 1726 5.24839088795 18.3328239629
1726 1741 4.43121126908 58.0934270556
1727 1728 10.5 7.30154093325
1727 1734 6.51859786581 82.6620858088
1728 1735 7.79178951982 59.3421185708
1729 2069 6.95368072757 123.087161732
1731 1734 5.80334975667 43.827828247
1734 2123 7.36409622178 45.9752920657
1735 1736 7.19395337228 34.6654164142
1735 2133 6.68757373706 102.361718805
1736 1746 5.92569497323 41.1818398963
1736 2125 7.9987508598 76.6747744327
1737 1738 5.02896423024 123.01595044
1737 1740 7.67027540569 37.3953689332
1738 1739 7.01573181845 30.1050129241
1739 1750 6.69322533014 81.8816041204
1739 1743 3.76607084575 31.9803819957
1740 1747 7.03865081393 62.9664647492
1740 1741 4.93267025194 44.7925287347
1741 1746 5.96267264844 37.5735629957
1743 1747 5.05094403902 79.7071011979
1744 2142 8.65212005028 146.431060286
1746 1748 4.10460205389 44.084384989
1747 2131 6.90944969013 89.0966793958
1748 2127 4.43718453452 61.9047201823
1749 2247 5.55589164711 90.3420609916
1750 2128 6.71000291023 76.5677680273
1751 1752 5.84245222783 16.8151712371
1752 1921 8.67367092518 7.25491853549
1752 1932 6.18820311371 58.0504461998
1753 1827 8.08956279392 587.079082112
1754 1755 5.42601718706 46.0220619511
1754 1757 7.660512776 53.5433867049
1755 1756 7.78481879805 10.880322656
1757 1762 5.36238351039 102.802480824
1757 1767 7.28548525527 101.440298551
1758 1762 10.5779474727 98.8927937669
1758 1775 5.54168699983 107.967485234
1761 1796 6.01130744617 100.399437594
1762 1763 9.15413352792 63.5907049954
1763 1924 9.29273034686 180.971003463
1763 1767 5.85203107076 81.1878329955
1764 1778 5.71089047205 71.5635944437
1764 1787 5.51291210259 66.1813199294
1767 1768 6.69567491135 215.143988684
1768 1828 5.86037039371 228.184191092
1768 1772 5.37484320649 52.321734664
1770 2266 5.1844190227 11.6717122484
1770 2263 3.97059317683 19.7808112998
1772 1924 9.94177044624 24.6995622342
1772 1822 9.00623391976 156.031524878
1773 1872 7.7462600131 85.5891994638
1773 1983 6.39121987844 66.3966190674
1774 2184 6.0270756263 12.2646028327
1775 1776 7.20420816625 45.9867248206
1775 1938 6.22527099195 36.0362722192
1776 1778 9.22019767761 5.694295391
1776 1948 7.26523478348 32.7243874747
1777 1801 5.07725200321 30.4367748769
1778 1780 5.02066303419 28.5587602845
1779 1824 4.29488136559 9.31004890195
1779 1948 5.5380637354 23.298171153
1779 1831 5.13175323234 31.4891961163
1781 2185 5.93981981318 9.12725475265
1784 1785 5.83655865709 70.1775340294
1784 1787 5.87557196255 20.6443823625
1784 1860 5.50852582751 37.602809908
1785 1948 7.86968010999 15.9761918728
1785 1989 5.86891542365 56.9369157063
1786 2160 4.08373070513 19.2521327434
1787 1796 6.24826398701 38.5888033451
1788 1790 6.40622782669 64.6251930719
1788 1871 7.47213602066 4.7929635926
1789 1801 3.82718189733 30.5928565837
1790 1876 4.83334479434 33.7201072314
1790 1791 6.11369754609 67.5435221141
1791 1795 6.74319298409 37.804328755
1791 1894 7.16718179444 11.3517776718
1792 1899 5.35417716322 12.5774659481
1792 1795 5.34558798522 37.6777438218
1792 1902 5.88894028754 8.23697282681
1794 1795 4.26832926183 27.7295679512
1796 1798 6.05639894285 44.6999514759
1797 1800 6.09090191147 55.1326110331
1797 1924 6.9157383559 89.4241500917
1797 1798 6.82303711462 60.8276207046
1798 1802 6.92033682256 96.1285905132
1799 1800 6.04341161437 47.8512759584
1799 1801 6.52452839532 51.9475991378
1799 2223 6.12071120047 31.6618701558
1802 1803 11.2093340388 15.1303768522
1802 1989 11.6080535013 84.2724215997
1803 1804 6.5721363874 68.8202171398
1803 1812 10.5333756327 173.138841149
1804 1884 7.61840464187 57.6922160387
1804 1805 6.14835205603 31.0719953815
1805 1885 6.68262481213 48.0839556745
1805 1806 4.82312474852 48.0890948264
1806 2003 7.34342050552 6.13371828502
1808 1810 6.56702636253 47.3190539657
1808 1885 5.80225517684 50.6638096135
1808 1814 6.56431192757 14.2943835439
1810 1811 6.1777168177 63.0230162381
1811 1898 6.1773107776 67.3283953549
1811 2030 7.63668012619 3.91311896062
1812 1844 9.27110862732 109.78530184
1812 2223 6.30981548377 79.9507692566
1814 2038 6.04951000214 3.23109888428
1815 2042 4.89266502948 16.0987161215
1816 2191 4.7619287556 32.3996591525
1819 1823 6.04111670913 71.1088307592
1819 1822 7.1835657292 32.9074118679
1819 2223 6.87225222715 87.809703142
1823 1826 5.30318830033 58.9591823057
1823 1844 5.551385907 59.4701170633
1825 1826 5.63306606886 24.0602592031
1825 1846 6.07801631214 86.192968711
1827 2170 6.81295488819 9.72094502194
1827 1828 6.29382200739 17.8482268475
1828 1830 4.9003994758 56.9389518422
1829 2180 7.12586477033 10.9724781789
1829 1837 6.31469523687 167.10762068
1829 1830 6.21435667408 9.99349573915
1830 1832 5.92820729458 24.3796882842
1832 1836 5.83385059988 47.9175078218
1832 2189 3.82296523179 18.1571981739
1834 1841 9.10567028079 54.7901150508
1836 1841 4.91020801429 46.7976710558
1836 1837 4.4962055739 107.963633194
1837 2287 6.13548830921 184.233956241
1839 1841 10.6959491085 16.7482480783
1839 1861 8.95016285754 145.62573415
1839 1847 7.1925268027 63.8226612216
1844 1845 11.523984952 28.3016400707
1845 1854 6.51667854689 64.7917236819
1845 1846 10.6399533362 33.185647447
1846 1851 11.3391148887 80.7317633948
1847 1851 6.15337797933 74.2420635827
1848 1849 5.61711447202 26.5111676434
1848 2271 4.8279873342 16.5171002479
1850 1853 3.18872119963 25.0470005838
1851 1858 10.9443762024 48.2105893029
1854 1906 4.2328442324 41.2882404169
1854 1855 7.0952738813 31.0976190992
1855 1904 9.0 10.9345781812
1857 1859 11.5929851532 7.00357051796
1857 1862 5.12682274977 113.860462658
1858 1859 11.1563297384 38.9410983923
1858 1959 5.90064301334 91.708940233
1859 1961 5.66328896052 66.8213440889
1861 1867 8.75066168987 151.210093983
1861 1862 5.31206124386 44.9524905817
1862 1865 6.53191519672 30.3912599076
1864 1868 5.86456417747 29.2799877872
1865 1868 5.93311460926 17.3849914742
1867 1873 5.53535311493 57.378509966
1867 1870 8.81567805233 29.3796253373
1869 1873 4.69228850978 47.9300444421
1870 1872 8.55926022308 79.1558849216
1870 1978 6.41389898166 80.3260112862
1872 1979 5.69950690301 116.429841018
1873 1975 5.31649709994 81.2390545535
1876 1878 4.73604156673 28.4820143675
1876 1879 5.83130829685 60.1313332032
1877 2213 3.17798608684 22.4188788012
1878 1882 7.1015511001 37.7164803783
1879 1881 8.52617601425 11.0718841312
1880 2200 7.3541021347 5.61270879344
1882 1884 7.99683955583 71.4620645468
1882 1887 6.93486864203 63.4692170795
1884 1891 5.75062022898 108.87288215
1887 1890 5.74143826925 49.6283423121
1889 1890 6.65446636585 51.2995824907
1889 1919 27.3232434669 48.6898948756
1890 1891 6.91160394131 113.512835625
1891 1900 7.71530608148 114.074348758
1896 1926 5.09381244738 67.6744650506
1896 1897 8.76400318658 8.2326668098
1897 1925 4.81249089389 91.3946747684
1898 1904 6.78822609876 109.096194218
1898 1900 7.58437409033 82.8829318788
1900 1910 6.42102084427 60.177340817
1903 2211 5.04231658379 10.8999355085
1906 1908 6.08942819598 38.887037373
1907 1908 4.12879012925 24.6957956805
1908 1909 4.59528799826 23.7270548687
1909 1960 7.590169239 64.1665091984
1909 1916 7.60616204977 79.7753021583
1910 1912 5.62033732169 43.0448051993
1910 1926 7.44566973764 60.3047026315
1911 1912 5.4193629985 119.778690688
1911 1914 6.78443186014 37.7831214419
1912 1913 7.90336792567 8.62062965754
1913 1914 6.84793253633 20.2991458994
1916 1917 7.84155079683 48.909743044
1917 1928 7.64720490949 215.119070114
1917 1941 5.37034854218 53.1424088915
1918 1969 4.03601025377 38.2850980396
1919 1922 6.27871295494 72.334725409
1919 1925 27.2302424509 63.8912312963
1922 1930 5.53930430942 34.7211750006
1922 2149 7.00032450303 91.6876692944
1923 2211 5.28307431196 8.48968978375
1925 1927 27.0923128545 57.530638392
1927 1936 6.07602932566 80.0440503723
1927 1928 27.5806477632 46.0307308156
1928 1947 26.0470106664 52.1411043117
1929 1966 5.71589085694 27.6240565576
1930 1933 7.3274580021 74.5386711707
1931 2252 5.97594898174 31.4709127896
1931 2214 4.52748949522 37.8333642546
1931 2254 8.8865545886 16.6263471461
1932 2147 5.95038429232 68.3877833331
1933 2143 9.10712110606 17.90251379
1935 2150 3.84915026772 27.5762800091
1935 2149 5.26157452016 35.2151828837
1936 2151 6.99771496762 59.2914950193
1936 2150 6.24199787554 46.0470663628
1940 1944 5.11004126264 28.9541700469
1940 1949 5.06964840803 125.970034006
1941 1944 6.28230041396 26.0337485005
1941 1943 6.0431403652 75.2517694238
1943 1969 6.97138801811 66.9271530748
1943 1954 4.51640406451 97.4876796177
1944 1945 5.54649969842 32.0243094709
1945 1954 6.80009778051 8.51938084711
1946 1971 8.29733318711 144.238203018
1946 1955 6.82082331583 89.1153893725
1946 2005 6.36565503422 44.7227966568
1947 2161 8.16522338176 172.704768181
1947 1949 25.881132083 60.6213576852
1949 1950 27.0759099761 23.1102913616
1950 1952 26.0102950233 25.8762337776
1952 1955 7.58039243524 98.5046370823
1954 1955 4.28919945331 32.3715421354
1957 2005 6.71406797582 41.1193437538
1959 1960 7.50738937259 44.931064928
1960 1967 5.79305983757 57.2810101648
1961 1964 7.83923875763 10.713324334
1963 1964 4.8581978436 56.0605255107
1963 1965 7.53374393165 13.2678542677
1964 1968 7.36160131658 71.6586964673
1965 1966 5.10684893837 44.9729246143
1966 1972 6.07703081807 20.5193109287
1967 1968 5.88799885729 51.3898124959
1967 1970 6.02021942772 42.9415562208
1968 1971 6.65519073556 56.9900649796
1969 1970 8.27526950624 14.5732995541
1971 1973 8.60828480571 21.3696460076
1972 1976 6.59306263706 64.428419086
1972 1974 7.14344197471 80.1515275878
1973 1995 4.87058581588 40.6242995407
1973 1999 8.23506252874 47.8809285292
1974 2001 7.87724710118 22.0000537651
1974 1999 7.27794505933 57.7949672331
1975 1976 8.83772833215 59.1908987937
1975 1980 9.136674205 86.8799459024
1977 1978 5.055816787 28.2457388195
1978 1979 6.04412256973 29.9742680004
1979 1980 5.60093503766 51.0017559499
1980 1981 12.0207977295 8.52423017052
1981 1992 10.2957214203 70.9805939154
1981 1990 5.52998601273 73.3945260763
1983 1992 6.44339661603 72.7372741913
1984 2226 4.36844552404 13.3465654779
1985 1986 6.1456649847 22.1779439971
1985 1987 4.83089282363 27.3374139568
1986 1990 5.57965403992 32.873684916
1987 1988 8.06225776672 6.04669331123
1990 1991 7.60697774274 18.2733789206
1991 2018 6.70930731808 74.9677351048
1991 2023 6.10449811249 72.5164625048
1993 1994 5.58201632176 18.1438967162
1994 2028 3.98968510608 26.9519245467
1994 2023 5.60102133922 33.0562639763
1995 1996 7.95081803801 6.13943099459
1995 1997 5.3602135506 90.0544267051
1996 2002 3.31746007734 43.365200987
1996 1998 3.97638854004 52.5138160965
1997 2007 4.20673487132 35.4884465865
1998 2004 6.9336804106 15.7865280983
1998 2007 6.36935868802 58.5479129514
1999 2000 4.85687977336 45.2616552635
2000 2002 6.18381139055 29.0691048863
2001 2018 7.26688777826 58.0409390414
2001 2012 6.36562315199 109.66790392
2002 2004 5.03484568757 35.8684586541
2004 2011 6.05720872157 18.1213076503
2009 2010 4.81323638277 23.3459408362
2010 2011 5.77271280176 69.9478785252
2011 2012 6.50650264768 52.6595664718
2012 2014 5.89775701729 54.878753173
2014 2015 8.73488645827 39.4656175392
2015 2019 7.46993205631 117.520042636
2015 2029 8.0002734257 44.0028884072
2016 2239 5.25708086369 30.9976215662
2017 2264 13.4550136042 88.762851679
2017 2261 13.7535508564 79.7288890574
2018 2019 7.45610175696 23.2944152098
2020 2021 4.01150088304 27.3259064135
2021 2026 5.53606072854 113.93111856
2022 2122 6.85179477235 24.7651926852
2023 2027 6.11083297436 45.0506266321
2024 2232 3.5302724252 14.9026126705
2025 2027 6.96343782408 67.0341414899
2026 2027 9.71607667825 7.73738359582
2026 2031 6.98463707756 27.325336115
2029 2035 8.25415348579 111.04526678
2031 2035 7.72188388726 59.8789754786
2031 2034 4.89544594651 35.9648426679
2032 2034 5.764359854 31.9241192905
2032 2033 4.92630586685 18.0569072367
2033 2037 4.13155510251 41.9681960028
2035 2036 8.17837421381 19.4978560592
2039 2040 14.9851493835 9.83933432708
2040 2043 14.082730148 34.9734204603
2040 2044 5.99140549274 42.0885719808
2043 2057 5.2210777631 70.6885750771
2043 2059 13.5481159441 62.5840091313
2044 2049 12.8484349841 18.9223076906
2044 2052 7.71301539 26.8900670039
2045 2232 4.5534307362 34.9932952731
2046 2062 5.18973712982 91.2104799619
2046 2047 10.3591749296 35.5824547903
2047 2060 11.4092861 10.0010575103
2048 2056 12.4548931835 38.0109898189
2048 2049 15.0150364574 16.7462583074
2048 2053 11.232853945 27.0398968965
2050 2053 7.35434563932 35.0692216305
2050 2055 15.7903596662 15.1959456961
2051 2245 5.33447036579 39.8765316991
2053 2090 8.4504576704 127.554577785
2054 2080 6.08633271168 62.1040138054
2054 2055 8.66347188078 22.754175441
2055 2088 7.07368392671 121.185152902
2056 2096 8.68603169919 117.062439278
2056 2057 6.40470424163 40.6066719225
2057 2081 9.32676315308 26.5106110831
2058 2248 4.6698846184 67.2381343319
2059 2062 12.9002142629 54.0493196932
2060 2082 5.26830306889 86.7885240658
2060 2071 7.10197974084 37.3750168491
2062 2082 12.8727798025 53.6918605672
2063 2070 8.56222826916 95.6992763039
2064 2065 5.71627396739 65.6999588229
2065 2073 6.12554222861 72.878824051
2066 2069 16.3864835742 99.6025993739
2067 2074 5.58793640672 22.163290434
2069 2138 16.9567204785 39.9263288923
2070 2072 10.5345620709 6.89492711016
2071 2102 6.98284433693 38.1208961322
2072 2073 8.39669697938 83.3055413457
2072 2103 6.86126165557 31.3710896322
2073 2104 9.72193403681 13.0893571289
2074 2075 4.16389997161 22.1777611298
2075 2076 8.29793804639 12.8272006979
2076 2112 7.80170561559 31.1681910138
2076 2107 6.53909504614 54.6627203933
2077 2107 8.3419267476 12.2043363679
2077 2108 6.26025242843 114.464388507
2081 2085 6.65173345459 70.9369376679
2082 2083 13.6076547842 17.8234410077
2083 2106 12.6953184952 95.1461742169
2083 2093 6.880613713 43.3628067956
2084 2086 5.39836148428 25.8193159113
2084 2093 4.16056671822 90.2223702637
2085 2098 4.43688410398 36.0196173089
2085 2086 8.92432904108 11.1950355805
2086 2095 7.39353415554 21.3759138273
2088 2199 4.49308176073 31.3884380925
2089 2244 5.48578936392 17.9712666249
2090 2214 7.38066451758 65.286796444
2090 2199 6.68578439901 39.2677159485
2092 2096 6.02006672221 25.4877057283
2092 2098 3.2475409122 28.3932084096
2093 2101 6.09942655276 41.7269018004
2094 2243 6.12310552597 8.92594532809
2095 2208 5.69788961822 70.6237787047
2096 2097 11.008417148 7.55316760089
2097 2208 8.37081752221 85.1001825509
2097 2204 5.04106899771 39.2156209542
2099 2241 6.1735180798 16.8856904585
2101 2209 4.94671895927 43.4781055364
2101 2205 4.91276396357 46.6358281403
2104 2112 8.63473007868 19.5818360368
2104 2116 7.66357257694 102.325111495
2106 2113 14.9510531001 18.32738115
2107 2120 6.92472800239 91.6222453846
2108 2111 6.88797504226 42.047524058
2111 2120 7.10295252948 63.053840519
2111 2119 6.41209357236 41.0981926903
2112 2118 6.04562686498 90.5668189253
2113 2114 14.1005269263 74.7529204724
2114 2116 12.9869825154 48.2770414866
2116 2233 12.7062126006 39.8055577446
2117 2118 4.17690017791 23.470450882
2118 2231 6.51363370653 56.2355893775
2119 2122 6.38502283034 45.1986588327
2119 2171 6.81460101655 37.7180348586
2120 2121 10.1681898858 10.5662688449
2121 2234 7.18837120904 42.6521566242
2123 2132 5.38001010677 66.9837121952
2123 2124 6.42084291031 17.4115411487
2125 2129 6.65517056147 33.6223647109
2125 2162 6.10928723988 85.2319544653
2127 2129 5.12516066379 27.6298478512
2128 2131 7.95439450437 15.5266627258
2129 2130 8.81927286769 15.7306266144
2131 2169 7.4716828321 129.739652545
2132 2138 15.6685145773 41.7642192422
2132 2134 15.5406747046 43.504776931
2133 2135 4.33869273295 45.5898073116
2134 2164 5.80777031451 56.0331729291
2134 2135 16.1140085991 28.4355846807
2135 2163 15.1111012682 43.4949504865
2136 2268 4.36183785346 44.8212937438
2138 2171 7.90885497441 101.62074434
2140 2141 5.70271926388 27.3553631917
2141 2168 7.26281404154 25.9325285753
2141 2142 6.44810049728 94.7406819375
2142 2145 9.0431898293 16.470625143
2143 2144 4.74419141996 29.7206409269
2143 2153 7.41738398982 79.9652986648
2145 2193 6.11478392099 184.886482927
2145 2147 6.60469971283 45.6532411692
2147 2153 8.21715598267 22.9769733741
2148 2250 5.9280489636 11.4691713705
2149 2184 7.29099749454 123.463887932
2150 2152 5.99317789212 29.9902963785
2151 2186 5.57898856837 87.8933796731
2152 2157 3.85863379386 37.3107922004
2153 2183 7.32430842667 78.7040062391
2157 2160 5.82111067386 42.4555189479
2158 2159 6.23730531813 18.5803115468
2159 2160 5.54516973074 23.223528424
2159 2185 6.50384770313 29.6382323355
2161 2186 6.66304046981 54.1026599298
2162 2163 14.5440456655 35.2125995197
2162 2167 14.2387375114 44.6816475866
2163 2178 6.60400879911 74.9389418337
2164 2165 5.87227617961 32.1364858114
2165 2177 5.65013585404 40.1134580234
2166 2216 4.83194016311 36.001646806
2167 2169 14.3779388471 46.7265981648
2167 2246 5.52423565433 142.852632536
2169 2182 14.1869731866 97.2235970216
2171 2175 8.08782616081 45.9898670869
2172 2176 5.75209398376 32.892601844
2172 2173 4.18636090045 16.3210042297
2175 2177 6.62846870652 57.5219784935
2175 2235 6.83022544119 27.3340803615
2176 2177 8.66313442931 9.80067222357
2176 2238 6.42529950138 64.6673116051
2178 2179 4.38340102761 28.3279365692
2178 2237 6.85740261613 61.3187375229
2182 2291 7.69115756006 106.939318501
2182 2193 13.3864450562 46.657480949
2183 2187 5.99774007641 72.5279171678
2183 2191 6.99234642107 57.7450481887
2184 2187 8.58991165917 24.549275671
2185 2194 6.14041339387 44.5343352613
2186 2198 7.55602219296 57.7310587758
2187 2188 10.7002372742 7.54072277703
2188 2194 6.57357761667 39.1814477568
2191 2294 5.82332023053 61.1916634857
2193 2289 14.7607404456 27.7807425079
2194 2195 7.19952695223 51.9559516379
2195 2198 8.16577197062 48.3194999242
2196 2256 4.7492362577 33.9809053911
2199 2215 7.39976258253 33.13389152
2200 2201 7.49839699651 14.0900054125
2201 2204 6.89278754756 18.9598771831
2204 2217 4.65681975272 52.9052927647
2205 2210 4.70993658849 27.3988786916
2207 2209 5.48559956984 40.1253471111
2208 2210 8.11668014821 39.4308015045
2209 2222 6.10824639741 20.2920230768
2210 2225 7.248384831 32.962695321
2211 2212 7.17558860779 4.29912781852
2212 2221 5.18809438462 23.1804640969
2213 2216 6.42407497596 11.070439434
2214 2218 6.56436077464 29.6962613295
2215 2216 6.67063311356 22.2712035106
2215 2254 6.427119097 50.568541369
2217 2218 7.95025784401 36.3796308213
2217 2219 10.4257824572 23.9652869245
2218 2252 4.42227018143 21.7238206698
2219 2224 3.49025995135 49.2836374018
2219 2220 7.2788605056 25.2827957797
2220 2224 7.22253658623 26.6400293516
2221 2228 6.01434669451 25.8690638101
2221 2239 5.88700104087 25.7797350616
2222 2226 7.92881693338 63.0805300144
2222 2229 11.39217238 16.1050325519
2224 2225 7.73884022613 111.124003613
2225 2229 10.3244195596 39.1791467063
2226 2228 7.79426622771 58.1541189912
2228 2255 8.82725814529 16.7538055378
2229 2255 5.36761592955 156.025097803
2231 2233 11.7092835997 27.6948682448
2231 2234 12.1993834853 54.3888191771
2232 2235 5.32334025788 30.7498138769
2233 2241 5.25382414282 44.9290426276
2234 2242 11.8991465844 47.0611526415
2235 2245 5.46168929672 37.6211741358
2237 2246 8.01017763368 70.8952250614
2237 2238 7.95394732944 24.6008205942
2238 2258 7.70363210782 87.9154691359
2239 2240 8.27376937866 7.00446286306
2241 2243 5.53431990278 40.2676241236
2242 2256 5.3965066883 39.4872480294
2242 2260 11.8500096429 119.637941035
2243 2244 5.21496419543 36.5225548476
2244 2257 4.91124526478 20.4092961809
2246 2249 7.77514406275 44.5816129152
2247 2248 7.28760932906 9.6436262724
2247 2249 8.95006750504 16.3477827243
2248 2250 5.10134828288 30.3808418922
2249 2272 6.66996669154 54.2059694424
2253 2254 7.43599891663 7.03011379709
2255 2261 7.7571028654 158.910430746
2256 2257 5.36951043815 28.953741647
2257 2261 6.93256797771 32.4088147576
2258 2260 12.0833864463 42.9686367289
2258 2269 11.2186432752 93.7056612681
2260 2264 5.32418643372 80.4958208264
2264 2265 12.8568340958 49.423492079
2265 2275 12.353081061 67.7945374027
2265 2267 9.34762954712 13.2824131844
2268 2269 4.9551570203 30.7584102494
2268 2279 6.60551970305 21.8028589037
2269 2270 11.5227232275 16.227571276
2270 2281 11.46247412 132.677261406
2270 2274 5.07364528178 46.8146963331
2272 2273 6.54453925391 53.1960948456
2273 2281 5.95229230293 47.1459684992
2273 2291 7.88276679108 92.9950581844
2274 2275 6.1044477373 27.4290412392
2274 2283 5.01096317818 6.86417027875
2275 2280 12.4228190485 114.766061282
2280 2282 13.5199711997 25.6547287944
2289 2290 4.05538000194 47.1819607781
2289 2294 14.0072514249 59.4251357719
2293 2295 6.21458851122 36.1205624991
