0 1 1.0 3.16227766017
2 3 1.0 3.16227766017
4 5 1.0 3.16227766017
6 7 1.0 3.16227766017
8 9 1.0 3.16227766017
10 11 1.0 3.16227766017
12 13 1.0 3.16227766017
14 15 1.0 3.16227766017
16 17 1.0 3.16227766017
18 19 1.0 3.16227766017
20 21 1.0 3.16227766017
22 23 1.0 3.16227766017
24 25 1.0 3.16227766017
26 27 1.0 3.16227766017
28 33 1.0 3.16227766017
29 30 1.0 3.16227766017
31 32 1.0 3.16227766017
34 35 1.0 3.16227766017
36 37 1.0 3.16227766017
38 39 1.0 3.16227766017
40 59 1.0 3.16227766017
41 42 1.0 3.16227766017
43 44 1.0 3.16227766017
45 46 1.0 3.16227766017
47 48 1.0 3.16227766017
49 50 1.0 3.16227766017
51 52 1.0 3.16227766017
53 54 1.0 3.16227766017
55 56 1.0 3.16227766017
57 58 1.0 3.16227766017
60 61 1.0 3.16227766017
62 63 1.0 3.16227766017
65 66 1.0 3.16227766017
67 68 1.0 3.16227766017
69 70 1.0 3.16227766017
71 72 1.0 3.16227766017
73 74 1.0 3.16227766017
75 76 1.0 3.16227766017
77 78 1.0 3.16227766017
79 84 1.0 3.16227766017
80 81 1.0 3.16227766017
82 83 1.0 3.16227766017
85 86 1.0 3.16227766017
88 89 1.0 3.16227766017
90 91 1.0 3.16227766017
92 93 1.0 3.16227766017
94 95 1.0 3.16227766017
96 97 1.0 3.16227766017
98 99 1.0 3.16227766017
100 101 1.0 3.16227766017
102 103 1.0 3.16227766017
104 105 1.0 3.16227766017
106 107 1.0 3.16227766017
108 109 1.0 3.16227766017
110 111 1.0 3.16227766017
112 113 1.0 3.16227766017
114 115 1.0 3.16227766017
116 117 1.0 3.16227766017
118 119 1.0 3.16227766017
121 124 1.0 3.16227766017
122 123 1.0 3.16227766017
125 126 1.0 3.16227766017
127 1183 3.53553390503 10.6526991885
129 135 1.29243194098 13.6106054558
133 698 4.18287277222 4.34165866922
137 569 2.16754499436 36.6893309685
137 575 2.45932858878 7.72002200732
137 1127 3.72553160957 30.2457969491
139 462 1.20710682869 48.9467253395
140 141 1.0 3.16227766017
142 143 1.0 3.16227766017
151 152 1.0 3.16227766017
153 154 1.0 3.16227766017
155 156 1.0 3.16227766017
157 158 1.0 3.16227766017
159 160 1.0 3.16227766017
161 162 1.0 3.16227766017
163 164 1.0 3.16227766017
165 166 1.0 3.16227766017
167 168 1.0 3.16227766017
169 170 1.0 3.16227766017
171 172 1.0 3.16227766017
173 174 1.0 3.16227766017
175 176 1.0 3.16227766017
177 178 1.0 3.16227766017
179 180 1.0 3.16227766017
182 183 1.0 3.16227766017
184 185 1.0 3.16227766017
186 187 1.0 3.16227766017
188 189 1.0 3.16227766017
190 191 1.0 3.16227766017
192 336 1.82514071465 2.2360679775
193 194 1.0 3.16227766017
195 196 1.0 4.16227766017
197 339 1.70710682869 2.2360679775
198 201 1.0 8.32455532034
199 1116 2.26324000198 11.0684513986
202 1086 2.87577937491 47.3938783949
204 888 6.3626389119 13.520414722
205 366 2.0 48.5257578153
210 606 3.81720685959 2.47588368063
212 1210 3.67025140425 21.9905645027
213 1004 5.04951000214 6.09232921921
221 222 2.07763132716 20.5641628873
225 703 6.36384010315 5.41132916299
226 449 4.88997983932 3.80032893313
229 230 1.0 2.2360679775
231 232 1.82514071465 2.2360679775
234 1079 1.0 2.2360679775
235 236 1.82514071465 2.2360679775
237 238 1.70710682869 2.2360679775
239 1091 1.82514071465 2.2360679775
240 740 2.62421252691 31.0750284222
241 242 1.82514071465 2.2360679775
243 244 1.70710682869 2.2360679775
245 246 1.20710682869 2.14709105536
247 248 5.19766114474 3.90394327647
249 250 1.70710682869 2.2360679775
252 253 1.20710682869 2.14709105536
254 255 1.70710682869 2.2360679775
256 1141 1.20710682869 2.14709105536
257 740 2.53224754333 2.10237960416
258 259 1.0 2.2360679775
269 270 1.20710682869 2.14709105536
271 272 1.0 2.2360679775
274 275 1.20710682869 2.14709105536
277 278 1.0 2.2360679775
282 293 3.36832493202 30.3633865272
284 285 1.0 2.2360679775
287 1039 3.65028142929 5.18844870843
288 618 6.79460292804 4.95458754172
290 1254 2.74367607402 11.2575747965
291 881 3.65028142929 10.2489023803
292 988 2.53224754333 4.24876834213
294 354 1.20710682869 2.14709105536
295 714 5.05145718233 7.97799384779
299 300 4.12310552597 1.38293166859
306 1099 3.15377975199 16.8632048606
307 308 1.0 3.16227766017
309 312 1.0 8.32455532034
310 1050 4.07537277873 11.4948901691
310 1052 5.7962197924 16.1644362533
310 1261 4.20575602596 31.1971090402
311 1130 2.99535226822 1.95
313 315 1.0 8.32455532034
314 931 4.0296775745 58.660190289
316 1241 3.73130754388 11.7356663274
320 809 4.302775383 4.57930125674
324 590 1.82514071465 2.2360679775
325 326 1.0 3.16227766017
328 329 1.70710682869 2.2360679775
330 331 1.0 2.2360679775
332 335 1.0 8.32455532034
333 401 1.82514071465 2.2360679775
334 817 1.70710682869 2.2360679775
340 341 1.20710682869 2.14709105536
344 1123 3.58113884926 2.60768096208
345 346 1.0 3.16227766017
347 348 1.0 4.16227766017
349 352 1.0 8.32455532034
351 373 4.03884363174 2.52982212813
358 359 4.02639545271 9.60616215866
360 913 5.75107192993 2.47487373416
361 683 3.7346660707 3.76562564922
363 364 1.0 3.16227766017
367 369 1.0 8.32455532034
368 1018 3.83892287392 6.45078576823
375 376 1.0 3.16227766017
377 379 1.0 4.16227766017
378 1018 3.6603932815 5.65369863707
380 383 1.0 8.32455532034
382 495 7.68171450439 18.9574849442
385 518 5.51898996112 4.62249852769
389 391 1.0 7.32455532034
392 393 1.0 4.16227766017
394 986 2.7523687779 5.50138238612
395 397 1.0 8.32455532034
396 1066 13.7832233069 35.0557931616
402 403 1.20710682869 2.14709105536
404 405 1.0 2.2360679775
406 1214 1.20710682869 2.14709105536
407 408 1.0 3.16227766017
410 657 1.0 2.2360679775
411 672 1.82514071465 2.2360679775
414 417 1.0 8.32455532034
415 1321 1.0 2.2360679775
418 429 1.5 2.82842712475
420 976 11.9909403502 26.9331734742
420 458 22.2640187141 534.745608392
420 1100 11.6906772342 22.7071812844
422 711 1.82514071465 2.2360679775
425 720 1.0 2.2360679775
427 428 1.70710682869 2.2360679775
431 432 1.82514071465 2.2360679775
433 434 1.70710682869 2.2360679775
435 436 1.0 4.16227766017
437 613 3.9847864296 19.5444365485
439 440 1.70710682869 2.2360679775
441 442 1.20710682869 2.14709105536
443 444 1.70710682869 2.2360679775
446 447 1.0 3.16227766017
448 450 1.0 4.16227766017
453 456 1.0 8.32455532034
458 1145 11.9443865342 21.1991442368
458 1161 11.7735061646 21.2602916255
460 919 6.63024066207 7.57853410411
463 466 1.0 8.32455532034
464 465 1.20710682869 2.14709105536
467 469 1.0 4.16227766017
470 1180 8.7057359798 9.68778887851
471 954 1.20710682869 2.14709105536
473 474 1.0 2.2360679775
475 476 1.20710682869 2.14709105536
477 478 1.0 2.2360679775
479 981 1.20710682869 2.14709105536
480 481 1.0 3.16227766017
483 484 1.82514071465 2.2360679775
485 486 1.0 2.2360679775
487 494 2.36119349874 5.18119920273
488 489 3.85800780219 7.30848178344
490 1007 1.0 2.2360679775
492 493 1.82514071465 2.2360679775
496 497 4.73606777191 1.26491106407
499 1200 1.82514071465 2.2360679775
500 501 1.70710682869 2.2360679775
502 503 1.82514071465 2.2360679775
505 1033 1.70710682869 2.2360679775
506 507 1.0 3.16227766017
508 509 1.0 3.16227766017
510 513 1.20710682869 2.14709105536
511 512 1.70710682869 2.2360679775
517 1087 5.43428029224 4.7075811903
519 1087 3.52928144692 9.54009412371
520 521 1.0 3.16227766017
522 523 1.0 3.16227766017
524 1087 3.90093389394 31.0010080481
525 526 1.70710682869 2.01556443708
528 1259 2.74863723359 36.9909201231
529 530 1.20710682869 2.14709105536
531 532 1.0 3.16227766017
533 534 1.0 3.16227766017
535 536 1.0 3.16227766017
537 544 1.0 20.0
540 541 1.82514071465 2.2360679775
542 543 1.0 2.2360679775
545 1160 1.20710682869 2.14709105536
546 547 1.0 2.2360679775
549 1171 1.82514071465 2.2360679775
550 551 1.70710682869 2.2360679775
552 553 1.82514071465 2.2360679775
554 555 1.70710682869 2.2360679775
556 1265 2.64823440008 14.4104866476
557 1187 1.82514071465 2.2360679775
558 559 1.70710682869 2.2360679775
560 1199 1.20710682869 2.14709105536
563 1201 1.20710682869 2.14709105536
565 566 2.41421365738 2.83240180765
571 1319 3.52569017965 20.118523051
574 715 3.11894796213 23.8041367219
579 1133 4.96505355835 4.50998891351
580 1133 4.1384207857 9.47706887375
584 1133 9.77779331792 71.0511780886
587 1172 2.70775590628 20.9346602552
588 676 6.19258213043 2.79508497187
592 1172 5.53553390503 4.42040722107
596 598 5.28020370002 8.31287677269
597 794 3.19866644959 37.0998350002
603 708 5.97071159336 17.9266102639
604 605 4.2412098608 20.6911816966
607 610 1.0 2.2360679775
612 794 4.23606777191 18.6709667666
613 1065 4.73606777191 8.10431983574
613 1070 3.06364398672 32.7812446378
616 1181 1.20710682869 2.14709105536
621 1271 7.06740283966 3.15792653493
626 627 5.28758489304 5.67749150824
629 630 1.20710682869 2.14709105536
631 632 1.20710682869 2.2360679775
633 634 1.20710682869 2.2360679775
635 636 1.20710682869 2.14709105536
637 638 1.20710682869 2.2360679775
641 642 1.20710682869 4.0
643 644 1.20710682869 2.14709105536
645 646 1.20710682869 2.2360679775
647 648 1.20710682869 2.14709105536
649 650 1.20710682869 2.2360679775
651 652 1.20710682869 2.14709105536
653 654 1.20710682869 2.2360679775
655 656 1.20710682869 2.14709105536
660 661 1.20710682869 2.2360679775
662 663 1.20710682869 2.2360679775
664 665 1.20710682869 2.2360679775
666 1240 8.84009552002 7.64852927039
671 1135 4.19703793119 34.7519783609
675 695 1.82369464134 26.933642842
677 678 1.20710682869 2.14709105536
679 680 1.20710682869 2.2360679775
681 682 1.20710682869 2.14709105536
684 1096 2.0 49.8841624286
685 686 1.20710682869 2.2360679775
687 688 1.20710682869 2.14709105536
689 690 1.20710682869 2.2360679775
691 692 1.20710682869 2.14709105536
693 694 1.20710682869 2.2360679775
704 705 2.11803388596 1.62864974749
713 718 2.0 65.1978709276
716 1313 3.08113884926 1.31244047484
717 942 3.75513912591 37.3219807921
721 1298 2.69917297363 5.00899191455
723 724 2.0 6.269968102
727 728 2.0 16.3825839851
729 1240 3.85676492172 12.6311261583
730 732 3.81635610564 19.9449241663
731 1298 2.66678782883 63.271009865
733 735 5.66227769852 2.23215142856
734 901 1.83905957194 39.9209485255
736 996 4.10538447882 3.45636044112
738 739 1.20710682869 2.14709105536
740 1313 2.60803552783 3.95383562159
741 1305 2.82842707634 1.78044938148
742 743 1.20710682869 2.2360679775
744 745 1.20710682869 2.2360679775
746 747 3.30277562141 2.73724313864
748 749 1.20710682869 2.14709105536
750 751 1.20710682869 2.2360679775
752 753 1.20710682869 2.14709105536
754 755 1.20710682869 2.2360679775
757 758 1.20710682869 2.14709105536
759 760 1.20710682869 2.2360679775
761 762 1.20710682869 2.14709105536
763 764 1.20710682869 2.2360679775
765 766 1.20710682869 2.14709105536
767 768 1.20710682869 2.2360679775
769 770 1.20710682869 2.2360679775
772 773 1.20710682869 2.14709105536
775 1310 10.6380431017 8.08639436015
776 777 1.20710682869 2.2360679775
778 779 1.20710682869 2.14709105536
781 782 1.20710682869 2.2360679775
783 784 1.20710682869 2.14709105536
785 786 1.20710682869 2.2360679775
787 788 1.20710682869 2.14709105536
789 790 1.20710682869 2.2360679775
794 866 6.40961487503 5.7305778475
796 1039 4.03884363174 2.19658826365
798 1208 2.50543561239 14.4170141743
799 1311 2.53224754333 1.56524758425
800 805 2.61844770237 56.5097297149
803 1314 7.48120878811 9.25554471848
810 811 1.20710682869 2.2360679775
812 813 1.20710682869 2.14709105536
814 815 1.20710682869 2.2360679775
822 823 1.20710682869 2.2360679775
824 825 1.20710682869 2.14709105536
827 828 1.20710682869 2.2360679775
829 830 1.20710682869 2.14709105536
834 835 1.20710682869 2.14709105536
836 837 1.20710682869 2.14709105536
838 839 1.20710682869 2.2360679775
840 841 1.20710682869 2.14709105536
842 843 1.20710682869 2.2360679775
844 845 1.20710682869 2.2360679775
847 848 1.20710682869 2.14709105536
849 850 1.20710682869 2.14709105536
851 852 1.0 2.2360679775
853 854 1.20710682869 2.14709105536
855 856 1.0 2.2360679775
857 890 1.20710682869 53.8508052736
858 987 3.32790596612 10.4872541688
859 860 1.0 2.2360679775
861 862 1.82514071465 2.2360679775
863 864 4.29762077332 1.52970585408
867 1317 5.26888304196 5.72711489063
869 979 6.35686973266 10.6412987294
873 877 4.2426404953 30.7050484448
874 905 3.81720685959 30.2400810184
884 1159 4.5413813591 5.9002118606
885 991 4.3573884964 21.1981131236
886 1159 6.74690121787 27.4988113227
889 1077 7.66986529466 13.4130185201
892 894 3.28767494908 13.7058381721
893 1170 3.23815433023 12.8741990042
897 1309 4.23606777191 6.75666337773
902 1170 4.04734682332 6.49924994374
903 991 6.24032247531 22.8877003403
909 910 4.92865037918 1.25
917 949 1.20710682869 40.460473859
921 972 8.61748059417 15.2582720592
932 934 4.0615530014 16.3477827243
936 1239 3.66754388809 8.66790055319
950 951 1.0 6.0
952 1019 2.56633356617 16.1387426247
978 1104 2.99535226822 3.14006369362
982 1059 6.04300762094 7.93522344987
984 985 1.0 2.2360679775
989 1134 2.92786692413 57.7393577115
991 1170 3.31306838664 20.9126973297
992 993 4.13064861298 7.67870431779
1001 1006 2.96685785238 27.9382082098
1005 1008 1.0 38.413261452
1010 1011 1.0 13.5497764765
1014 1057 2.07822420189 110.399331973
1018 1244 3.27307085253 24.4701959112
1023 1027 1.0 55.1696938916
1024 1026 1.70710682869 1.70880074906
1029 1058 3.6626767541 82.3276562752
1032 1035 3.25354909044 32.1041010724
1039 1230 4.92865037918 2.12720473862
1040 1062 5.72634531952 6.79177959744
1041 1046 1.20710682869 2.14709105536
1044 1045 3.23935413361 7.26240318352
1048 1049 1.70710682869 2.2360679775
1061 1175 3.56262482904 172.544562705
1069 1235 2.23606801033 6.9015944235
1072 1073 1.0 40.8919764259
1075 1076 2.93158267824 12.5171308287
1085 1120 2.89048451682 39.6819307988
1089 1090 3.2208976606 19.7289386582
1095 1098 1.0 51.9630379284
1103 1106 2.11803388596 1.7
1113 1114 5.09901952744 0.806225774828
1115 1262 3.41421365738 2.94278779391
1119 1122 1.0 2.2360679775
1125 1129 1.20710682869 2.14709105536
1135 1283 8.55882167816 5.14417145904
1135 1278 4.11622496393 22.4237597204
1139 1188 1.63202308041 38.5634409481
1142 1231 5.16647491529 6.90665817276
1146 1150 1.82514071465 2.30488611433
1148 1151 3.34908042859 21.032124155
1149 1166 1.63542681114 26.9372823246
1154 1156 1.20710682869 53.9472984786
1159 1202 4.90249105063 5.47568473448
1162 1165 1.20710682869 53.9472984786
1163 1174 3.63925726143 41.6419090398
1169 1172 6.57691526413 5.46443043692
1178 1216 5.4990945082 13.6536041987
1183 1256 6.24442577362 4.78878899097
1183 1246 1.46684798627 35.7264913378
1189 1245 2.23606801033 4.82545334658
1209 1297 3.53553390503 20.3088650594
1220 1221 5.41547584534 2.12132034356
1226 1232 1.20710682869 53.9472984786
1228 1313 3.05730312492 119.481749656
1236 1242 3.52473074758 16.8381987574
1240 1247 9.59427772672 12.9323122175
1249 1256 2.69917297363 9.45846181997
1251 1256 4.03884363174 7.21110255093
1257 1258 3.08113884926 4.48858942884
1267 1270 1.20710682869 48.9467253395
1274 1275 2.52421039689 12.9594459951
1284 1285 4.56066012383 5.59016994375
1291 1294 3.97389623219 29.7191179807
1292 1298 3.00862116393 131.529808336
1296 1299 1.20710682869 50.3958903072
