0	 251.75	 3688.5
1	 1675.5	 2355.5
2	 1981.0	 1200.2
3	 221.0	 3652.0
4	 2259.5	 1310.0
5	 3128.25	 1302.5
6	 1666.1	 2271.5
7	 1362.5	 3137.25
8	 197.5	 3602.25
9	 2387.5	 1419.6
10	 275.05	 3630.3
11	 2489.75	 1793.0
12	 2551.0	 1433.0
13	 275.0	 3595.4
14	 2426.0	 1352.5
15	 2435.25	 1351.2
16	 299.75	 3725.5
17	 2494.9	 1333.4
18	 1701.4	 2289.4
19	 2528.5	 1350.5
20	 2667.0	 1357.25
21	 2615.0	 1389.5
22	 2553.0	 1324.6
23	 363.0	 3744.2
24	 2739.3	 1445.1
25	 1543.0	 3154.0
26	 2783.25	 1383.5
27	 1861.0	 2671.75
28	 2910.2	 1397.1
29	 2957.5	 1403.5
30	 2967.75	 1418.75
31	 2851.65	 1383.1
32	 2916.1	 1351.6
33	 2956.5	 1381.6
34	 2851.6	 1337.15
35	 2535.6	 1828.6
36	 2961.35	 1323.45
37	 2742.75	 1300.25
38	 2483.6	 1286.2
39	 2509.0	 1285.7
40	 2449.5	 1219.45
41	 2394.75	 1189.0
42	 2555.25	 1227.75
43	 2554.75	 1232.5
44	 2507.5	 1188.1
45	 3325.75	 1425.75
46	 2752.0	 1291.75
47	 1430.8	 3076.2
48	 2958.6	 1277.7
49	 2954.4	 1250.8
50	 2676.3	 1219.3
51	 3413.0	 1456.2
52	 2741.8	 1190.0
53	 2777.75	 1180.75
54	 1409.25	 3035.75
55	 2281.9	 1096.4
56	 140.0	 3507.0
57	 2217.5	 1043.5
58	 2327.3	 1091.5
59	 1464.6	 3066.6
60	 227.4	 3528.2
61	 3223.5	 1330.25
62	 2564.0	 1096.25
63	 2598.8	 1097.15
64	 1555.6	 3095.2
65	 2360.5	 1073.5
66	 2401.0	 1037.25
67	 2505.25	 1050.0
68	 325.95	 3572.75
69	 2458.0	 1013.0
70	 2455.75	 988.0
71	 2352.2	 969.6
72	 350.25	 3567.75
73	 1823.6	 2357.4
74	 2431.6	 974.2
75	 262.8	 3517.2
76	 1849.5	 2402.9
77	 2470.25	 906.0
78	 2413.6	 858.0
79	 3136.4	 736.6
80	 2530.2	 929.6
81	 2568.6	 982.9
82	 3322.4	 1361.4
83	 2591.8	 943.2
84	 2444.0	 1422.1
85	 390.25	 3714.0
86	 1622.65	 3133.8
87	 1794.5	 2264.5
88	 2761.65	 1092.8
89	 1776.4	 2236.0
90	 2635.5	 949.1
91	 2698.0	 933.95
92	 370.2	 3697.6
93	 1754.0	 2208.0
94	 2778.5	 895.5
95	 2772.1	 966.1
96	 2784.0	 1148.5
97	 1593.0	 3091.75
98	 410.5	 3692.5
99	 2637.25	 1954.5
100	 3417.0	 929.5
101	 1621.1	 3126.2
102	 2938.25	 1078.25
103	 3295.5	 1268.25
104	 2799.1	 945.5
105	 1818.4	 2316.4
106	 471.6	 3774.6
107	 2991.8	 1236.6
108	 1336.5	 3026.5
109	 2779.9	 877.0
110	 2748.35	 818.3
111	 2763.0	 821.25
112	 2688.0	 753.5
113	 2783.0	 742.6
114	 2983.0	 1203.8
115	 2879.95	 874.3
116	 2869.0	 746.25
117	 3110.7	 1256.0
118	 2882.1	 680.55
119	 2765.25	 1971.25
120	 3006.2	 1429.9
121	 1437.6	 2123.4
122	 3036.75	 1417.25
123	 3163.2	 1430.7
124	 2443.8	 1309.1
125	 3028.0	 1346.0
126	 2978.5	 1271.5
127	 1635.4	 3186.0
128	 3115.1	 1349.3
129	 3173.0	 1356.5
130	 3162.1	 1330.8
131	 3172.2	 1317.8
132	 3212.0	 1397.5
133	 1418.25	 2020.25
134	 3301.3	 1393.9
135	 1589.6	 3042.4
136	 3394.0	 1456.25
137	 3370.25	 1428.25
138	 3276.25	 1339.5
139	 3248.5	 1283.1
140	 1147.65	 2000.9
141	 3154.95	 1202.25
142	 3355.35	 1285.95
143	 3135.6	 1242.3
144	 3147.3	 1252.95
145	 3192.8	 1241.4
146	 2642.8	 1946.0
147	 1694.5	 3073.35
148	 2667.3	 1930.3
149	 3080.4	 1173.4
150	 2674.25	 1926.5
151	 3017.0	 1107.0
152	 3003.0	 1116.25
153	 3058.7	 1155.85
154	 469.75	 3586.25
155	 3202.6	 1236.0
156	 3265.0	 1178.0
157	 3384.25	 1254.5
158	 3301.0	 1192.8
159	 3340.4	 1188.7
160	 3224.95	 1150.2
161	 3085.4	 1131.4
162	 2704.25	 1896.75
163	 3327.15	 1106.35
164	 3373.3	 1097.6
165	 3398.2	 1117.0
166	 3411.4	 1111.4
167	 480.0	 3545.0
168	 1574.0	 1513.5
169	 3587.1	 1448.2
170	 2025.2	 2426.45
171	 3499.2	 1350.7
172	 3537.2	 1353.4
173	 1397.05	 1870.05
174	 1422.6	 1895.4
175	 138.75	 3490.55
176	 1370.1	 2993.6
177	 3548.75	 1273.4
178	 3540.5	 1256.5
179	 3631.8	 1334.3
180	 1393.5	 3004.5
181	 1399.0	 2988.25
182	 3763.5	 1322.0
183	 3750.25	 1300.0
184	 3811.0	 1286.3
185	 3798.8	 1307.0
186	 3622.75	 1261.5
187	 3765.6	 1260.7
188	 3729.1	 1224.0
189	 121.6	 3418.3
190	 3848.3	 1251.8
191	 135.5	 3426.0
192	 3473.95	 1200.9
193	 1488.6	 1881.2
194	 1486.5	 1890.9
195	 3588.6	 1185.4
196	 3642.2	 1224.4
197	 3239.5	 1219.35
198	 3649.3	 1198.3
199	 3636.25	 1181.75
200	 3711.1	 1175.0
201	 3251.75	 1194.5
202	 1509.0	 2110.5
203	 3465.9	 1111.4
204	 3752.25	 1112.25
205	 3836.55	 1208.4
206	 3880.0	 1219.5
207	 3434.2	 826.5
208	 3319.0	 1249.0
209	 3970.5	 1196.9
210	 3951.7	 1202.7
211	 3980.5	 1179.1
212	 3332.75	 1243.5
213	 4021.0	 1166.25
214	 3901.0	 1145.25
215	 2680.4	 1809.6
216	 211.75	 3460.5
217	 3972.6	 1142.3
218	 1564.8	 2074.6
219	 3025.9	 966.9
220	 240.0	 3461.7
221	 1540.75	 2949.75
222	 3118.75	 1048.5
223	 3137.5	 1036.5
224	 3047.8	 929.2
225	 3053.4	 905.1
226	 3102.8	 923.3
227	 3101.9	 928.8
228	 2793.8	 1834.6
229	 3389.9	 1193.0
230	 3294.0	 1088.5
231	 3252.0	 986.75
232	 3258.5	 984.0
233	 3149.6	 910.3
234	 3119.1	 769.4
235	 3089.65	 750.45
236	 3084.1	 733.7
237	 3022.5	 614.75
238	 3103.75	 696.45
239	 3146.2	 650.9
240	 3072.7	 624.9
241	 3175.5	 775.7
242	 3166.5	 769.25
243	 196.4	 3342.2
244	 3292.25	 777.0
245	 3152.1	 687.1
246	 3260.0	 651.6
247	 2909.0	 1855.4
248	 1530.4	 2903.7
249	 3468.8	 1085.0
250	 3421.5	 1074.6
251	 1456.25	 2898.25
252	 1574.0	 1936.2
253	 3497.3	 1045.7
254	 3526.0	 1036.75
255	 3583.0	 1053.0
256	 1464.9	 2874.9
257	 205.0	 3352.8
258	 3445.5	 975.75
259	 3600.0	 995.2
260	 3612.35	 990.9
261	 3369.75	 1099.0
262	 274.2	 3343.9
263	 1214.25	 2024.75
264	 3989.9	 1078.1
265	 3893.8	 1057.4
266	 3993.6	 1068.7
267	 3629.1	 1013.6
268	 3780.25	 942.0
269	 3819.75	 971.25
270	 3892.5	 1044.8
271	 3837.25	 1025.75
272	 3899.5	 1004.0
273	 3864.5	 992.0
274	 3879.5	 999.0
275	 3366.75	 874.0
276	 3373.5	 944.4
277	 392.75	 3442.25
278	 3479.4	 1404.2
279	 3364.75	 799.7
280	 1669.8	 2966.6
281	 3443.25	 919.0
282	 3405.7	 831.8
283	 3415.5	 812.5
284	 2922.0	 1824.8
285	 3330.45	 732.7
286	 3368.4	 734.2
287	 2930.75	 1820.75
288	 3384.4	 707.0
289	 1751.65	 2971.05
290	 3453.8	 708.4
291	 450.8	 3426.6
292	 3570.35	 914.5
293	 3580.25	 835.75
294	 3583.2	 1440.6
295	 3887.25	 965.6
296	 3842.5	 985.75
297	 3665.7	 876.7
298	 3712.75	 888.75
299	 3619.5	 906.5
300	 310.5	 3377.25
301	 3745.0	 917.75
302	 2993.0	 1816.0
303	 2685.0	 1167.35
304	 3544.5	 1360.25
305	 3586.75	 768.75
306	 1474.4	 1788.8
307	 3006.0	 1799.5
308	 1502.1	 1753.4
309	 1459.5	 1630.2
310	 2343.0	 1750.0
311	 3521.0	 1251.0
312	 2461.75	 1772.5
313	 3541.75	 1330.75
314	 1516.5	 1569.7
315	 1494.1	 2843.1
316	 537.2	 3784.8
317	 2342.3	 2448.2
318	 3575.5	 1234.45
319	 3575.6	 1232.7
320	 1735.4	 2878.5
321	 544.25	 3702.75
322	 1631.75	 1813.75
323	 2346.6	 1670.3
324	 325.65	 2853.05
325	 619.5	 3792.7
326	 1605.0	 1704.5
327	 663.1	 3797.0
328	 407.05	 2824.3
329	 423.25	 2824.75
330	 3723.8	 1336.2
331	 1551.4	 1612.4
332	 2303.25	 1341.5
333	 589.0	 3680.75
334	 3809.65	 1314.35
335	 570.1	 3664.6
336	 2574.2	 1690.5
337	 3762.2	 1263.8
338	 2063.75	 2126.75
339	 3764.55	 1257.2
340	 1619.8	 1672.4
341	 1599.0	 1587.0
342	 2604.8	 1756.2
343	 653.25	 3639.0
344	 1676.5	 1988.5
345	 610.8	 2778.35
346	 3525.6	 1208.2
347	 1732.2	 2008.0
348	 737.8	 3737.6
349	 551.8	 2710.8
350	 3597.2	 1176.15
351	 642.5	 2839.25
352	 666.6	 2818.8
353	 3627.0	 1221.5
354	 809.55	 3811.25
355	 2753.3	 1718.2
356	 774.5	 2849.25
357	 773.0	 2844.5
358	 2054.9	 2793.05
359	 759.0	 3737.5
360	 3630.6	 1182.4
361	 3206.0	 752.0
362	 2676.0	 1697.6
363	 675.0	 2794.0
364	 199.75	 3501.75
365	 3488.1	 1129.2
366	 2638.0	 1630.0
367	 1726.9	 1820.6
368	 1907.5	 1978.5
369	 3459.5	 1113.75
370	 2751.5	 1678.0
371	 694.5	 2713.5
372	 3469.25	 1116.5
373	 3552.25	 1186.0
374	 707.9	 3583.5
375	 763.25	 3648.5
376	 3632.0	 1137.5
377	 857.8	 2792.2
378	 1945.0	 1941.25
379	 1774.2	 2000.5
380	 2828.0	 1625.0
381	 3755.4	 1116.8
382	 2445.25	 1606.0
383	 1815.1	 2137.8
384	 811.6	 3598.2
385	 3795.2	 1222.3
386	 2087.5	 1468.2
387	 601.9	 3115.05
388	 1847.0	 1957.0
389	 1845.1	 1941.0
390	 3844.5	 1181.5
391	 577.8	 3460.45
392	 665.25	 2700.5
393	 655.3	 2663.1
394	 2621.2	 1566.2
395	 2361.1	 1516.8
396	 4026.5	 1204.0
397	 595.6	 3519.9
398	 591.0	 2633.5
399	 1788.25	 1781.75
400	 676.9	 2633.85
401	 2947.75	 1247.5
402	 547.0	 3424.0
403	 1313.6	 2022.2
404	 610.8	 2571.6
405	 622.25	 2560.25
406	 613.45	 2537.45
407	 3991.2	 1135.2
408	 1672.0	 1739.6
409	 691.4	 2590.2
410	 1978.0	 1914.5
411	 3648.75	 824.25
412	 2600.7	 1466.7
413	 2727.35	 979.7
414	 662.9	 2502.7
415	 2733.2	 1604.4
416	 651.8	 3392.0
417	 2974.4	 1054.0
418	 2644.5	 1557.25
419	 757.5	 2697.75
420	 2718.4	 1551.6
421	 1128.25	 2784.75
422	 679.5	 3488.1
423	 910.4	 2264.0
424	 1731.4	 1586.2
425	 2822.0	 1579.2
426	 3089.5	 951.0
427	 1757.9	 1575.45
428	 767.75	 3489.75
429	 3139.8	 961.8
430	 821.4	 2658.0
431	 3041.0	 927.75
432	 3055.0	 939.2
433	 1033.25	 3227.0
434	 838.3	 2641.95
435	 788.6	 3480.9
436	 3035.0	 852.0
437	 737.25	 2544.5
438	 3174.0	 1691.5
439	 3151.6	 865.05
440	 727.4	 3358.0
441	 3152.0	 971.6
442	 2743.1	 1472.2
443	 2776.8	 1476.8
444	 770.0	 2532.75
445	 791.2	 3427.2
446	 3285.0	 1086.8
447	 2942.0	 1754.2
448	 3299.0	 1073.75
449	 1823.8	 1386.4
450	 883.8	 2800.6
451	 296.15	 3331.3
452	 1846.4	 1400.0
453	 1726.0	 1812.75
454	 3131.0	 1160.5
455	 3021.6	 1758.4
456	 1147.6	 2867.1
457	 144.3	 3239.9
458	 1849.25	 2836.0
459	 1140.25	 2800.25
460	 1057.25	 2798.75
461	 2085.7	 1597.45
462	 259.25	 3312.0
463	 3036.5	 780.5
464	 3073.5	 785.25
465	 2939.3	 1673.4
466	 663.3	 3583.0
467	 3117.25	 776.5
468	 2965.6	 1656.6
469	 2876.5	 1627.0
470	 185.8	 3209.6
471	 2980.5	 1535.2
472	 909.6	 2689.2
473	 3022.0	 1682.0
474	 1871.0	 2603.5
475	 1122.4	 2759.7
476	 2976.15	 640.35
477	 2162.7	 2063.2
478	 1149.0	 2733.25
479	 542.0	 3612.0
480	 1865.75	 2563.25
481	 3097.0	 1729.5
482	 200.75	 3130.3
483	 3104.5	 1657.0
484	 590.5	 3630.1
485	 294.0	 3148.0
486	 1937.2	 2664.2
487	 361.8	 3318.2
488	 2409.75	 849.6
489	 3071.0	 629.25
490	 1962.25	 2889.5
491	 1261.5	 2792.5
492	 3170.4	 795.0
493	 439.75	 3310.25
494	 1288.75	 3398.25
495	 1338.15	 2786.05
496	 3097.25	 1591.75
497	 1309.9	 3407.1
498	 1362.75	 2782.0
499	 1224.5	 2766.5
500	 1999.75	 2724.5
501	 3167.5	 1615.0
502	 3188.55	 1619.9
503	 386.8	 3205.2
504	 2311.0	 2097.2
505	 1123.5	 2542.3
506	 1303.0	 2680.5
507	 2004.6	 2632.4
508	 473.0	 3179.6
509	 3162.2	 647.8
510	 1319.0	 2666.75
511	 3196.0	 644.2
512	 2896.95	 1540.65
513	 1580.0	 1945.3
514	 167.4	 3067.6
515	 3258.75	 661.0
516	 1860.5	 2378.0
517	 923.0	 2592.75
518	 3371.6	 1082.2
519	 257.0	 3052.9
520	 1936.6	 2359.8
521	 1907.0	 2314.6
522	 2956.6	 1514.4
523	 1921.0	 2311.5
524	 3367.0	 1325.5
525	 3455.5	 1040.5
526	 3545.0	 1076.9
527	 3582.2	 1057.6
528	 1877.95	 2162.4
529	 2998.8	 1509.6
530	 3562.5	 1042.0
531	 305.5	 2908.0
532	 3089.8	 1204.5
533	 3185.2	 1466.8
534	 3147.1	 1203.3
535	 994.0	 2516.7
536	 1006.5	 2517.0
537	 2046.95	 1474.85
538	 1983.3	 2425.4
539	 1051.0	 2525.0
540	 1337.8	 2065.25
541	 3628.6	 1023.0
542	 3291.9	 1509.8
543	 1105.0	 2614.0
544	 3301.5	 1541.1
545	 3284.0	 1513.0
546	 3503.0	 978.0
547	 3592.1	 989.45
548	 2038.25	 2390.25
549	 1121.8	 3527.4
550	 3808.75	 1188.25
551	 1980.4	 2189.6
552	 1959.65	 2147.9
553	 3338.6	 1517.2
554	 3855.5	 1054.5
555	 455.5	 2937.0
556	 1208.5	 2614.3
557	 3984.0	 1079.75
558	 3881.4	 1059.0
559	 1375.8	 2573.8
560	 480.2	 2889.2
561	 2030.25	 2177.25
562	 4042.5	 1064.0
563	 586.0	 3306.5
564	 3661.5	 1000.5
565	 3391.0	 1467.0
566	 597.25	 3303.5
567	 1926.6	 1445.6
568	 634.4	 3250.6
569	 1976.7	 1403.4
570	 1123.8	 3402.65
571	 2166.75	 2555.05
572	 567.05	 3080.9
573	 2059.5	 2541.75
574	 2067.5	 2531.0
575	 742.3	 2452.1
576	 2097.25	 1426.75
577	 2095.0	 2484.75
578	 594.25	 3106.75
579	 2057.25	 1420.75
580	 2062.75	 2386.0
581	 2086.6	 1421.2
582	 830.0	 3735.2
583	 919.75	 2472.0
584	 3486.5	 1306.5
585	 1876.55	 1342.05
586	 3478.75	 1304.5
587	 3483.4	 847.0
588	 2031.65	 1360.15
589	 3613.0	 1314.1
590	 2337.5	 1762.25
591	 774.0	 2412.0
592	 3358.25	 792.5
593	 3387.8	 705.8
594	 677.75	 3081.25
595	 713.25	 3113.25
596	 2232.9	 2492.7
597	 481.5	 3224.3
598	 2176.25	 2544.25
599	 892.8	 2402.5
600	 2202.25	 1390.75
601	 2199.6	 2448.2
602	 938.25	 2468.25
603	 3447.6	 721.7
604	 3731.6	 1343.5
605	 492.5	 3018.2
606	 2322.8	 1408.3
607	 2184.5	 2393.0
608	 1190.3	 2231.6
609	 2368.8	 1408.8
610	 1256.7	 2430.5
611	 3572.25	 844.75
612	 1968.8	 1678.9
613	 3788.0	 1262.2
614	 3864.25	 950.75
615	 3751.2	 848.8
616	 3782.6	 872.5
617	 1097.6	 2428.9
618	 2064.8	 2315.1
619	 3508.9	 755.35
620	 525.75	 2924.75
621	 952.0	 2355.25
622	 3525.8	 759.2
623	 3492.9	 749.4
624	 2358.25	 1367.75
625	 520.0	 2887.5
626	 2255.3	 1322.7
627	 2101.0	 2266.0
628	 2130.5	 2329.0
629	 3484.0	 1185.0
630	 606.75	 2921.25
631	 3671.0	 787.2
632	 1383.85	 2208.7
633	 1024.4	 2367.6
634	 2116.95	 2270.3
635	 310.4	 3709.0
636	 307.5	 3629.5
637	 300.7	 3614.9
638	 356.75	 3658.25
639	 202.4	 3569.85
640	 244.7	 3579.6
641	 1965.2	 1248.6
642	 333.5	 3579.2
643	 3202.8	 766.4
644	 388.0	 3740.0
645	 434.5	 3733.1
646	 371.5	 3699.75
647	 434.5	 3703.5
648	 1064.25	 2305.25
649	 2111.4	 1315.4
650	 506.75	 3750.0
651	 455.9	 3651.6
652	 497.25	 3660.5
653	 502.3	 3677.5
654	 2021.5	 1264.5
655	 418.8	 3577.0
656	 421.75	 3564.5
657	 389.2	 3503.8
658	 142.35	 3496.85
659	 173.5	 3494.35
660	 169.75	 3485.25
661	 143.4	 3414.4
662	 178.0	 3432.0
663	 233.65	 3482.9
664	 233.7	 3495.4
665	 1250.9	 2110.25
666	 244.8	 3467.7
667	 278.9	 3419.9
668	 131.0	 3386.75
669	 184.0	 3363.75
670	 182.1	 3359.6
671	 148.7	 3346.1
672	 2400.5	 1177.75
673	 151.0	 3322.0
674	 196.1	 3348.1
675	 248.8	 3392.5
676	 2502.4	 1849.2
677	 282.5	 3347.25
678	 308.3	 3506.0
679	 339.6	 3416.3
680	 938.8	 2238.8
681	 392.2	 3445.6
682	 389.9	 3454.7
683	 473.0	 3494.0
684	 344.2	 3380.5
685	 401.6	 3378.1
686	 372.7	 3371.7
687	 2166.6	 1304.4
688	 311.7	 3330.0
689	 358.6	 3321.6
690	 418.0	 3322.0
691	 433.35	 3326.6
692	 524.6	 3742.2
693	 575.0	 3779.75
694	 588.0	 3735.5
695	 542.1	 3694.3
696	 611.8	 3782.2
697	 612.25	 3787.0
698	 996.4	 2204.4
699	 624.8	 3726.8
700	 648.15	 3710.5
701	 520.8	 3622.5
702	 568.5	 3668.25
703	 2226.25	 2373.0
704	 914.2	 2162.2
705	 528.0	 3570.0
706	 919.4	 2155.2
707	 2235.6	 1273.6
708	 937.9	 2138.0
709	 662.25	 3588.5
710	 623.0	 3573.75
711	 647.5	 3586.5
712	 706.05	 3792.45
713	 666.9	 3793.5
714	 964.0	 2111.0
715	 741.75	 3744.05
716	 787.4	 3781.3
717	 743.0	 3695.0
718	 780.5	 3692.0
719	 709.1	 3630.1
720	 2198.4	 2255.2
721	 689.3	 3613.6
722	 2220.2	 2253.4
723	 711.0	 2878.0
724	 755.5	 3613.25
725	 744.25	 3570.75
726	 1030.25	 2278.25
727	 560.5	 3537.1
728	 573.5	 3507.1
729	 639.7	 3522.1
730	 627.9	 3569.15
731	 747.6	 2930.4
732	 271.0	 3483.5
733	 655.9	 3456.3
734	 539.8	 3418.5
735	 592.75	 3422.5
736	 540.05	 3405.3
737	 573.5	 3395.6
738	 2225.25	 1251.5
739	 2325.0	 2260.5
740	 702.6	 3535.25
741	 725.05	 3509.15
742	 748.0	 3454.75
743	 783.25	 3540.5
744	 784.6	 3460.7
745	 760.0	 3446.5
746	 795.25	 3431.25
747	 782.0	 3476.0
748	 693.0	 3430.0
749	 676.65	 3392.3
750	 691.25	 3401.5
751	 734.4	 3386.7
752	 2714.25	 1397.75
753	 779.0	 3355.9
754	 781.6	 3345.5
755	 2348.4	 1189.6
756	 814.75	 3403.75
757	 1514.5	 2021.75
758	 133.5	 3236.25
759	 221.75	 3295.25
760	 137.1	 3212.4
761	 827.6	 3749.35
762	 162.3	 3161.55
763	 243.6	 3213.75
764	 237.75	 3185.75
765	 1123.4	 2213.1
766	 251.0	 3139.0
767	 337.75	 3307.5
768	 2457.4	 1428.2
769	 361.0	 3273.5
770	 380.85	 3277.35
771	 2248.6	 2134.6
772	 317.25	 3196.25
773	 354.3	 3206.6
774	 329.5	 3182.25
775	 344.25	 3154.0
776	 425.3	 3219.6
777	 407.1	 3176.5
778	 196.0	 3109.25
779	 202.5	 3121.0
780	 175.2	 3097.9
781	 1066.0	 2083.8
782	 2445.25	 1401.0
783	 184.0	 3066.0
784	 284.1	 3094.9
785	 919.25	 3724.75
786	 2291.75	 2183.75
787	 282.9	 2945.1
788	 299.9	 2906.7
789	 412.7	 3119.7
790	 332.5	 3038.0
791	 362.85	 3006.75
792	 461.5	 3085.25
793	 462.45	 3039.9
794	 363.0	 2993.0
795	 424.0	 2897.5
796	 433.1	 2889.05
797	 461.1	 2931.35
798	 556.5	 3253.5
799	 564.45	 3202.8
800	 591.2	 3302.35
801	 503.0	 3172.75
802	 512.2	 3184.0
803	 603.0	 3106.5
804	 626.0	 3095.1
805	 654.8	 3296.8
806	 826.0	 3600.0
807	 1915.75	 1997.95
808	 869.75	 3606.75
809	 1003.6	 3450.4
810	 758.75	 3305.0
811	 719.3	 3232.6
812	 750.0	 3184.75
813	 1120.0	 1971.25
814	 1930.25	 2066.5
815	 691.5	 3135.3
816	 725.5	 3122.0
817	 715.3	 3118.7
818	 666.5	 3115.35
819	 803.0	 3133.5
820	 794.2	 3137.3
821	 489.8	 3035.2
822	 1175.8	 2440.85
823	 572.8	 3054.7
824	 571.6	 2990.15
825	 588.0	 2973.6
826	 595.2	 2975.2
827	 504.0	 2945.2
828	 515.0	 2924.8
829	 2491.75	 1335.5
830	 1937.25	 2017.0
831	 2495.75	 1329.5
832	 568.1	 2869.0
833	 637.25	 2947.5
834	 583.1	 2894.2
835	 616.85	 2900.1
836	 628.65	 2908.9
837	 712.8	 3028.0
838	 915.7	 3568.1
839	 782.25	 3012.0
840	 663.8	 2926.9
841	 907.5	 3560.5
842	 1872.75	 1859.25
843	 726.8	 2949.4
844	 761.7	 2907.1
845	 865.1	 3774.15
846	 864.75	 3757.25
847	 833.0	 3739.25
848	 950.8	 3701.4
849	 875.0	 3783.0
850	 899.5	 3710.5
851	 917.2	 3669.6
852	 942.9	 3682.8
853	 827.5	 3606.2
854	 858.2	 3561.2
855	 898.5	 3634.75
856	 916.55	 3614.65
857	 861.8	 3514.8
858	 903.6	 3514.1
859	 994.25	 3671.0
860	 929.2	 3541.8
861	 1038.3	 3677.8
862	 1007.2	 3563.6
863	 991.5	 3567.5
864	 1094.0	 3603.75
865	 1929.0	 1884.0
866	 2843.0	 1394.5
867	 1076.25	 3572.5
868	 1007.6	 3508.5
869	 837.7	 3446.7
870	 836.8	 3419.7
871	 885.65	 3415.95
872	 912.2	 3499.2
873	 956.25	 3488.75
874	 968.75	 3482.25
875	 977.4	 3473.8
876	 819.6	 3315.6
877	 560.1	 3036.7
878	 1948.35	 1832.8
879	 976.1	 3390.7
880	 923.0	 3385.9
881	 2671.0	 1866.75
882	 989.4	 3277.6
883	 979.5	 3269.5
884	 1159.4	 2200.9
885	 1008.15	 3475.05
886	 1019.5	 3486.0
887	 1057.3	 3442.1
888	 1096.6	 3476.2
889	 1055.7	 3362.7
890	 1083.85	 3390.75
891	 1075.0	 3390.3
892	 1003.4	 3329.7
893	 995.0	 3302.65
894	 1018.5	 3329.9
895	 1042.0	 3225.5
896	 1041.5	 3212.75
897	 1062.4	 3273.2
898	 2949.15	 1404.5
899	 1220.75	 2299.25
900	 1109.1	 3642.95
901	 1116.3	 3553.5
902	 1127.75	 3539.0
903	 1992.9	 2109.3
904	 1184.5	 3582.3
905	 1010.4	 3512.2
906	 1137.1	 3457.0
907	 1983.9	 1997.5
908	 1100.2	 3426.9
909	 1124.4	 3383.8
910	 1203.0	 3520.9
911	 1158.25	 3538.5
912	 1247.5	 3549.1
913	 1240.4	 3469.1
914	 1291.2	 3514.2
915	 1348.85	 3462.05
916	 2513.8	 1065.8
917	 1260.4	 3444.85
918	 1258.7	 3436.1
919	 1056.0	 3591.0
920	 2080.5	 2079.0
921	 1403.7	 2500.8
922	 504.5	 2898.2
923	 1369.25	 3390.75
924	 1424.85	 3403.55
925	 1437.6	 3386.0
926	 1118.0	 3363.5
927	 1119.5	 3330.75
928	 2526.8	 1372.0
929	 1421.8	 2532.8
930	 1295.8	 2386.0
931	 1248.9	 3329.2
932	 1322.5	 3342.5
933	 2954.6	 1378.1
934	 1331.2	 3324.8
935	 1163.8	 3225.7
936	 1250.95	 3224.85
937	 1263.6	 3218.9
938	 1389.1	 3337.1
939	 2845.8	 1334.2
940	 1391.25	 3318.75
941	 829.6	 3448.2
942	 1411.5	 3274.5
943	 1442.7	 3274.5
944	 1489.25	 3343.25
945	 1505.95	 3360.8
946	 1538.0	 3289.4
947	 1493.1	 3252.5
948	 1372.0	 3214.0
949	 1495.05	 3203.35
950	 1977.0	 1831.0
951	 1347.7	 2387.9
952	 1643.25	 3234.0
953	 1352.8	 2300.8
954	 920.1	 3157.0
955	 943.0	 3132.5
956	 963.9	 3150.0
957	 1069.4	 3111.1
958	 851.75	 3085.25
959	 856.8	 3073.3
960	 882.5	 3055.25
961	 890.75	 3043.25
962	 1083.2	 3077.5
963	 1030.0	 3046.8
964	 1373.5	 2617.0
965	 1094.1	 3191.3
966	 1144.5	 3169.1
967	 1143.8	 3119.4
968	 1166.55	 3143.65
969	 1211.75	 3168.75
970	 1233.1	 3143.8
971	 1281.1	 3155.3
972	 1206.25	 3179.0
973	 1310.25	 2172.5
974	 2512.0	 1047.1
975	 1147.75	 3045.15
976	 1164.4	 3053.1
977	 1300.5	 3113.0
978	 1279.55	 3082.2
979	 1445.5	 2695.0
980	 909.7	 3014.6
981	 1322.0	 2278.8
982	 2903.8	 1788.7
983	 1068.5	 2966.0
984	 840.8	 3331.8
985	 2598.7	 1308.95
986	 984.75	 2934.75
987	 989.2	 2924.0
988	 912.5	 2888.75
989	 842.75	 3280.75
990	 1112.3	 3009.4
991	 1155.3	 2958.1
992	 1238.25	 3013.75
993	 1271.3	 3005.7
994	 1321.2	 2983.1
995	 1289.4	 2980.5
996	 1172.8	 2899.0
997	 1175.0	 2870.25
998	 1358.75	 3139.25
999	 1440.5	 3141.75
1000	 1445.5	 3130.4
1001	 3069.5	 1786.75
1002	 1553.6	 3141.6
1003	 1372.2	 3070.6
1004	 1179.2	 2101.05
1005	 1416.0	 3037.5
1006	 1438.4	 3019.8
1007	 1498.25	 3088.0
1008	 1457.6	 3036.9
1009	 1479.4	 3029.4
1010	 1583.3	 3153.5
1011	 1156.5	 2026.1
1012	 1622.1	 3127.7
1013	 1581.7	 3098.6
1014	 1923.25	 1745.25
1015	 1682.3	 3136.0
1016	 1647.0	 3102.5
1017	 1627.2	 3053.9
1018	 2392.2	 1190.4
1019	 1655.5	 3016.5
1020	 1658.4	 3003.15
1021	 1772.5	 3048.9
1022	 1810.55	 3011.6
1023	 1404.7	 2999.0
1024	 1201.95	 2068.8
1025	 1380.5	 2941.6
1026	 1431.75	 3002.75
1027	 1462.2	 2950.0
1028	 1493.25	 2944.25
1029	 1346.65	 2929.8
1030	 1332.75	 2915.5
1031	 1428.3	 2927.85
1032	 1375.1	 2903.6
1033	 1416.75	 2873.0
1034	 1555.3	 2920.5
1035	 1497.1	 2899.9
1036	 1884.25	 1538.0
1037	 1460.0	 2876.8
1038	 1550.3	 2881.9
1039	 1563.5	 3003.3
1040	 1715.65	 2993.25
1041	 1188.6	 2011.8
1042	 1614.25	 2955.5
1043	 1717.8	 2931.8
1044	 1793.75	 2988.75
1045	 1917.5	 1585.5
1046	 1782.1	 2932.7
1047	 1912.25	 1558.25
1048	 1675.0	 2878.0
1049	 1766.25	 2931.5
1050	 1824.5	 2907.25
1051	 1741.0	 2883.4
1052	 1330.0	 3102.75
1053	 329.25	 2859.75
1054	 349.5	 2848.0
1055	 1045.2	 3472.2
1056	 419.6	 2814.0
1057	 490.5	 2828.2
1058	 398.6	 2783.7
1059	 480.75	 2721.25
1060	 539.5	 2768.75
1061	 612.75	 2722.5
1062	 648.7	 2835.5
1063	 1098.5	 3431.0
1064	 664.25	 2816.0
1065	 1960.25	 1500.5
1066	 846.15	 2846.05
1067	 731.6	 2774.05
1068	 796.0	 2766.75
1069	 1642.7	 2754.15
1070	 823.25	 2764.25
1071	 864.25	 2717.5
1072	 505.4	 2667.0
1073	 536.9	 2676.6
1074	 664.65	 2668.45
1075	 692.7	 2650.1
1076	 687.0	 2635.25
1077	 574.25	 2601.0
1078	 1305.25	 2063.75
1079	 608.6	 2527.5
1080	 632.7	 2611.4
1081	 692.8	 2550.8
1082	 650.3	 2486.9
1083	 1291.4	 2032.35
1084	 709.6	 2705.7
1085	 739.0	 2663.25
1086	 771.2	 2643.0
1087	 793.7	 2698.5
1088	 1575.75	 1952.0
1089	 1297.2	 1977.2
1090	 843.8	 2689.9
1091	 780.5	 2647.8
1092	 814.4	 2629.4
1093	 827.6	 2644.55
1094	 761.55	 2547.25
1095	 729.35	 2500.15
1096	 859.1	 2558.2
1097	 2051.5	 1725.3
1098	 1012.2	 3294.6
1099	 928.6	 2821.0
1100	 886.2	 2807.8
1101	 901.4	 2800.15
1102	 1071.75	 2849.25
1103	 1083.5	 2832.0
1104	 1053.75	 2802.0
1105	 2086.45	 1719.55
1106	 904.7	 2762.9
1107	 995.75	 3271.0
1108	 943.6	 2746.4
1109	 986.2	 2743.7
1110	 1875.0	 1770.75
1111	 2698.0	 1748.0
1112	 980.0	 2673.3
1113	 1137.25	 2774.0
1114	 912.25	 3560.05
1115	 1160.0	 2746.5
1116	 1186.05	 2717.35
1117	 2680.8	 1183.0
1118	 1674.5	 2630.75
1119	 1239.75	 2826.5
1120	 1285.6	 2860.2
1121	 1297.2	 2844.4
1122	 1244.4	 2785.9
1123	 1064.6	 3326.5
1124	 1364.3	 2814.2
1125	 1347.1	 2782.6
1126	 1356.5	 2785.75
1127	 1298.4	 2759.4
1128	 1252.0	 2730.0
1129	 1316.3	 2739.7
1130	 1312.75	 2680.0
1131	 895.55	 2634.75
1132	 2801.8	 1197.2
1133	 1076.6	 2643.8
1134	 2012.25	 1563.0
1135	 1031.4	 2654.6
1136	 1001.85	 2582.35
1137	 1062.2	 2588.1
1138	 898.25	 2509.25
1139	 937.2	 2520.3
1140	 955.7	 2565.6
1141	 1051.0	 2531.6
1142	 1003.4	 2521.0
1143	 1329.25	 1933.75
1144	 1141.25	 2616.25
1145	 1106.4	 2605.3
1146	 1145.25	 2607.25
1147	 1118.2	 2656.3
1148	 1299.2	 2597.4
1149	 1316.25	 2587.5
1150	 1814.3	 2855.8
1151	 1160.8	 2515.6
1152	 2805.2	 1159.0
1153	 1377.3	 2568.4
1154	 1357.4	 2548.2
1155	 1361.6	 2530.0
1156	 1246.4	 2483.8
1157	 795.5	 2463.8
1158	 2037.4	 1560.9
1159	 696.15	 2450.1
1160	 878.75	 2431.5
1161	 876.25	 2438.75
1162	 909.4	 2436.3
1163	 726.0	 2413.5
1164	 747.0	 2380.0
1165	 2289.5	 1126.0
1166	 900.85	 2349.9
1167	 923.3	 2465.3
1168	 994.5	 2452.5
1169	 941.5	 2409.0
1170	 962.7	 2418.2
1171	 1108.25	 2481.0
1172	 1119.25	 2445.0
1173	 968.6	 2353.5
1174	 975.5	 2373.3
1175	 920.25	 2319.25
1176	 1004.25	 2305.25
1177	 861.7	 2274.25
1178	 904.2	 2213.9
1179	 933.0	 2242.25
1180	 978.5	 2275.75
1181	 989.75	 2125.5
1182	 1043.0	 2216.25
1183	 1038.5	 2178.5
1184	 1076.35	 2284.65
1185	 1102.0	 2268.7
1186	 1126.35	 2269.05
1187	 1108.0	 3426.2
1188	 1114.6	 2237.4
1189	 1118.05	 2168.75
1190	 1090.0	 2092.0
1191	 1119.5	 1967.5
1192	 1134.8	 3385.6
1193	 1140.9	 2396.1
1194	 1153.35	 2392.2
1195	 1421.0	 2818.6
1196	 1195.0	 3524.75
1197	 1172.4	 2393.6
1198	 1448.8	 2817.6
1199	 1198.3	 3489.7
1200	 1159.2	 2293.5
1201	 2172.2	 2068.8
1202	 1184.5	 2271.5
1203	 2173.75	 2061.75
1204	 1196.75	 3442.0
1205	 2161.2	 2051.8
1206	 1273.3	 2426.2
1207	 1255.7	 2330.15
1208	 1308.5	 2448.75
1209	 1320.2	 2452.2
1210	 2331.5	 1102.9
1211	 1259.2	 2249.6
1212	 1285.75	 2250.25
1213	 1322.6	 2284.7
1214	 1380.0	 2249.75
1215	 1328.6	 2233.9
1216	 1322.5	 2192.5
1217	 2199.1	 2035.8
1218	 1157.7	 2064.6
1219	 1171.9	 2072.0
1220	 1162.0	 2039.95
1221	 2385.2	 1090.4
1222	 1190.55	 2019.9
1223	 2478.5	 1158.5
1224	 1141.4	 1997.0
1225	 1500.75	 2841.5
1226	 2599.8	 1150.75
1227	 2594.25	 1141.75
1228	 1259.2	 1962.3
1229	 1306.5	 2039.25
1230	 1314.75	 2036.5
1231	 1347.65	 2130.2
1232	 1337.1	 2048.7
1233	 1351.1	 1984.1
1234	 1382.6	 2034.2
1235	 1329.0	 3521.5
1236	 1382.0	 2015.45
1237	 1327.75	 1873.25
1238	 1299.4	 1811.0
1239	 1358.0	 3495.6
1240	 1382.25	 1960.25
1241	 1346.0	 1843.0
1242	 1395.05	 2860.0
1243	 1390.75	 2810.75
1244	 1297.5	 3461.75
1245	 1434.0	 2857.4
1246	 1437.35	 2830.85
1247	 1419.2	 2755.4
1248	 1394.6	 2663.0
1249	 1500.75	 2784.5
1250	 2168.5	 1876.9
1251	 2170.7	 1877.5
1252	 2423.1	 1075.3
1253	 1403.2	 2654.2
1254	 1437.3	 2660.2
1255	 2207.5	 1920.75
1256	 1405.0	 2563.0
1257	 2361.3	 1052.9
1258	 1487.5	 2636.25
1259	 1438.0	 2606.5
1260	 1486.1	 2607.3
1261	 1510.6	 2593.85
1262	 1520.4	 2779.15
1263	 1254.6	 3433.6
1264	 1525.8	 2745.5
1265	 1237.5	 3421.0
1266	 1545.5	 2665.2
1267	 1559.5	 2658.0
1268	 1540.7	 2608.8
1269	 1577.0	 2675.75
1270	 1601.05	 2632.95
1271	 1579.4	 2595.8
1272	 1573.0	 2592.0
1273	 2557.2	 1080.6
1274	 1437.6	 2612.2
1275	 1434.1	 2338.6
1276	 1486.6	 2514.9
1277	 1501.25	 2388.5
1278	 1516.75	 2377.5
1279	 1422.8	 2295.0
1280	 1468.0	 2283.3
1281	 1473.4	 2251.6
1282	 2282.25	 2035.75
1283	 1465.0	 2173.5
1284	 1520.8	 2545.2
1285	 1531.6	 2536.6
1286	 2218.25	 1883.75
1287	 1626.4	 2535.7
1288	 1604.0	 2419.9
1289	 1613.9	 2411.2
1290	 2785.3	 1549.4
1291	 1530.85	 2258.0
1292	 1549.55	 2179.9
1293	 1600.5	 2281.5
1294	 2216.8	 985.4
1295	 1682.5	 2861.25
1296	 1688.5	 2783.75
1297	 1443.75	 2605.5
1298	 1716.5	 2698.25
1299	 1710.9	 2681.3
1300	 1360.5	 3404.75
1301	 1672.6	 2613.7
1302	 1697.75	 2669.0
1303	 1387.25	 3381.5
1304	 1754.0	 2791.5
1305	 2753.8	 1514.8
1306	 1782.4	 2747.4
1307	 1776.75	 2688.5
1308	 1464.6	 3408.0
1309	 1821.15	 2841.6
1310	 1846.1	 2841.9
1311	 1850.5	 2799.5
1312	 1852.2	 2332.2
1313	 944.0	 3555.7
1314	 1778.25	 2610.75
1315	 3367.75	 677.75
1316	 1825.6	 2639.7
1317	 1803.75	 2638.0
1318	 1840.1	 2577.9
1319	 1161.5	 3373.25
1320	 1798.9	 2584.2
1321	 1649.65	 2517.0
1322	 2408.0	 978.0
1323	 1554.75	 2850.25
1324	 1681.7	 2519.1
1325	 1652.25	 2370.25
1326	 1656.3	 2390.95
1327	 2432.8	 971.2
1328	 2224.8	 1922.0
1329	 1697.5	 2297.0
1330	 1647.75	 2224.5
1331	 1685.0	 2293.4
1332	 1677.5	 2200.5
1333	 1716.1	 2342.8
1334	 1765.0	 2488.2
1335	 1554.6	 2754.25
1336	 1786.6	 2347.6
1337	 1822.0	 2458.25
1338	 1840.0	 2479.75
1339	 1837.6	 2473.2
1340	 1831.5	 2354.75
1341	 1204.6	 3327.1
1342	 1760.5	 2282.75
1343	 1789.45	 2273.35
1344	 1766.4	 2210.9
1345	 1793.2	 2186.0
1346	 1841.2	 2217.8
1347	 1389.2	 2060.4
1348	 1439.2	 2076.4
1349	 1506.0	 2053.75
1350	 1402.0	 2001.5
1351	 1413.1	 1956.7
1352	 1324.9	 3347.85
1353	 1429.0	 1969.95
1354	 1444.0	 1875.75
1355	 1498.0	 1962.3
1356	 1485.5	 1888.25
1357	 1527.0	 2100.25
1358	 1556.75	 2118.75
1359	 1515.8	 2066.0
1360	 2474.2	 915.0
1361	 1614.0	 2710.0
1362	 1596.15	 2032.85
1363	 1610.1	 2026.6
1364	 1532.25	 2686.25
1365	 1329.3	 3320.5
1366	 1360.2	 3306.6
1367	 1638.05	 1962.0
1368	 1522.65	 2645.35
1369	 1441.0	 1857.4
1370	 1460.05	 1826.35
1371	 1455.7	 1815.0
1372	 1317.2	 3339.4
1373	 1475.6	 1793.2
1374	 1509.8	 1781.9
1375	 1514.8	 1786.0
1376	 1466.75	 1632.0
1377	 2115.25	 1698.75
1378	 2976.5	 1695.75
1379	 1521.5	 1577.5
1380	 1571.75	 1835.25
1381	 1586.85	 1854.35
1382	 1249.5	 3266.75
1383	 2519.75	 928.5
1384	 1629.35	 1729.3
1385	 1617.55	 1701.9
1386	 2535.25	 940.75
1387	 1580.0	 1588.75
1388	 1585.7	 1580.9
1389	 1583.85	 1522.95
1390	 1643.6	 1613.0
1391	 1681.4	 1990.8
1392	 2384.75	 1566.5
1393	 1718.6	 1956.8
1394	 1670.3	 1845.4
1395	 1650.7	 1761.8
1396	 1693.9	 1797.25
1397	 1698.5	 1796.6
1398	 1734.05	 1942.2
1399	 2168.15	 1618.1
1400	 1723.2	 1814.4
1401	 1752.4	 1762.8
1402	 1757.0	 1871.0
1403	 1594.8	 2628.05
1404	 1797.75	 2081.25
1405	 1789.25	 1980.9
1406	 1601.8	 2637.5
1407	 1769.8	 1827.8
1408	 1842.0	 1785.0
1409	 1836.55	 1820.1
1410	 1650.5	 1744.0
1411	 1740.7	 1733.4
1412	 1737.25	 1747.0
1413	 1436.75	 3328.75
1414	 1742.3	 1599.1
1415	 1619.0	 2624.5
1416	 1698.05	 1460.9
1417	 2110.25	 1565.5
1418	 1775.3	 1701.6
1419	 1773.6	 1712.9
1420	 2113.8	 1536.2
1421	 1842.3	 1748.55
1422	 1766.25	 1508.75
1423	 1792.4	 1502.3
1424	 1834.4	 1385.3
1425	 2557.0	 764.5
1426	 1847.5	 1302.0
1427	 1906.25	 2889.25
1428	 1928.65	 2751.25
1429	 1937.6	 2744.7
1430	 2598.4	 805.8
1431	 1865.0	 2667.0
1432	 1852.3	 2602.1
1433	 1905.7	 2732.4
1434	 1897.6	 2730.6
1435	 1453.5	 2513.5
1436	 2611.0	 814.0
1437	 1962.25	 2823.0
1438	 1966.0	 2895.0
1439	 1983.1	 2687.4
1440	 1951.9	 2674.2
1441	 1953.5	 2570.0
1442	 2008.35	 2638.65
1443	 1999.5	 2532.0
1444	 2042.55	 2590.95
1445	 1490.6	 2494.2
1446	 1854.2	 2381.4
1447	 1896.0	 2355.3
1448	 1905.5	 2394.6
1449	 1945.1	 2397.8
1450	 1914.3	 2318.7
1451	 1955.75	 2375.0
1452	 1870.05	 2265.95
1453	 1858.0	 2150.75
1454	 1946.0	 2249.25
1455	 2658.2	 1132.8
1456	 1302.5	 2459.75
1457	 1925.5	 2129.3
1458	 1503.4	 2462.8
1459	 2248.5	 1616.0
1460	 1974.5	 2442.75
1461	 1973.5	 2435.3
1462	 1983.5	 2429.15
1463	 2001.75	 2311.25
1464	 2333.9	 1775.1
1465	 2023.0	 2421.75
1466	 2037.0	 2396.0
1467	 2291.25	 1886.0
1468	 1995.0	 2298.1
1469	 1987.1	 2187.2
1470	 1996.2	 2164.1
1471	 2052.25	 2221.75
1472	 2044.6	 2254.6
1473	 2019.5	 2152.4
1474	 2057.2	 2806.05
1475	 3639.0	 809.25
1476	 2101.5	 2487.25
1477	 2120.4	 2590.4
1478	 2127.0	 2545.25
1479	 2157.75	 2618.75
1480	 2071.75	 2536.25
1481	 2107.1	 2526.6
1482	 2096.6	 2487.3
1483	 1387.25	 2205.5
1484	 2160.9	 2535.8
1485	 2171.7	 2546.0
1486	 2116.25	 2404.75
1487	 2119.7	 2396.7
1488	 1478.25	 2313.0
1489	 2228.0	 2486.0
1490	 1538.75	 3232.75
1491	 1537.5	 3238.5
1492	 2176.8	 2460.7
1493	 2211.5	 2395.0
1494	 2213.4	 2407.7
1495	 2238.5	 2419.0
1496	 1416.75	 1783.2
1497	 1643.25	 3229.75
1498	 2272.0	 2387.25
1499	 2702.25	 942.75
1500	 2098.2	 2307.6
1501	 2085.25	 2300.0
1502	 2193.0	 2324.25
1503	 1557.0	 3207.2
1504	 2159.75	 2288.5
1505	 2089.25	 2172.75
1506	 2103.6	 2179.0
1507	 2061.0	 2122.0
1508	 1152.4	 3333.4
1509	 2143.0	 2230.4
1510	 2306.6	 1496.2
1511	 2146.4	 2128.0
1512	 2224.25	 2301.25
1513	 2278.2	 2254.8
1514	 2209.0	 2249.0
1515	 2206.25	 2206.0
1516	 2210.4	 2211.9
1517	 2757.8	 1008.3
1518	 2206.0	 2114.25
1519	 2220.8	 2160.1
1520	 2253.2	 2159.25
1521	 926.25	 3179.5
1522	 2273.4	 2183.8
1523	 1239.7	 3351.8
1524	 1867.5	 2019.25
1525	 906.25	 3161.5
1526	 1852.25	 2901.25
1527	 2349.95	 2983.25
1528	 1966.6	 2099.7
1529	 1961.4	 2036.2
1530	 1949.25	 2030.5
1531	 875.0	 3101.2
1532	 1877.1	 1855.3
1533	 1874.25	 1835.25
1534	 1913.3	 1830.6
1535	 1930.1	 1843.6
1536	 1920.75	 1785.0
1537	 2357.95	 2280.75
1538	 2040.7	 2018.4
1539	 2349.4	 2363.0
1540	 2003.5	 1889.5
1541	 2804.2	 1037.1
1542	 2095.75	 1805.75
1543	 1890.1	 1737.3
1544	 1860.4	 1657.4
1545	 1603.75	 2424.5
1546	 1904.2	 1667.0
1547	 1922.0	 1685.5
1548	 1906.6	 1754.2
1549	 1952.2	 1610.4
1550	 1964.05	 1556.75
1551	 1922.5	 1507.75
1552	 1971.0	 1474.5
1553	 2037.25	 1684.8
1554	 2018.75	 1674.75
1555	 2089.5	 1693.4
1556	 2085.5	 1684.25
1557	 2079.3	 1606.1
1558	 1986.75	 1546.25
1559	 2012.9	 1560.0
1560	 1536.4	 2265.7
1561	 2002.5	 1483.0
1562	 2013.2	 1500.8
1563	 1971.0	 1585.8
1564	 1573.65	 2380.2
1565	 2376.6	 2252.4
1566	 1569.0	 1760.5
1567	 2962.2	 1006.6
1568	 2085.3	 1574.0
1569	 2057.0	 1458.75
1570	 2084.3	 1461.5
1571	 2121.1	 2085.3
1572	 2126.95	 2090.75
1573	 2115.0	 2025.0
1574	 2170.35	 2066.3
1575	 1551.25	 2239.75
1576	 1548.25	 1691.0
1577	 2124.4	 1936.8
1578	 2159.5	 1919.25
1579	 2105.25	 1798.25
1580	 2386.75	 2181.25
1581	 2359.0	 2103.5
1582	 2190.1	 1861.9
1583	 2229.25	 2073.75
1584	 2245.15	 2055.45
1585	 1601.4	 2366.3
1586	 861.2	 3027.2
1587	 2230.75	 1992.25
1588	 2267.5	 1981.0
1589	 2820.9	 920.9
1590	 2407.5	 2262.75
1591	 2310.35	 1967.2
1592	 2268.0	 1900.0
1593	 2219.1	 1875.8
1594	 2240.8	 1865.1
1595	 864.4	 2432.95
1596	 2110.5	 1650.75
1597	 2200.0	 1719.75
1598	 2218.25	 1702.0
1599	 2180.5	 1609.0
1600	 2165.5	 1592.25
1601	 2941.5	 942.0
1602	 2999.75	 1390.75
1603	 2134.6	 1524.2
1604	 2191.75	 1553.25
1605	 2246.6	 1795.1
1606	 2422.6	 2166.4
1607	 2275.5	 1662.05
1608	 1071.4	 3045.4
1609	 2234.9	 1544.2
1610	 2262.4	 1507.75
1611	 2262.25	 1467.75
1612	 2322.0	 1617.0
1613	 1153.6	 3178.6
1614	 1135.2	 3165.4
1615	 2347.8	 2312.5
1616	 2350.5	 2262.75
1617	 1650.5	 2462.0
1618	 2359.0	 2215.75
1619	 2340.25	 2183.0
1620	 2361.4	 2153.6
1621	 2406.75	 2258.0
1622	 2411.75	 2224.5
1623	 1117.0	 3131.25
1624	 2421.6	 2210.5
1625	 2417.9	 2195.0
1626	 2454.9	 2213.8
1627	 1697.25	 2795.75
1628	 2554.0	 2250.3
1629	 2514.25	 2202.35
1630	 2471.35	 2189.95
1631	 2458.4	 2142.5
1632	 2435.2	 2103.5
1633	 2484.75	 2105.75
1634	 2551.5	 2161.0
1635	 2534.75	 2165.95
1636	 2570.5	 2179.0
1637	 2522.8	 2127.3
1638	 1704.6	 2771.8
1639	 2361.5	 2094.75
1640	 2384.05	 2062.35
1641	 2395.7	 1995.7
1642	 2433.3	 2015.0
1643	 2438.75	 1983.25
1644	 2454.4	 1957.65
1645	 2342.7	 1866.9
1646	 2374.1	 1913.6
1647	 2376.4	 1850.0
1648	 2404.25	 1929.25
1649	 2440.75	 1913.75
1650	 2424.1	 1801.95
1651	 2341.0	 1985.75
1652	 2476.75	 2054.0
1653	 2493.0	 1950.5
1654	 2500.0	 1914.0
1655	 2564.25	 1976.25
1656	 2585.25	 1951.0
1657	 2483.2	 1845.2
1658	 1293.75	 3159.75
1659	 2538.0	 1884.0
1660	 2541.2	 1784.5
1661	 2582.6	 1806.8
1662	 1746.8	 1862.2
1663	 2596.7	 2119.8
1664	 1173.0	 3094.0
1665	 2715.0	 2095.75
1666	 2661.4	 2026.05
1667	 2673.1	 1979.3
1668	 2641.6	 1952.4
1669	 2677.5	 2065.25
1670	 2678.7	 2006.7
1671	 1873.5	 1429.65
1672	 2690.1	 1953.8
1673	 2741.8	 750.6
1674	 1756.75	 2123.0
1675	 2481.5	 2114.0
1676	 2822.7	 1994.4
1677	 1194.5	 3056.25
1678	 2596.3	 1930.5
1679	 2673.5	 1929.9
1680	 2747.25	 1929.0
1681	 2783.5	 1931.5
1682	 2773.9	 1880.2
1683	 2600.5	 1829.75
1684	 1259.0	 3088.4
1685	 2643.5	 1823.5
1686	 2744.0	 1807.25
1687	 2901.85	 1931.45
1688	 2872.7	 1875.8
1689	 2881.5	 1840.5
1690	 2943.75	 1849.0
1691	 2847.75	 889.25
1692	 2931.0	 1825.5
1693	 1839.0	 1951.35
1694	 2553.8	 2116.7
1695	 2955.9	 1782.2
1696	 2969.5	 1810.9
1697	 1267.3	 3052.9
1698	 2995.7	 1786.2
1699	 2879.5	 852.0
1700	 2353.0	 2087.8
1701	 2398.4	 1768.0
1702	 2361.75	 1740.25
1703	 2811.5	 778.25
1704	 2474.1	 1766.5
1705	 2546.05	 1753.8
1706	 2476.05	 1697.15
1707	 2875.7	 765.9
1708	 2437.0	 1666.4
1709	 2433.5	 1643.9
1710	 2514.75	 1695.5
1711	 2520.9	 1685.5
1712	 2571.0	 1695.4
1713	 2519.5	 1648.25
1714	 2610.2	 1775.2
1715	 2638.1	 1772.7
1716	 2586.5	 1728.0
1717	 2641.7	 1738.25
1718	 2619.75	 1707.25
1719	 2682.05	 1735.65
1720	 1853.75	 2807.75
1721	 2765.25	 1781.75
1722	 1777.9	 2691.6
1723	 2695.0	 1708.75
1724	 2746.75	 1712.5
1725	 2840.45	 1705.65
1726	 2379.8	 1961.0
1727	 2624.8	 1689.1
1728	 2678.25	 1687.25
1729	 2683.0	 1689.0
1730	 2587.1	 1636.9
1731	 2754.8	 1640.05
1732	 1820.1	 2795.25
1733	 2413.5	 2053.5
1734	 2463.65	 1621.35
1735	 2452.8	 1584.0
1736	 1060.5	 2976.5
1737	 2455.0	 1590.5
1738	 2552.95	 1596.7
1739	 2543.75	 1591.25
1740	 2344.5	 1464.0
1741	 2399.5	 1990.5
1742	 2453.25	 1507.75
1743	 903.0	 2904.25
1744	 2586.6	 1540.5
1745	 2568.75	 1517.25
1746	 2616.0	 1522.75
1747	 2429.8	 1978.4
1748	 1839.25	 2746.0
1749	 2492.25	 1484.05
1750	 2636.4	 1584.75
1751	 2685.6	 1623.5
1752	 2678.75	 1582.0
1753	 2619.6	 1620.5
1754	 1058.8	 2946.2
1755	 2779.3	 1606.1
1756	 2742.2	 1564.3
1757	 2359.5	 1917.75
1758	 2684.25	 1519.0
1759	 2626.75	 1489.75
1760	 2669.5	 1470.0
1761	 2766.5	 1534.75
1762	 2371.8	 1894.25
1763	 2819.7	 1522.1
1764	 2777.7	 1481.3
1765	 2858.25	 1698.75
1766	 2938.8	 1718.6
1767	 2979.4	 1770.5
1768	 3041.5	 1715.7
1769	 3007.1	 1726.9
1770	 2874.7	 1593.0
1771	 1676.95	 2360.15
1772	 2967.1	 1585.8
1773	 931.95	 3430.15
1774	 3111.9	 1665.8
1775	 3144.75	 1655.0
1776	 1168.0	 3091.4
1777	 1152.75	 3003.0
1778	 1107.25	 3036.0
1779	 2406.25	 1885.75
1780	 3185.5	 1616.5
1781	 3124.5	 1605.5
1782	 3277.4	 1600.25
1783	 2888.0	 1580.8
1784	 2865.5	 1540.25
1785	 2859.2	 1539.2
1786	 2932.25	 1547.5
1787	 3028.9	 1550.35
1788	 3131.7	 1555.9
1789	 2917.95	 1511.75
1790	 2947.7	 1496.2
1791	 2994.6	 1507.8
1792	 2878.25	 1476.75
1793	 2888.55	 1479.7
1794	 2956.7	 1478.3
1795	 2994.25	 1479.0
1796	 3094.5	 1492.0
1797	 3103.25	 1487.5
1798	 3190.5	 1552.25
1799	 3203.6	 1533.9
1800	 3302.25	 1532.0
1801	 3243.0	 1513.75
1802	 3245.7	 1486.1
1803	 3334.2	 1512.5
1804	 3289.5	 1514.75
1805	 3268.6	 1475.8
1806	 3330.5	 1468.75
1807	 3170.25	 1362.5
1808	 1684.5	 2516.0
1809	 1638.0	 2455.9
1810	 2500.8	 1955.0
1811	 1655.0	 2455.8
1812	 1165.6	 2914.0
1813	 1248.95	 2530.7
1814	 2023.3	 1449.7
1815	 2044.4	 1449.0
1816	 1862.0	 1338.2
1817	 2000.5	 1330.0
1818	 2995.0	 1291.5
1819	 2105.5	 1361.25
1820	 2161.5	 1437.6
1821	 1183.8	 2903.3
1822	 2309.45	 1453.8
1823	 2238.55	 1368.15
1824	 2128.65	 1352.2
1825	 2129.25	 1323.25
1826	 2330.6	 1377.15
1827	 1321.5	 2922.0
1828	 2301.0	 1347.6
1829	 1316.5	 2883.75
1830	 2053.6	 1297.0
1831	 3976.0	 1202.2
1832	 2489.7	 1897.5
1833	 2010.8	 1259.9
1834	 2102.0	 1483.25
1835	 1361.0	 3158.2
1836	 3179.75	 1358.5
1837	 1669.4	 2318.2
