0	 1959.2	 844.8
1	 1157.3	 4928.75
2	 1924.15	 728.35
3	 141.4	 4418.2
4	 1119.75	 4848.0
5	 1958.8	 809.2
6	 1171.75	 5018.75
7	 1122.6	 4835.0
8	 1524.6	 1564.4
9	 1981.5	 762.0
10	 1417.25	 1689.75
11	 1103.9	 4726.9
12	 2027.0	 820.5
13	 2035.75	 797.25
14	 1187.4	 2908.2
15	 1138.5	 4767.75
16	 1475.8	 811.6
17	 1185.65	 2859.6
18	 2031.0	 729.0
19	 2028.25	 738.5
20	 1424.3	 1671.7
21	 1491.3	 1249.1
22	 1158.45	 4755.7
23	 1053.3	 4631.1
24	 1065.7	 4605.9
25	 1925.75	 619.0
26	 1421.5	 965.5
27	 1077.45	 4632.4
28	 1069.6	 3103.4
29	 1067.25	 4582.5
30	 875.6	 2391.7
31	 1068.15	 4509.95
32	 1964.2	 536.1
33	 1047.75	 4485.7
34	 1080.9	 4570.8
35	 1086.65	 4560.0
36	 1076.2	 4543.7
37	 1087.1	 4505.0
38	 1090.75	 4495.75
39	 1365.5	 1578.75
40	 1099.65	 4633.9
41	 1095.6	 4684.55
42	 1140.75	 4701.5
43	 1143.8	 4692.4
44	 1140.5	 4626.5
45	 2026.1	 601.9
46	 1141.25	 4613.25
47	 1974.75	 526.25
48	 1981.6	 515.8
49	 1381.6	 1526.6
50	 2142.6	 1043.3
51	 1880.8	 1112.0
52	 1130.1	 4542.6
53	 2013.5	 581.75
54	 1394.2	 1602.7
55	 1142.3	 4516.4
56	 1214.6	 3028.4
57	 1762.4	 409.35
58	 1137.0	 4473.25
59	 922.3	 4438.5
60	 916.0	 4403.75
61	 333.75	 2755.15
62	 1260.8	 1076.1
63	 971.0	 4442.0
64	 301.0	 4565.25
65	 973.0	 4403.75
66	 975.0	 4374.0
67	 1182.5	 3399.0
68	 1357.25	 1497.75
69	 929.7	 4319.9
70	 917.1	 4266.3
71	 935.7	 4311.2
72	 979.5	 4318.0
73	 1859.75	 416.0
74	 1094.3	 4805.5
75	 1874.2	 450.6
76	 1539.05	 1669.85
77	 740.4	 4142.55
78	 1047.75	 4386.75
79	 981.0	 4334.25
80	 409.0	 2858.5
81	 1129.25	 4812.25
82	 980.0	 4277.8
83	 341.75	 4075.55
84	 1037.65	 4334.5
85	 400.5	 2816.75
86	 1046.3	 4418.5
87	 913.4	 4230.3
88	 912.45	 4177.35
89	 913.75	 4156.5
90	 873.3	 2232.9
91	 933.7	 4113.5
92	 915.75	 4055.0
93	 1852.95	 220.7
94	 1839.0	 217.1
95	 1867.4	 241.65
96	 1279.0	 666.1
97	 984.0	 4240.25
98	 988.4	 4264.1
99	 999.0	 2890.0
100	 983.5	 4175.2
101	 1344.5	 1431.75
102	 1863.5	 171.15
103	 1261.0	 647.25
104	 1878.5	 188.75
105	 991.5	 4133.5
106	 1884.8	 178.4
107	 174.4	 4405.6
108	 994.5	 4100.75
109	 993.0	 4115.5
110	 1035.1	 4133.6
111	 1922.35	 413.0
112	 1916.75	 435.25
113	 1936.5	 448.75
114	 1797.4	 937.0
115	 1965.0	 446.75
116	 912.25	 2765.0
117	 1078.75	 4422.05
118	 1957.8	 390.6
119	 2168.7	 372.6
120	 823.5	 4343.5
121	 1028.0	 2991.8
122	 1062.0	 4331.0
123	 1950.5	 387.75
124	 1049.9	 4282.15
125	 1967.5	 328.25
126	 1082.4	 4310.1
127	 1077.15	 4317.0
128	 1956.1	 465.9
129	 1141.5	 4757.7
130	 791.0	 4286.25
131	 1164.6	 2723.4
132	 1100.75	 4384.5
133	 1112.9	 4369.2
134	 2038.4	 696.45
135	 221.8	 4411.4
136	 1343.5	 679.0
137	 1145.25	 4404.5
138	 1292.5	 3053.75
139	 1146.75	 4387.5
140	 2003.5	 854.7
141	 1112.55	 4288.95
142	 1148.5	 4325.75
143	 1149.0	 4289.5
144	 1150.75	 4250.0
145	 488.25	 3020.75
146	 426.2	 2762.4
147	 1057.0	 3048.35
148	 873.5	 2686.0
149	 1049.05	 4161.9
150	 1038.75	 4147.75
151	 1078.7	 4216.2
152	 1083.4	 4225.3
153	 1369.2	 1482.6
154	 1370.3	 1481.5
155	 1092.7	 4155.5
156	 1067.4	 4116.7
157	 1980.5	 293.5
158	 1053.0	 4077.2
159	 1083.2	 4149.25
160	 1077.3	 4071.6
161	 1120.75	 4214.75
162	 1984.3	 213.0
163	 1094.25	 4165.0
164	 1344.8	 631.0
165	 1149.0	 4194.0
166	 1149.75	 4187.0
167	 1156.2	 4160.2
168	 1120.3	 4131.6
169	 1099.75	 4075.5
170	 1114.6	 4067.4
171	 2044.6	 784.0
172	 2074.1	 803.0
173	 1174.5	 4125.0
174	 1173.75	 4100.75
175	 816.8	 4309.2
176	 500.5	 3622.5
177	 1145.75	 4417.75
178	 1405.1	 669.5
179	 1612.85	 897.05
180	 626.25	 4017.5
181	 626.25	 3958.5
182	 2074.3	 763.5
183	 1879.75	 1059.75
184	 2052.25	 747.25
185	 1368.7	 3041.2
186	 679.75	 4045.75
187	 633.5	 3907.75
188	 633.75	 3883.5
189	 2096.8	 754.6
190	 637.75	 3868.5
191	 637.25	 3848.0
192	 1447.0	 1180.5
193	 709.0	 3911.75
194	 2148.2	 852.0
195	 1887.5	 994.75
196	 689.0	 3867.5
197	 513.4	 3312.2
198	 741.7	 3997.8
199	 2131.9	 773.8
200	 1070.8	 3876.4
201	 270.0	 4427.8
202	 1910.0	 173.0
203	 1958.0	 558.25
204	 720.75	 3885.75
205	 730.4	 3880.35
206	 735.5	 3842.25
207	 752.5	 3930.75
208	 2037.3	 243.8
209	 1181.0	 2627.25
210	 768.15	 3877.35
211	 273.5	 4396.5
212	 2073.25	 669.75
213	 634.75	 3833.25
214	 2093.95	 664.55
215	 635.25	 3817.75
216	 2086.4	 719.5
217	 1982.1	 1212.7
218	 700.75	 3822.5
219	 640.5	 3775.5
220	 704.5	 3834.5
221	 641.25	 3738.75
222	 2089.75	 599.0
223	 642.0	 3758.0
224	 643.0	 3715.0
225	 694.25	 3758.0
226	 642.0	 3690.25
227	 1879.25	 962.5
228	 1294.5	 584.5
229	 2141.2	 676.8
230	 2169.25	 693.0
231	 2177.6	 692.8
232	 2162.0	 674.5
233	 748.5	 3824.25
234	 768.8	 3822.55
235	 759.5	 3822.0
236	 1882.5	 903.9
237	 711.7	 3743.3
238	 2124.5	 580.0
239	 2146.25	 587.25
240	 2161.7	 634.2
241	 723.3	 3713.5
242	 2182.6	 580.6
243	 751.6	 3702.3
244	 750.5	 3672.25
245	 1345.4	 934.1
246	 1904.25	 1283.75
247	 775.75	 4016.5
248	 2222.5	 812.0
249	 775.5	 3961.5
250	 2223.05	 838.95
251	 798.7	 4001.85
252	 817.6	 4041.7
253	 521.0	 3173.5
254	 793.0	 3946.0
255	 781.25	 3883.75
256	 503.2	 4229.9
257	 802.5	 3954.25
258	 901.65	 4289.2
259	 824.9	 3923.6
260	 1230.0	 2754.5
261	 1910.5	 1183.25
262	 1473.6	 2134.4
263	 853.5	 3973.3
264	 876.5	 4010.9
265	 2021.75	 643.5
266	 322.6	 4338.35
267	 852.3	 3900.0
268	 2338.5	 814.0
269	 2273.7	 782.5
270	 2277.75	 766.5
271	 216.0	 3201.0
272	 73.0	 4279.25
273	 1209.5	 2642.4
274	 774.9	 3843.0
275	 39.55	 4186.95
276	 784.5	 3804.0
277	 806.1	 3853.5
278	 806.1	 3786.7
279	 1341.0	 542.5
280	 773.2	 3751.8
281	 793.3	 3749.3
282	 822.05	 3726.05
283	 2239.8	 683.7
284	 1222.0	 1348.75
285	 835.35	 3828.95
286	 843.45	 3815.6
287	 1497.25	 2097.0
288	 852.7	 3769.9
289	 867.6	 3774.8
290	 887.0	 3770.0
291	 836.25	 3722.5
292	 2267.0	 711.8
293	 799.25	 4151.75
294	 848.7	 3758.1
295	 855.9	 3742.6
296	 2275.5	 631.25
297	 2289.9	 685.8
298	 871.2	 3707.6
299	 878.5	 3700.45
300	 2316.6	 691.6
301	 1504.8	 1224.4
302	 612.8	 3609.0
303	 2317.65	 653.75
304	 644.0	 3652.75
305	 688.1	 3653.7
306	 803.0	 4164.75
307	 693.0	 3595.5
308	 643.5	 3677.5
309	 2302.3	 597.2
310	 611.25	 3553.75
311	 1235.5	 2483.5
312	 659.25	 3561.5
313	 597.2	 3227.7
314	 1175.75	 1181.5
315	 2091.8	 551.7
316	 658.25	 3594.25
317	 664.0	 3537.0
318	 665.5	 3519.0
319	 1941.0	 1102.0
320	 714.7	 3634.2
321	 1214.0	 1231.8
322	 725.4	 3643.4
323	 724.5	 3670.0
324	 1418.25	 947.75
325	 751.0	 3610.5
326	 750.9	 3634.5
327	 1133.9	 4506.8
328	 1249.0	 3062.0
329	 1394.75	 503.0
330	 731.2	 3567.8
331	 808.8	 4126.2
332	 2154.25	 485.5
333	 2157.6	 570.9
334	 2165.7	 535.0
335	 742.5	 3517.0
336	 753.65	 3546.7
337	 2154.4	 441.3
338	 589.95	 3488.6
339	 2160.3	 464.4
340	 1257.8	 3078.0
341	 2168.7	 419.0
342	 670.25	 3473.25
343	 591.4	 3235.2
344	 616.0	 3176.0
345	 1798.9	 426.7
346	 141.0	 4240.25
347	 2050.8	 229.9
348	 2161.25	 400.35
349	 593.25	 3200.5
350	 2063.75	 369.5
351	 1139.5	 3246.5
352	 680.0	 3392.0
353	 1949.0	 182.2
354	 670.0	 3460.25
355	 1135.8	 3199.7
356	 2297.0	 819.95
357	 738.0	 3460.0
358	 678.0	 3410.5
359	 929.35	 4397.55
360	 726.0	 3417.0
361	 2117.4	 368.05
362	 2107.6	 1281.5
363	 1252.6	 2830.0
364	 2154.9	 360.8
365	 62.8	 4121.4
366	 933.75	 2245.0
367	 773.6	 3645.7
368	 768.5	 3652.75
369	 1999.8	 1182.9
370	 1126.5	 3127.75
371	 780.1	 3614.9
372	 1908.8	 354.1
373	 804.75	 3669.8
374	 812.0	 3584.0
375	 2227.3	 550.9
376	 974.9	 4455.7
377	 1839.9	 975.9
378	 944.25	 2542.75
379	 1961.0	 1124.25
380	 31.0	 4049.25
381	 2197.1	 479.6
382	 1497.15	 1188.75
383	 501.2	 3091.2
384	 2260.5	 470.9
385	 2223.25	 440.45
386	 763.5	 3506.75
387	 831.4	 3652.5
388	 2297.25	 566.0
389	 1808.5	 376.75
390	 869.4	 3644.2
391	 1085.95	 3147.0
392	 861.7	 3632.4
393	 1358.1	 941.1
394	 928.3	 4338.3
395	 1274.0	 3033.0
396	 1453.9	 694.1
397	 2307.0	 500.0
398	 819.2	 3514.4
399	 2288.25	 467.0
400	 853.0	 3522.0
401	 2283.5	 444.75
402	 388.25	 2754.25
403	 2192.2	 407.2
404	 875.9	 3581.2
405	 879.1	 3557.8
406	 2188.3	 386.2
407	 820.75	 3649.75
408	 757.4	 3478.75
409	 1296.75	 3144.25
410	 2252.25	 376.75
411	 803.25	 3479.5
412	 1420.8	 570.3
413	 1300.25	 3077.75
414	 1174.75	 1101.25
415	 1167.25	 3567.75
416	 805.75	 3424.0
417	 503.0	 4070.5
418	 761.7	 3362.0
419	 791.95	 3259.75
420	 782.0	 3386.0
421	 769.75	 3349.1
422	 797.1	 3393.2
423	 993.5	 2395.75
424	 817.0	 3330.4
425	 845.6	 3456.5
426	 835.5	 3430.4
427	 1929.9	 1750.7
428	 1198.8	 1106.5
429	 916.8	 4087.4
430	 878.1	 3412.4
431	 836.5	 3385.5
432	 841.5	 3373.0
433	 841.4	 3395.6
434	 821.1	 3337.4
435	 513.5	 3037.0
436	 1101.4	 3016.7
437	 878.0	 3328.45
438	 885.3	 3353.2
439	 876.75	 3361.25
440	 2076.8	 237.0
441	 894.9	 4022.3
442	 898.6	 3977.5
443	 1770.8	 897.5
444	 920.1	 4047.6
445	 169.1	 4089.6
446	 892.8	 3923.8
447	 915.7	 3919.4
448	 1021.2	 4387.3
449	 950.1	 3893.65
450	 937.75	 3889.25
451	 997.75	 3997.75
452	 1829.6	 282.4
453	 963.4	 3990.8
454	 1011.2	 3952.0
455	 1076.2	 2833.0
456	 536.55	 4127.05
457	 964.7	 3932.5
458	 970.9	 3888.6
459	 995.4	 4915.6
460	 1013.0	 3906.75
461	 1839.25	 287.0
462	 889.9	 3832.9
463	 886.5	 3843.5
464	 906.25	 3865.25
465	 915.2	 3810.2
466	 1100.5	 2898.0
467	 932.3	 3810.8
468	 917.0	 3860.2
469	 906.9	 3727.4
470	 897.9	 3699.9
471	 927.6	 3763.2
472	 929.8	 3741.2
473	 957.25	 3784.0
474	 960.2	 3777.7
475	 980.5	 3798.75
476	 982.75	 3861.1
477	 1902.2	 882.2
478	 1898.5	 676.25
479	 2237.7	 532.4
480	 957.3	 3700.2
481	 969.75	 3704.5
482	 979.8	 3748.35
483	 1031.0	 3744.25
484	 1042.25	 4036.5
485	 2061.25	 158.75
486	 1051.9	 4030.3
487	 1050.25	 4010.75
488	 1077.5	 4048.75
489	 1983.9	 381.3
490	 1075.6	 3992.6
491	 1509.8	 675.1
492	 1095.6	 4001.4
493	 1015.45	 4304.65
494	 1069.6	 3928.2
495	 988.4	 4676.2
496	 1085.5	 3928.3
497	 1097.1	 4025.2
498	 1116.8	 3972.2
499	 1134.6	 4011.0
500	 1157.0	 4011.75
501	 1158.5	 4024.25
502	 1832.5	 206.5
503	 1140.0	 3966.7
504	 547.75	 4037.0
505	 1160.0	 3970.8
506	 1542.0	 1846.9
507	 1231.75	 1040.25
508	 1111.25	 3892.5
509	 217.5	 4251.0
510	 1079.2	 3857.0
511	 1103.25	 3856.5
512	 219.75	 3116.25
513	 1078.0	 3808.5
514	 1013.75	 4811.25
515	 230.25	 4259.0
516	 2082.5	 1331.9
517	 1802.25	 143.75
518	 1276.0	 2737.8
519	 1096.0	 3752.5
520	 1086.0	 3703.5
521	 1112.6	 3830.5
522	 1136.8	 3813.1
523	 1137.7	 3805.9
524	 1103.75	 3759.25
525	 1091.8	 3692.2
526	 1486.5	 961.5
527	 202.8	 4185.2
528	 1490.9	 332.3
529	 1133.3	 3707.9
530	 1279.8	 2681.5
531	 1296.8	 1070.0
532	 1152.3	 3780.9
533	 1022.6	 4740.0
534	 898.7	 3638.8
535	 908.4	 3635.8
536	 210.25	 4182.0
537	 925.6	 3683.6
538	 928.25	 3649.25
539	 888.8	 3591.85
540	 1812.0	 965.2
541	 913.75	 3532.75
542	 941.7	 3588.0
543	 948.2	 3527.6
544	 1558.8	 2138.0
545	 964.5	 3604.2
546	 976.75	 3621.5
547	 999.0	 3646.8
548	 949.6	 3683.6
549	 1951.0	 887.4
550	 983.35	 3509.0
551	 996.25	 3579.0
552	 1070.5	 4542.0
553	 1015.75	 3536.25
554	 986.1	 3579.6
555	 901.2	 3452.9
556	 919.5	 3472.0
557	 926.0	 3484.5
558	 1285.25	 2613.0
559	 919.5	 3422.5
560	 953.0	 3440.4
561	 1896.8	 251.35
562	 897.75	 3404.2
563	 274.9	 4300.9
564	 1606.7	 317.7
565	 1291.0	 2574.0
566	 911.0	 3353.4
567	 949.5	 3392.5
568	 1337.6	 1265.0
569	 976.2	 3470.25
570	 1345.1	 1260.5
571	 1028.6	 2764.6
572	 1005.6	 3475.8
573	 1015.5	 3468.95
574	 1010.8	 3437.4
575	 957.3	 3390.6
576	 989.2	 4190.8
577	 1471.8	 399.1
578	 305.8	 4325.0
579	 1008.0	 3350.0
580	 1003.1	 3357.1
581	 1042.25	 3663.75
582	 1046.5	 3651.25
583	 1021.1	 3546.3
584	 1059.75	 3590.25
585	 1095.1	 3564.6
586	 1163.2	 2448.4
587	 1081.25	 3526.0
588	 994.25	 4559.75
589	 1084.25	 3507.25
590	 1104.5	 3685.7
591	 62.8	 3841.5
592	 1127.9	 3657.3
593	 1132.3	 3669.4
594	 736.25	 3251.75
595	 2020.8	 1671.0
596	 764.25	 3300.5
597	 1149.25	 3616.85
598	 1864.0	 156.25
599	 1144.1	 3586.1
600	 1136.4	 3522.8
601	 1123.4	 3689.0
602	 1135.5	 3506.5
603	 1372.0	 1234.75
604	 1063.5	 3449.25
605	 1349.75	 1189.5
606	 1053.25	 3432.85
607	 1055.3	 3379.9
608	 1897.95	 165.1
609	 1030.3	 3327.6
610	 300.25	 4189.25
611	 1391.25	 1334.75
612	 1026.0	 2593.0
613	 329.25	 3293.75
614	 1878.5	 134.75
615	 1152.75	 3491.0
616	 1118.25	 3390.75
617	 1109.0	 3423.0
618	 1285.0	 2159.5
619	 1905.75	 134.75
620	 1128.75	 3329.75
621	 1526.1	 444.35
622	 1132.45	 3754.75
623	 2028.6	 1678.4
624	 167.25	 3316.0
625	 130.8	 3267.9
626	 128.4	 3239.4
627	 1005.4	 4658.4
628	 1043.0	 2639.2
629	 1413.2	 1265.15
630	 1203.75	 2336.5
631	 373.25	 2806.5
632	 244.9	 3316.9
633	 259.75	 3271.5
634	 188.6	 3246.2
635	 224.8	 3262.3
636	 2192.25	 490.25
637	 230.1	 3254.2
638	 997.6	 4582.6
639	 256.2	 3221.8
640	 121.1	 3176.5
641	 131.6	 3195.9
642	 243.75	 4108.8
643	 149.5	 3191.8
644	 191.9	 3157.6
645	 1147.8	 980.0
646	 130.75	 3117.75
647	 1214.8	 2437.2
648	 1396.5	 1183.5
649	 193.3	 3117.0
650	 2069.8	 1570.6
651	 196.5	 3053.75
652	 241.0	 3195.6
653	 1028.25	 4613.5
654	 225.2	 3155.8
655	 247.2	 3146.3
656	 989.6	 2917.8
657	 207.75	 4031.0
658	 1653.5	 2054.25
659	 236.8	 3079.4
660	 983.6	 2828.2
661	 258.0	 3107.6
662	 251.75	 3087.25
663	 272.0	 3058.25
664	 299.0	 3311.25
665	 1213.5	 4498.5
666	 1415.0	 1203.0
667	 1082.3	 4373.9
668	 201.4	 4017.8
669	 1502.3	 910.8
670	 1109.9	 2549.3
671	 1055.0	 4338.5
672	 331.75	 3268.75
673	 293.0	 3246.4
674	 292.0	 3222.75
675	 637.2	 3070.0
676	 334.2	 3199.9
677	 1016.5	 4498.75
678	 1335.0	 2708.5
679	 365.5	 3209.25
680	 378.9	 3288.7
681	 382.5	 3262.5
682	 386.75	 3268.25
683	 427.5	 3283.75
684	 453.25	 3273.75
685	 1778.0	 512.75
686	 1207.9	 2200.7
687	 374.2	 3201.9
688	 392.0	 3213.7
689	 1335.5	 1092.0
690	 1018.25	 2501.0
691	 433.2	 3220.9
692	 418.75	 3206.25
693	 301.75	 3170.5
694	 307.75	 3159.5
695	 1564.65	 1889.0
696	 1226.4	 2276.4
697	 286.7	 3106.1
698	 1491.3	 889.5
699	 335.3	 3099.2
700	 990.75	 2292.75
701	 982.75	 2291.0
702	 339.5	 3072.25
703	 376.75	 3062.0
704	 1334.5	 1026.75
705	 317.05	 3248.1
706	 396.7	 3160.8
707	 1098.05	 4964.55
708	 1503.0	 2188.5
709	 1057.1	 3014.05
710	 413.2	 3105.9
711	 282.9	 4031.85
712	 1366.65	 1018.85
713	 422.2	 3066.0
714	 455.25	 3061.75
715	 420.75	 3113.8
716	 1721.5	 1801.0
717	 145.5	 3039.0
718	 1331.25	 1391.75
719	 206.5	 3032.4
720	 234.2	 3040.8
721	 159.5	 2980.9
722	 168.0	 2943.0
723	 2044.4	 1311.4
724	 2185.6	 1170.2
725	 208.3	 2966.8
726	 229.7	 2921.3
727	 221.0	 2944.0
728	 1370.0	 1123.75
729	 702.75	 3072.75
730	 245.7	 2992.1
731	 1997.75	 1249.75
732	 275.1	 2986.4
733	 1987.25	 313.0
734	 1082.0	 4794.0
735	 243.4	 2960.2
736	 272.5	 2960.75
737	 1258.5	 3494.75
738	 280.75	 2938.5
739	 371.0	 4668.6
740	 287.35	 2938.0
741	 1091.3	 4787.6
742	 1935.4	 223.2
743	 2177.5	 1255.0
744	 2015.5	 1195.25
745	 191.25	 2854.0
746	 1433.4	 1106.6
747	 2036.5	 179.4
748	 788.6	 3075.4
749	 1057.85	 2491.3
750	 1316.0	 2534.25
751	 284.0	 2888.2
752	 250.9	 2840.3
753	 1373.6	 1043.8
754	 290.8	 2878.1
755	 296.5	 2839.0
756	 1225.85	 2038.95
757	 262.2	 2774.0
758	 1389.8	 1015.6
759	 1913.4	 839.6
760	 1063.0	 2473.0
761	 290.4	 2779.3
762	 315.75	 2777.0
763	 1156.0	 5023.2
764	 1229.7	 2025.1
765	 1267.2	 3478.5
766	 341.0	 3013.5
767	 354.3	 3233.75
768	 339.5	 2959.25
769	 1269.25	 3596.5
770	 1139.85	 4851.3
771	 1618.0	 1821.75
772	 384.75	 3002.25
773	 386.75	 2968.5
774	 1230.8	 1842.6
775	 462.9	 2953.2
776	 1931.0	 231.0
777	 2087.7	 1387.35
778	 416.0	 3030.25
779	 392.2	 2997.2
780	 2094.25	 1365.75
781	 440.75	 3005.75
782	 430.5	 2973.5
783	 1105.95	 4714.25
784	 449.0	 2977.0
785	 1427.0	 1330.5
786	 426.75	 2953.75
787	 426.4	 2947.2
788	 437.75	 2906.5
789	 422.8	 2895.2
790	 1231.5	 1702.5
791	 1058.0	 2324.75
792	 364.25	 2848.5
793	 1351.7	 827.8
794	 362.7	 2878.3
795	 1060.75	 2346.25
796	 474.5	 2895.25
797	 334.1	 2786.5
798	 738.6	 4324.2
799	 1103.9	 3237.8
800	 343.3	 2761.25
801	 1224.7	 3320.3
802	 2064.4	 1145.5
803	 458.75	 2876.25
804	 350.9	 2730.0
805	 364.0	 2745.25
806	 154.3	 3671.1
807	 1226.5	 1404.25
808	 1072.8	 4154.6
809	 1246.15	 2346.15
810	 432.2	 2853.9
811	 435.1	 2845.0
812	 440.25	 4771.0
813	 498.7	 2871.4
814	 511.75	 2891.0
815	 426.5	 2783.25
816	 443.4	 2778.3
817	 427.25	 2737.75
818	 401.25	 2725.5
819	 464.1	 3285.0
820	 503.3	 3288.4
821	 508.15	 3318.0
822	 1546.25	 768.5
823	 448.9	 3160.55
824	 482.25	 3189.0
825	 1516.0	 1536.8
826	 529.8	 3284.0
827	 565.75	 3269.7
828	 2108.8	 1485.6
829	 548.75	 3260.5
830	 576.95	 3298.1
831	 585.4	 3299.2
832	 597.25	 3283.95
833	 1974.3	 439.3
834	 545.0	 3169.25
835	 1144.0	 3288.75
836	 588.75	 3203.0
837	 438.8	 4624.1
838	 2124.6	 1450.2
839	 482.05	 3159.05
840	 465.75	 3089.0
841	 498.75	 3136.0
842	 525.75	 3149.25
843	 463.5	 3072.5
844	 1570.35	 708.1
845	 487.3	 3060.2
846	 450.0	 3020.0
847	 1907.3	 843.7
848	 1565.25	 1688.75
849	 835.05	 4118.95
850	 1156.0	 3248.5
851	 531.2	 3171.7
852	 550.1	 3124.2
853	 1104.75	 2615.5
854	 576.3	 3150.7
855	 1089.25	 4579.75
856	 1675.25	 2336.5
857	 591.3	 3085.1
858	 555.25	 3118.5
859	 529.7	 3068.9
860	 477.5	 4558.75
861	 1081.0	 4540.0
862	 1285.0	 3394.0
863	 1265.0	 3606.75
864	 2089.0	 833.5
865	 537.5	 3006.8
866	 1538.0	 1573.75
867	 625.5	 3319.9
868	 622.75	 3244.25
869	 624.4	 3262.7
870	 1274.6	 2245.8
871	 692.5	 3316.0
872	 653.25	 3302.45
873	 249.9	 3893.4
874	 359.8	 4465.8
875	 635.5	 3166.75
876	 699.5	 3281.0
877	 2108.0	 840.5
878	 768.5	 3308.5
879	 1566.75	 1575.25
880	 703.75	 3245.5
881	 708.25	 3230.0
882	 717.0	 3202.5
883	 720.5	 3167.5
884	 774.0	 3218.8
885	 1593.4	 739.7
886	 394.2	 4441.8
887	 1287.75	 2346.5
888	 464.0	 2859.0
889	 636.0	 3035.0
890	 650.0	 3035.5
891	 667.25	 3030.25
892	 729.75	 3127.0
893	 734.0	 3113.25
894	 737.0	 3095.0
895	 739.0	 3085.25
896	 1124.6	 3040.5
897	 789.2	 3082.8
898	 1136.5	 2622.5
899	 746.6	 3059.8
900	 1190.9	 4081.5
901	 756.1	 3036.4
902	 755.25	 3021.5
903	 739.75	 3071.75
904	 622.0	 2939.25
905	 1600.75	 829.5
906	 2140.0	 1276.0
907	 471.0	 2970.8
908	 1383.4	 1847.95
909	 1580.5	 615.0
910	 518.5	 2956.5
911	 483.25	 3010.0
912	 466.85	 2917.05
913	 445.8	 2917.1
914	 475.1	 2903.8
915	 514.4	 2899.2
916	 532.4	 2889.8
917	 563.0	 2938.75
918	 610.7	 2974.75
919	 599.25	 2977.0
920	 612.9	 2943.4
921	 605.3	 2937.2
922	 1338.75	 2792.0
923	 545.85	 2934.1
924	 541.4	 2900.0
925	 429.75	 4509.0
926	 519.2	 2800.2
927	 1130.75	 2708.25
928	 626.6	 2874.8
929	 464.5	 2862.0
930	 476.3	 2822.0
931	 1649.25	 953.0
932	 486.55	 2862.4
933	 495.9	 2842.2
934	 2270.5	 1108.85
935	 520.4	 2847.7
936	 473.0	 2790.5
937	 1891.0	 1255.25
938	 2052.5	 731.9
939	 2130.8	 1174.8
940	 523.6	 2746.5
941	 2037.0	 725.25
942	 535.5	 2833.6
943	 565.9	 2847.7
944	 536.4	 2820.05
945	 601.8	 2804.6
946	 559.6	 2791.2
947	 568.6	 2734.6
948	 576.95	 2781.9
949	 1266.5	 2048.5
950	 621.2	 2989.1
951	 410.25	 4421.25
952	 1090.2	 2387.6
953	 665.0	 2970.85
954	 676.6	 3006.0
955	 678.95	 2942.85
956	 682.75	 2958.75
957	 231.1	 3806.7
958	 647.35	 2915.1
959	 2117.6	 806.4
960	 631.5	 2889.75
961	 575.6	 2825.0
962	 2123.25	 804.5
963	 671.8	 2881.2
964	 666.2	 2859.4
965	 2117.1	 835.9
966	 1520.0	 1476.8
967	 720.75	 3003.25
968	 771.5	 2973.75
969	 457.25	 4432.25
970	 718.15	 2895.65
971	 721.9	 2879.4
972	 1117.8	 2406.8
973	 2165.0	 853.2
974	 809.0	 2857.0
975	 803.0	 2881.25
976	 620.75	 2840.25
977	 617.5	 2828.4
978	 933.75	 4307.5
979	 665.6	 2840.8
980	 659.6	 2801.3
981	 690.25	 2792.75
982	 621.85	 2763.55
983	 644.0	 2759.5
984	 1587.0	 1489.5
985	 682.9	 2728.6
986	 708.6	 2847.4
987	 1617.3	 571.3
988	 735.5	 2809.0
989	 604.2	 2754.3
990	 697.9	 2759.2
991	 770.55	 2770.6
992	 761.0	 2769.0
993	 752.0	 2762.0
994	 762.25	 2721.5
995	 233.7	 2716.6
996	 2227.5	 749.25
997	 2127.1	 726.9
998	 289.0	 2694.5
999	 292.5	 2681.25
1000	 1905.0	 1696.75
1001	 1705.6	 2048.9
1002	 1569.5	 1343.5
1003	 630.5	 2988.0
1004	 265.1	 2627.1
1005	 1129.0	 2312.75
1006	 298.0	 2637.75
1007	 301.9	 2631.2
1008	 1015.4	 4382.4
1009	 1609.5	 1682.5
1010	 364.5	 2702.0
1011	 1652.2	 1666.4
1012	 696.5	 2905.3
1013	 2175.95	 788.3
1014	 1038.5	 4452.4
1015	 416.5	 2660.25
1016	 1428.2	 775.2
1017	 339.0	 2661.6
1018	 344.25	 2602.75
1019	 361.3	 2608.6
1020	 374.9	 2640.1
1021	 1019.75	 4398.0
1022	 404.9	 2593.5
1023	 1156.85	 2285.9
1024	 1718.05	 2006.15
1025	 2019.7	 1101.9
1026	 1376.0	 4981.75
1027	 528.5	 4608.25
1028	 330.7	 2557.6
1029	 715.0	 2868.75
1030	 1949.7	 1233.1
1031	 795.25	 2162.25
1032	 1388.25	 1351.0
1033	 369.5	 2565.5
1034	 375.2	 2588.3
1035	 1014.6	 4306.0
1036	 408.75	 2551.25
1037	 398.1	 2523.8
1038	 401.4	 2517.5
1039	 1345.9	 4871.3
1040	 1028.4	 2781.0
1041	 398.75	 2503.75
1042	 403.9	 2488.0
1043	 407.25	 2430.0
1044	 415.7	 2477.5
1045	 657.0	 2855.9
1046	 428.0	 2634.75
1047	 467.1	 2649.2
1048	 2030.0	 1039.5
1049	 446.75	 2559.5
1050	 493.4	 2587.95
1051	 2003.25	 1027.75
1052	 486.25	 2576.25
1053	 1429.8	 1984.5
1054	 1971.8	 736.8
1055	 534.0	 2660.9
1056	 1649.4	 1519.4
1057	 543.2	 2715.35
1058	 525.1	 2596.4
1059	 797.4	 2054.3
1060	 924.5	 4151.75
1061	 1376.7	 4936.1
1062	 2199.25	 486.0
1063	 1224.9	 3620.1
1064	 2051.7	 593.6
1065	 467.0	 2501.25
1066	 1634.2	 689.9
1067	 800.85	 1995.25
1068	 429.0	 2450.2
1069	 1310.25	 2964.5
1070	 808.75	 1992.75
1071	 483.75	 2462.0
1072	 832.75	 2060.25
1073	 492.25	 2450.0
1074	 521.2	 2521.25
1075	 552.75	 2542.25
1076	 563.5	 2495.5
1077	 574.75	 2518.25
1078	 914.0	 4134.0
1079	 570.5	 2505.5
1080	 587.3	 2491.8
1081	 527.25	 2466.25
1082	 1739.25	 1637.75
1083	 560.15	 2451.5
1084	 555.2	 2427.5
1085	 602.0	 2440.5
1086	 1431.3	 836.5
1087	 1602.6	 814.1
1088	 385.7	 2413.0
1089	 437.6	 2389.8
1090	 398.7	 2385.7
1091	 634.4	 2759.3
1092	 1777.95	 1561.3
1093	 2156.9	 1121.0
1094	 386.0	 2321.5
1095	 544.0	 3254.75
1096	 412.75	 2333.0
1097	 438.0	 2357.4
1098	 1512.75	 1129.85
1099	 856.7	 2139.7
1100	 446.75	 2413.85
1101	 450.75	 2381.75
1102	 464.5	 2381.3
1103	 507.0	 2404.5
1104	 2109.8	 1056.0
1105	 1628.5	 598.0
1106	 477.0	 2353.7
1107	 1682.5	 971.5
1108	 478.2	 2347.2
1109	 450.3	 2338.4
1110	 1771.8	 1526.6
1111	 437.9	 2293.75
1112	 471.3	 2308.1
1113	 459.75	 2307.25
1114	 486.6	 2324.6
1115	 482.05	 2293.4
1116	 1441.6	 2067.0
1117	 1344.15	 2990.5
1118	 1054.9	 2763.3
1119	 1636.05	 1445.6
1120	 467.0	 2233.0
1121	 1653.0	 681.55
1122	 2143.4	 621.1
1123	 2133.5	 999.0
1124	 515.75	 2254.75
1125	 501.5	 2183.2
1126	 852.0	 2117.25
1127	 1538.0	 1135.5
1128	 1669.5	 1482.0
1129	 1035.6	 2639.1
1130	 511.5	 2120.0
1131	 500.75	 2066.0
1132	 522.25	 2075.25
1133	 703.75	 2775.0
1134	 524.25	 2371.25
1135	 1640.9	 1373.7
1136	 543.2	 2421.5
1137	 530.0	 2341.5
1138	 564.0	 2379.0
1139	 1357.75	 2925.75
1140	 888.0	 1993.0
1141	 547.25	 2285.0
1142	 551.0	 2265.5
1143	 567.5	 2204.25
1144	 571.75	 2341.5
1145	 2154.45	 729.25
1146	 584.0	 2339.95
1147	 609.35	 2391.45
1148	 586.5	 2304.25
1149	 606.1	 2304.9
1150	 571.9	 4511.0
1151	 795.0	 1786.8
1152	 1702.1	 1487.45
1153	 2189.5	 805.0
1154	 566.0	 2214.0
1155	 1873.25	 1206.75
1156	 1719.7	 1459.1
1157	 539.3	 2130.25
1158	 538.75	 2154.75
1159	 522.3	 2084.9
1160	 563.0	 4480.2
1161	 560.7	 2098.95
1162	 1920.25	 1110.75
1163	 528.5	 2015.0
1164	 544.9	 2031.7
1165	 553.6	 1992.8
1166	 575.9	 2040.95
1167	 663.2	 2756.2
1168	 562.25	 1948.75
1169	 871.5	 3488.25
1170	 1070.2	 4390.6
1171	 661.2	 2727.0
1172	 833.75	 4010.75
1173	 590.6	 2065.2
1174	 600.5	 2110.5
1175	 559.6	 4357.8
1176	 534.1	 4422.9
1177	 1932.5	 1141.6
1178	 591.0	 2141.75
1179	 589.25	 2026.75
1180	 583.2	 1959.2
1181	 578.75	 1917.5
1182	 595.9	 1949.8
1183	 630.0	 2628.05
1184	 617.0	 2627.0
1185	 613.4	 2557.25
1186	 1721.4	 1355.1
1187	 702.25	 2805.25
1188	 1066.4	 4473.2
1189	 1035.75	 1233.8
1190	 2204.0	 745.0
1191	 629.5	 2437.75
1192	 625.4	 2412.7
1193	 645.6	 2483.6
1194	 1150.0	 3003.75
1195	 1322.6	 2605.4
1196	 672.5	 2718.0
1197	 681.7	 2549.4
1198	 672.75	 2522.5
1199	 785.5	 4644.25
1200	 685.25	 2512.0
1201	 824.5	 3938.0
1202	 704.25	 2426.0
1203	 623.0	 2721.7
1204	 1055.25	 4272.0
1205	 611.4	 2290.0
1206	 2026.3	 1080.0
1207	 635.7	 2334.6
1208	 1455.4	 1282.0
1209	 350.0	 4267.25
1210	 636.0	 2225.6
1211	 652.1	 2187.2
1212	 652.5	 2242.0
1213	 992.0	 2233.25
1214	 674.55	 2396.25
1215	 668.2	 2310.8
1216	 681.1	 2364.6
1217	 697.25	 2273.5
1218	 752.5	 2781.5
1219	 679.5	 2168.25
1220	 1347.0	 2648.5
1221	 720.0	 2684.0
1222	 722.5	 2708.75
1223	 1107.0	 3163.5
1224	 1092.5	 4467.0
1225	 748.25	 2696.0
1226	 728.75	 2587.5
1227	 725.0	 2550.25
1228	 734.95	 2582.05
1229	 711.75	 2485.25
1230	 721.5	 2536.3
1231	 334.0	 4250.5
1232	 715.2	 2409.4
1233	 2307.5	 803.75
1234	 876.8	 1837.7
1235	 728.4	 2450.4
1236	 1767.3	 1450.2
1237	 1654.5	 1154.5
1238	 748.9	 2490.9
1239	 757.5	 2487.5
1240	 2161.9	 911.8
1241	 1347.0	 2619.3
1242	 1342.4	 2587.2
1243	 790.0	 2458.3
1244	 2327.55	 856.2
1245	 702.5	 2346.75
1246	 740.75	 2348.25
1247	 393.0	 4217.0
1248	 1129.0	 4408.5
1249	 1777.5	 1961.75
1250	 863.75	 1742.2
1251	 729.0	 2329.5
1252	 1353.75	 2525.25
1253	 706.9	 2276.65
1254	 2305.5	 810.5
1255	 1663.5	 2365.5
1256	 734.7	 2217.4
1257	 1532.5	 1123.25
1258	 349.8	 2663.0
1259	 793.5	 2369.5
1260	 775.75	 2324.25
1261	 763.55	 2192.95
1262	 770.5	 2278.25
1263	 776.3	 2280.7
1264	 783.75	 2204.15
1265	 367.7	 2684.3
1266	 1283.6	 3600.0
1267	 1486.5	 1196.5
1268	 1468.4	 1147.5
1269	 880.1	 1693.7
1270	 1075.25	 3546.25
1271	 657.0	 2100.3
1272	 866.3	 3875.8
1273	 663.6	 2103.6
1274	 2213.0	 1123.6
1275	 618.5	 1951.0
1276	 645.0	 1994.5
1277	 1130.0	 4321.4
1278	 649.8	 1937.3
1279	 681.2	 2066.9
1280	 698.5	 2130.3
1281	 700.4	 2113.1
1282	 675.0	 2157.6
1283	 685.5	 2012.5
1284	 670.4	 1974.3
1285	 131.1	 3391.4
1286	 701.0	 2008.75
1287	 702.6	 1988.6
1288	 2173.6	 1055.6
1289	 628.2	 1929.6
1290	 2312.0	 745.0
1291	 308.75	 2636.75
1292	 641.2	 1890.75
1293	 661.1	 1896.95
1294	 629.0	 1825.0
1295	 656.75	 1836.5
1296	 940.0	 2165.25
1297	 698.5	 1920.75
1298	 673.7	 1821.3
1299	 341.8	 2690.8
1300	 709.0	 1910.5
1301	 699.3	 1846.6
1302	 670.15	 1757.45
1303	 680.75	 1728.25
1304	 689.7	 1799.3
1305	 689.7	 1775.1
1306	 1692.0	 1809.25
1307	 578.6	 3199.6
1308	 703.7	 1718.5
1309	 700.6	 1678.0
1310	 431.0	 4223.5
1311	 899.4	 2023.4
1312	 722.5	 2098.0
1313	 714.2	 2077.7
1314	 1177.0	 2901.75
1315	 754.3	 2133.1
1316	 755.6	 2086.1
1317	 2254.5	 682.0
1318	 922.25	 2100.5
1319	 728.0	 1981.75
1320	 723.95	 1933.25
1321	 744.6	 1972.8
1322	 1420.75	 1156.25
1323	 746.2	 1860.4
1324	 328.4	 4112.0
1325	 1398.0	 2833.6
1326	 1068.6	 4107.8
1327	 381.4	 2681.25
1328	 327.5	 4089.25
1329	 1618.5	 1396.0
1330	 925.0	 2066.4
1331	 753.5	 1942.25
1332	 59.8	 4181.2
1333	 773.35	 1985.35
1334	 784.9	 1883.4
1335	 715.2	 1808.7
1336	 726.2	 1756.3
1337	 751.0	 1819.0
1338	 730.75	 1720.75
1339	 703.45	 1672.75
1340	 1968.5	 1265.5
1341	 339.25	 4068.75
1342	 1585.25	 348.5
1343	 728.25	 1622.0
1344	 741.5	 1592.75
1345	 2233.1	 619.6
1346	 747.75	 1849.75
1347	 344.0	 2597.75
1348	 2233.5	 585.5
1349	 774.0	 1707.0
1350	 1535.5	 327.9
1351	 772.7	 1756.2
1352	 1458.0	 1089.75
1353	 2235.25	 653.0
1354	 772.0	 1532.75
1355	 799.5	 3264.75
1356	 1229.75	 3033.5
1357	 826.5	 3300.5
1358	 832.55	 3305.6
1359	 827.5	 3258.7
1360	 1425.4	 2911.6
1361	 1002.1	 2162.1
1362	 403.25	 2610.75
1363	 1425.2	 2886.8
1364	 1111.6	 2680.2
1365	 987.8	 2099.2
1366	 2281.6	 671.0
1367	 857.4	 3254.9
1368	 853.4	 3225.4
1369	 370.8	 4022.2
1370	 877.15	 3283.2
1371	 869.75	 3212.45
1372	 845.5	 3151.0
1373	 1593.9	 321.9
1374	 1445.95	 1015.75
1375	 875.4	 3091.4
1376	 865.2	 3088.7
1377	 806.3	 3181.0
1378	 819.1	 3039.8
1379	 1139.5	 4150.0
1380	 829.5	 2998.75
1381	 833.0	 2991.0
1382	 852.4	 3018.8
1383	 848.0	 2996.0
1384	 832.5	 2977.25
1385	 793.5	 2906.0
1386	 1418.1	 1804.7
1387	 805.5	 2868.75
1388	 2298.5	 651.0
1389	 849.0	 3073.0
1390	 856.0	 3031.15
1391	 1126.0	 4102.0
1392	 341.1	 3191.2
1393	 1187.45	 2671.95
1394	 793.9	 3133.6
1395	 1388.95	 2769.65
1396	 1385.0	 2769.0
1397	 870.05	 2990.35
1398	 879.6	 2991.0
1399	 855.75	 2912.0
1400	 1615.25	 1284.0
1401	 869.9	 2921.3
1402	 2304.5	 648.0
1403	 872.4	 2939.0
1404	 1438.1	 2873.8
1405	 908.0	 3290.8
1406	 915.1	 3204.5
1407	 922.1	 3228.55
1408	 647.25	 3626.0
1409	 1407.2	 2759.3
1410	 930.85	 3189.0
1411	 901.0	 3137.6
1412	 919.8	 3105.7
1413	 905.5	 3060.5
1414	 915.8	 3065.5
1415	 923.5	 3123.25
1416	 916.25	 3069.5
1417	 933.6	 3058.8
1418	 953.4	 3299.65
1419	 950.25	 3259.15
1420	 1553.75	 1106.25
1421	 2244.6	 866.6
1422	 970.0	 3248.0
1423	 1733.9	 884.55
1424	 702.8	 4088.6
1425	 1842.0	 1920.75
1426	 965.9	 3114.0
1427	 981.75	 3177.5
1428	 1383.2	 2550.8
1429	 975.4	 3116.85
1430	 1169.0	 2650.5
1431	 2249.25	 983.75
1432	 932.0	 3008.75
1433	 932.7	 3029.9
1434	 941.25	 2956.5
1435	 368.5	 2531.0
1436	 904.5	 2915.5
1437	 905.75	 2904.25
1438	 944.8	 1961.2
1439	 920.4	 2897.5
1440	 931.8	 2902.0
1441	 930.4	 2855.0
1442	 946.4	 3002.3
1443	 946.5	 2949.7
1444	 806.8	 3092.8
1445	 1137.25	 4722.25
1446	 2045.75	 570.7
1447	 893.0	 1730.5
1448	 277.55	 3509.15
1449	 943.3	 2844.75
1450	 1273.85	 685.8
1451	 959.75	 2850.25
1452	 1568.0	 1031.2
1453	 256.2	 3516.9
1454	 965.75	 2840.0
1455	 1555.75	 1009.75
1456	 1634.05	 283.9
1457	 666.75	 4010.0
1458	 952.0	 1759.25
1459	 420.2	 2522.6
1460	 819.0	 2531.5
1461	 1640.0	 235.5
1462	 409.75	 2589.75
1463	 804.6	 2481.6
1464	 372.95	 2498.55
1465	 835.25	 2477.25
1466	 864.0	 2709.5
1467	 843.5	 2762.0
1468	 1416.65	 2685.35
1469	 382.75	 2473.0
1470	 883.6	 2794.6
1471	 879.5	 2801.75
1472	 678.2	 4128.8
1473	 888.5	 2627.25
1474	 2259.25	 919.0
1475	 1988.2	 616.65
1476	 838.9	 2470.2
1477	 855.3	 2607.05
1478	 902.75	 2602.25
1479	 892.25	 2540.75
1480	 1594.25	 1263.5
1481	 789.25	 2444.5
1482	 2100.25	 500.25
1483	 807.6	 2343.8
1484	 834.9	 2416.7
1485	 838.15	 2388.9
1486	 828.8	 2344.8
1487	 399.5	 2438.25
1488	 2043.8	 389.2
1489	 964.0	 1923.75
1490	 831.5	 2298.25
1491	 816.8	 2257.7
1492	 843.4	 2244.5
1493	 1653.5	 418.5
1494	 880.75	 2387.25
1495	 456.7	 2677.05
1496	 1672.0	 416.6
1497	 867.0	 2342.0
1498	 891.4	 2341.8
1499	 1441.9	 2692.3
1500	 998.5	 1922.75
1501	 840.6	 2221.9
1502	 2105.2	 487.4
1503	 878.0	 2310.0
1504	 994.5	 1743.0
1505	 470.0	 4190.5
1506	 916.75	 2812.25
1507	 914.2	 2799.2
1508	 931.0	 2824.25
1509	 445.25	 2566.5
1510	 922.0	 2756.45
1511	 471.2	 2681.0
1512	 2114.4	 405.6
1513	 878.0	 2654.0
1514	 929.9	 2691.9
1515	 897.25	 2614.0
1516	 2109.5	 376.75
1517	 912.25	 2585.75
1518	 1809.2	 819.4
1519	 941.25	 2781.75
1520	 943.4	 2774.3
1521	 939.2	 2721.6
1522	 1436.7	 2635.4
1523	 979.55	 2765.15
1524	 725.1	 3519.1
1525	 917.5	 2550.6
1526	 965.25	 2694.0
1527	 976.5	 2692.5
1528	 970.5	 2635.5
1529	 971.2	 2576.8
1530	 895.7	 2376.7
1531	 938.6	 2449.2
1532	 831.8	 1646.8
1533	 922.0	 2392.6
1534	 893.85	 2330.55
1535	 904.7	 2280.2
1536	 1736.7	 517.7
1537	 927.25	 2337.75
1538	 1783.75	 687.5
1539	 909.2	 2255.3
1540	 1311.5	 2335.75
1541	 631.2	 4502.4
1542	 936.2	 2382.4
1543	 531.0	 4358.5
1544	 1963.1	 1071.4
1545	 981.6	 2551.45
1546	 989.0	 2411.0
1547	 957.0	 2469.5
1548	 1743.75	 1310.75
1549	 756.9	 3920.0
1550	 1255.9	 2995.5
1551	 1794.8	 675.45
1552	 2185.5	 771.4
1553	 2183.6	 467.2
1554	 963.5	 2315.75
1555	 759.2	 3893.2
1556	 2035.8	 1119.3
1557	 972.4	 2246.5
1558	 2135.7	 437.0
1559	 1710.75	 420.0
1560	 997.0	 3228.7
1561	 1016.25	 3236.75
1562	 1334.6	 741.35
1563	 808.5	 1508.75
1564	 1723.75	 405.0
1565	 1021.65	 3078.7
1566	 1744.2	 458.25
1567	 1059.5	 3261.75
1568	 524.0	 2657.0
1569	 845.5	 1584.5
1570	 1492.0	 834.5
1571	 1030.25	 3185.25
1572	 606.0	 3449.5
1573	 1986.4	 711.0
1574	 985.5	 2971.0
1575	 1001.0	 2963.25
1576	 887.4	 1640.5
1577	 1016.75	 3055.5
1578	 992.8	 2893.8
1579	 694.25	 3771.75
1580	 635.0	 3477.2
1581	 1010.2	 2922.9
1582	 1012.0	 2818.4
1583	 1029.0	 2818.25
1584	 1030.1	 2986.8
1585	 1922.5	 1754.0
1586	 1049.4	 2978.0
1587	 560.0	 2596.75
1588	 607.5	 3739.0
1589	 902.0	 1650.2
1590	 1334.6	 2221.5
1591	 1043.9	 2902.1
1592	 577.65	 2609.95
1593	 1039.5	 2810.25
1594	 669.75	 3436.5
1595	 1216.2	 2368.45
1596	 2110.7	 927.7
1597	 557.7	 4177.3
1598	 1052.0	 2912.5
1599	 1066.7	 3246.5
1600	 677.6	 3716.4
1601	 1076.5	 3295.75
1602	 1070.2	 3194.5
1603	 1597.75	 1111.75
1604	 1110.25	 3187.25
1605	 922.8	 1606.0
1606	 1074.95	 3151.5
1607	 1351.75	 2333.25
1608	 1096.25	 3119.5
1609	 697.0	 3697.0
1610	 1094.4	 3078.8
1611	 1795.4	 647.6
1612	 1122.3	 3203.1
1613	 1371.0	 2429.4
1614	 1663.9	 211.0
1615	 880.8	 1520.6
1616	 891.2	 1509.4
1617	 1124.2	 3158.1
1618	 1118.45	 3098.95
1619	 1130.6	 3161.2
1620	 1651.0	 1097.25
1621	 518.0	 4122.0
1622	 1077.0	 3015.5
1623	 1081.6	 3031.6
1624	 1611.9	 1053.3
1625	 1100.9	 3046.0
1626	 1095.1	 2999.1
1627	 1075.5	 2932.5
1628	 745.6	 3821.8
1629	 1094.5	 2866.75
1630	 1354.6	 2246.0
1631	 1821.75	 593.0
1632	 1105.25	 2858.25
1633	 1762.85	 545.25
1634	 1116.5	 2952.5
1635	 1132.25	 2983.25
1636	 1631.8	 1060.5
1637	 1771.75	 567.75
1638	 1133.7	 2853.9
1639	 1140.6	 2876.3
1640	 1142.45	 2824.9
1641	 1144.3	 2789.8
1642	 290.6	 3097.8
1643	 267.3	 3050.6
1644	 985.6	 2684.2
1645	 1001.7	 2725.5
1646	 1024.6	 2780.6
1647	 511.8	 4094.2
1648	 1013.6	 2689.2
1649	 1010.4	 2720.3
1650	 991.3	 2635.6
1651	 982.5	 2580.5
1652	 990.4	 2543.3
1653	 1002.2	 2618.9
1654	 1367.35	 2141.2
1655	 1036.8	 2730.7
1656	 1034.0	 2768.2
1657	 723.9	 3679.4
1658	 1034.2	 2672.5
1659	 1048.0	 2758.0
1660	 735.75	 3744.5
1661	 523.2	 4142.4
1662	 843.9	 1420.3
1663	 1035.9	 2623.8
1664	 1730.75	 1141.75
1665	 1620.25	 1216.5
1666	 683.5	 3373.25
1667	 1053.2	 2555.2
1668	 1055.2	 2535.0
1669	 977.0	 2451.75
1670	 857.0	 1397.25
1671	 1316.3	 2012.9
1672	 988.75	 2427.75
1673	 1745.25	 274.25
1674	 989.0	 2289.75
1675	 1716.0	 241.9
1676	 776.0	 4036.75
1677	 1176.5	 1636.75
1678	 689.75	 3335.25
1679	 1762.8	 1129.6
1680	 546.0	 2502.0
1681	 997.0	 2387.0
1682	 1046.7	 2523.3
1683	 1041.0	 2429.5
1684	 1041.2	 2418.7
1685	 1888.25	 666.0
1686	 734.0	 4121.25
1687	 1664.5	 1023.75
1688	 1063.6	 2462.2
1689	 1059.35	 2462.2
1690	 1008.25	 2366.5
1691	 1863.5	 457.75
1692	 1894.1	 563.5
1693	 1055.0	 2358.75
1694	 575.1	 2526.3
1695	 1026.0	 2325.5
1696	 1042.75	 2284.25
1697	 1940.7	 1285.2
1698	 1068.9	 2669.7
1699	 1100.0	 2772.1
1700	 1097.0	 2734.25
1701	 1108.1	 2717.6
1702	 1312.0	 1907.0
1703	 1116.7	 2995.5
1704	 1758.7	 225.0
1705	 1075.5	 2622.5
1706	 1074.5	 2603.2
1707	 1092.55	 2558.6
1708	 1218.4	 1609.4
1709	 1100.1	 2627.25
1710	 1434.4	 1440.4
1711	 1118.3	 2776.2
1712	 1113.5	 2671.8
1713	 1126.8	 2715.3
1714	 961.75	 3486.5
1715	 1130.5	 2676.75
1716	 1138.7	 2723.9
1717	 522.75	 2436.25
1718	 1160.8	 2717.3
1719	 1120.7	 2649.0
1720	 1726.75	 372.0
1721	 1109.0	 2529.1
1722	 1138.9	 2626.4
1723	 1134.6	 2643.0
1724	 1936.5	 1065.25
1725	 1073.2	 2502.2
1726	 1086.0	 2497.6
1727	 1084.3	 2463.2
1728	 1091.0	 2502.5
1729	 1091.8	 2526.4
1730	 1096.7	 2454.3
1731	 602.9	 2474.8
1732	 2149.05	 527.0
1733	 1076.75	 2230.5
1734	 807.6	 3862.2
1735	 830.25	 3875.5
1736	 1120.25	 2518.25
1737	 1128.3	 2512.6
1738	 1133.0	 2466.25
1739	 856.5	 2014.25
1740	 1140.25	 2467.25
1741	 1148.8	 2472.5
1742	 1649.0	 1166.0
1743	 1152.6	 2409.2
1744	 1125.4	 2399.4
1745	 365.2	 3805.3
1746	 1024.5	 2570.25
1747	 1140.75	 2363.0
1748	 1139.7	 2385.3
1749	 2016.5	 884.0
1750	 1519.5	 1231.75
1751	 1162.2	 2354.2
1752	 1082.75	 2217.75
1753	 811.8	 2198.0
1754	 803.1	 2152.7
1755	 793.95	 2097.5
1756	 808.7	 2096.3
1757	 1794.5	 1629.25
1758	 1277.25	 1622.0
1759	 828.25	 2114.25
1760	 837.0	 2116.5
1761	 812.75	 2029.5
1762	 951.6	 1653.0
1763	 800.5	 2019.5
1764	 2107.0	 996.0
1765	 831.2	 2067.0
1766	 1926.7	 742.25
1767	 861.15	 2181.9
1768	 847.6	 2179.5
1769	 847.4	 2141.5
1770	 846.75	 2116.0
1771	 2222.25	 469.25
1772	 875.5	 4004.25
1773	 1915.55	 722.35
1774	 430.0	 2416.0
1775	 875.25	 2058.0
1776	 851.35	 1983.65
1777	 111.0	 3630.5
1778	 810.6	 1816.6
1779	 1811.1	 1547.1
1780	 822.0	 1952.5
1781	 857.8	 3933.4
1782	 813.0	 1788.1
1783	 825.25	 1842.7
1784	 818.2	 1739.0
1785	 829.15	 1752.05
1786	 1372.5	 1923.0
1787	 817.3	 1661.0
1788	 854.75	 1823.5
1789	 840.75	 1785.25
1790	 1320.2	 984.4
1791	 1292.7	 2652.1
1792	 882.2	 1820.5
1793	 853.25	 1719.5
1794	 144.4	 3911.4
1795	 864.45	 1761.85
1796	 854.75	 1741.75
1797	 855.25	 1728.5
1798	 828.3	 1780.5
1799	 165.8	 3970.8
1800	 2323.25	 558.0
1801	 888.5	 1719.5
1802	 887.25	 1691.25
1803	 861.75	 1673.0
1804	 2278.8	 529.4
1805	 432.0	 2360.5
1806	 901.25	 2152.25
1807	 901.7	 2137.1
1808	 923.75	 2213.5
1809	 922.0	 2199.25
1810	 964.5	 1463.0
1811	 127.25	 3896.0
1812	 927.4	 2081.75
1813	 922.5	 2070.9
1814	 978.15	 1657.25
1815	 951.0	 2181.0
1816	 957.0	 2207.5
1817	 1401.6	 2441.0
1818	 966.8	 1565.25
1819	 135.8	 3869.8
1820	 753.8	 4083.2
1821	 989.5	 2189.5
1822	 954.75	 2081.75
1823	 957.5	 2076.1
1824	 131.0	 3834.25
1825	 979.25	 2032.9
1826	 853.0	 3636.0
1827	 1413.25	 2313.25
1828	 1852.25	 1629.25
1829	 467.75	 2413.5
1830	 983.75	 2024.35
1831	 1434.1	 651.3
1832	 895.9	 1999.2
1833	 1360.1	 654.0
1834	 818.5	 1692.7
1835	 921.0	 1951.0
1836	 931.25	 1949.0
1837	 2009.2	 740.7
1838	 897.6	 1699.9
1839	 943.7	 2016.85
1840	 1409.75	 2245.4
1841	 1814.8	 1499.0
1842	 991.0	 1956.0
1843	 994.25	 1963.75
1844	 1336.8	 890.9
1845	 2030.9	 744.3
1846	 795.75	 1646.0
1847	 814.1	 1603.6
1848	 835.6	 1654.2
1849	 849.4	 1654.9
1850	 488.2	 2356.6
1851	 2093.0	 613.6
1852	 829.25	 1553.25
1853	 798.8	 1489.4
1854	 1931.7	 930.3
1855	 832.25	 1544.75
1856	 953.6	 2791.7
1857	 2024.5	 682.4
1858	 859.05	 1623.85
1859	 888.1	 1633.4
1860	 896.5	 1628.9
1861	 907.0	 1632.4
1862	 905.25	 1589.25
1863	 906.3	 1599.6
1864	 1638.6	 647.8
1865	 886.8	 1525.6
1866	 907.0	 1579.0
1867	 918.0	 1546.5
1868	 1908.05	 585.3
1869	 114.0	 3754.2
1870	 873.0	 1817.75
1871	 830.0	 1416.5
1872	 821.6	 1444.9
1873	 857.9	 1483.6
1874	 858.0	 1465.5
1875	 1951.0	 658.0
1876	 840.0	 1388.75
1877	 1972.25	 637.75
1878	 859.0	 1350.75
1879	 1196.8	 745.6
1880	 886.5	 1412.5
1881	 997.0	 1440.75
1882	 915.0	 1404.0
1883	 853.4	 1751.0
1884	 899.5	 1371.0
1885	 902.0	 1362.75
1886	 840.6	 3781.8
1887	 947.6	 1349.8
1888	 1769.3	 216.5
1889	 934.5	 1651.25
1890	 937.5	 1580.75
1891	 1810.0	 1425.5
1892	 1259.5	 2381.0
1893	 794.6	 4324.7
1894	 945.2	 1644.9
1895	 829.25	 3757.75
1896	 844.0	 1692.25
1897	 118.5	 3791.5
1898	 1277.9	 1451.1
1899	 930.7	 1474.85
1900	 945.5	 1486.5
1901	 935.0	 1438.0
1902	 958.05	 1498.4
1903	 1427.8	 2260.2
1904	 944.35	 1393.35
1905	 939.0	 1509.7
1906	 984.0	 1631.75
1907	 969.1	 1543.1
1908	 977.5	 1553.0
1909	 868.35	 3788.05
1910	 1956.2	 487.8
1911	 989.7	 1646.8
1912	 1639.1	 596.0
1913	 987.8	 1580.8
1914	 989.6	 1560.2
1915	 977.0	 1506.5
1916	 971.8	 1468.2
1917	 1449.75	 2096.5
1918	 964.75	 1396.0
1919	 977.9	 1424.9
1920	 979.6	 1464.3
1921	 992.0	 1503.75
1922	 548.75	 3040.25
1923	 970.75	 1291.0
1924	 989.8	 1441.6
1925	 765.5	 3402.0
1926	 935.75	 1378.25
1927	 1807.1	 1375.5
1928	 933.7	 1309.9
1929	 950.7	 1354.65
1930	 950.25	 1199.75
1931	 1393.0	 1937.2
1932	 476.75	 2271.25
1933	 831.25	 3682.65
1934	 2066.3	 708.6
1935	 1402.2	 2021.1
1936	 2228.25	 319.75
1937	 1318.0	 821.5
1938	 134.75	 3688.75
1939	 976.0	 1356.75
1940	 980.1	 1346.3
1941	 971.6	 1294.7
1942	 1000.4	 1343.5
1943	 1004.0	 1313.0
1944	 999.4	 1268.9
1945	 998.2	 1304.4
1946	 1003.25	 1246.75
1947	 982.75	 1209.75
1948	 971.2	 1141.9
1949	 1015.7	 2194.2
1950	 1857.8	 1462.3
1951	 1849.0	 1458.0
1952	 999.5	 1157.25
1953	 994.4	 1098.0
1954	 1833.0	 1492.0
1955	 1287.0	 1692.25
1956	 188.25	 3988.0
1957	 1986.0	 263.25
1958	 968.2	 1297.2
1959	 1029.75	 2209.9
1960	 2256.5	 397.2
1961	 1032.4	 2107.2
1962	 1031.25	 2114.0
1963	 1026.7	 2032.7
1964	 1007.3	 2010.9
1965	 1007.9	 1986.3
1966	 1010.2	 1909.8
1967	 1021.2	 1941.0
1968	 1021.3	 2022.7
1969	 1326.0	 769.75
1970	 1026.9	 1914.8
1971	 998.4	 1379.1
1972	 993.5	 1314.0
1973	 1943.6	 1034.2
1974	 1039.6	 2123.8
1975	 1041.85	 2071.9
1976	 231.8	 3956.2
1977	 2000.95	 518.25
1978	 1064.0	 2027.5
1979	 1309.1	 590.3
1980	 1056.7	 1974.5
1981	 1042.5	 1901.25
1982	 1046.1	 1896.65
1983	 1056.25	 1930.25
1984	 1065.9	 1983.25
1985	 1056.9	 1923.8
1986	 1032.0	 1880.25
1987	 1012.5	 1756.5
1988	 690.1	 3664.05
1989	 1022.75	 1820.75
1990	 241.15	 3941.5
1991	 1962.3	 1029.2
1992	 1024.25	 1760.0
1993	 1237.0	 1116.75
1994	 1004.45	 1501.25
1995	 1016.8	 1548.0
1996	 1037.6	 1603.9
1997	 1046.75	 1630.25
1998	 212.0	 3891.1
1999	 1031.55	 1501.0
2000	 695.2	 3592.8
2001	 1786.9	 449.2
2002	 1035.15	 1873.2
2003	 676.5	 3681.0
2004	 1055.75	 1710.5
2005	 541.0	 2414.0
2006	 219.8	 3840.1
2007	 1868.2	 1400.5
2008	 1070.5	 1788.0
2009	 1059.5	 1736.0
2010	 1089.25	 1087.25
2011	 997.6	 1240.7
2012	 1439.0	 972.0
2013	 1048.3	 1562.5
2014	 1047.4	 1529.7
2015	 624.3	 3511.7
2016	 1438.5	 2066.5
2017	 1061.6	 1690.7
2018	 1673.0	 667.5
2019	 1870.25	 1358.0
2020	 1004.5	 1103.1
2021	 1078.25	 2011.75
2022	 1091.75	 2108.75
2023	 972.5	 2170.0
2024	 1800.5	 386.0
2025	 1072.0	 1954.6
2026	 1085.75	 1877.25
2027	 1079.1	 1864.3
2028	 1071.8	 1769.5
2029	 1104.5	 1931.75
2030	 966.85	 2138.5
2031	 796.8	 1715.6
2032	 1428.6	 1881.2
2033	 1137.5	 2098.5
2034	 949.3	 2124.0
2035	 1111.8	 2098.0
2036	 1565.35	 464.0
2037	 1291.15	 1607.1
2038	 1168.25	 2028.25
2039	 1125.0	 1970.0
2040	 1097.25	 1901.0
2041	 1494.8	 2793.5
2042	 1063.0	 1745.25
2043	 2083.0	 926.5
2044	 312.0	 3984.8
2045	 1381.4	 1655.1
2046	 868.3	 3503.6
2047	 1100.0	 1683.4
2048	 1431.25	 1907.25
2049	 1398.5	 873.7
2050	 1080.5	 1489.5
2051	 1427.7	 1764.7
2052	 1690.7	 188.3
2053	 1601.9	 1606.0
2054	 719.0	 3560.25
2055	 1104.75	 1512.75
2056	 1085.75	 1486.25
2057	 1860.1	 448.4
2058	 729.5	 3577.0
2059	 1823.5	 441.7
2060	 1113.4	 1690.0
2061	 1339.0	 1261.25
2062	 287.75	 3844.5
2063	 1986.25	 579.0
2064	 904.3	 2050.9
2065	 919.2	 3994.3
2066	 1156.0	 1662.0
2067	 1120.6	 1566.0
2068	 1480.75	 4579.25
2069	 1130.5	 1621.5
2070	 1148.8	 1505.0
2071	 1137.3	 1499.4
2072	 1138.6	 1478.5
2073	 1504.8	 984.6
2074	 1023.4	 1947.2
2075	 1902.15	 436.5
2076	 1491.0	 967.5
2077	 982.5	 1588.5
2078	 1523.6	 4579.2
2079	 1794.6	 552.0
2080	 1043.0	 1359.75
2081	 1042.0	 1380.25
2082	 1011.0	 1274.5
2083	 2013.1	 641.9
2084	 1021.3	 1218.1
2085	 1031.0	 1230.5
2086	 1027.5	 2017.25
2087	 1058.5	 1427.4
2088	 1069.25	 1447.1
2089	 1086.0	 1452.5
2090	 1865.6	 1702.3
2091	 1081.0	 1403.0
2092	 1833.95	 322.65
2093	 483.5	 3671.3
2094	 2319.75	 707.45
2095	 1073.9	 1275.0
2096	 598.25	 3460.5
2097	 600.7	 2356.8
2098	 1061.5	 1289.25
2099	 1346.25	 594.0
2100	 1010.75	 1146.0
2101	 1034.25	 1178.0
2102	 1033.5	 1182.75
2103	 1350.5	 2834.25
2104	 946.7	 3952.2
2105	 1030.25	 1127.5
2106	 1485.8	 883.2
2107	 1883.4	 1395.8
2108	 925.0	 1984.75
2109	 1047.0	 1058.9
2110	 227.25	 3798.75
2111	 2103.0	 534.25
2112	 1083.8	 1109.7
2113	 1460.2	 2827.2
2114	 1073.0	 1032.2
2115	 627.9	 3429.4
2116	 1059.75	 968.75
2117	 1076.25	 1039.0
2118	 1086.2	 988.1
2119	 1766.25	 207.0
2120	 1091.4	 1362.3
2121	 1106.6	 1460.8
2122	 621.1	 3393.9
2123	 1117.05	 1404.7
2124	 1114.0	 1321.0
2125	 1118.5	 1357.4
2126	 1091.0	 1206.25
2127	 714.0	 2488.75
2128	 1100.75	 1172.5
2129	 1987.3	 229.0
2130	 1105.75	 1164.0
2131	 1128.25	 1407.25
2132	 1125.6	 1371.5
2133	 1121.1	 1333.8
2134	 1138.7	 1311.55
2135	 222.25	 3707.25
2136	 543.0	 3733.8
2137	 1145.25	 1330.25
2138	 1045.15	 1932.95
2139	 1134.5	 1228.0
2140	 1129.0	 1265.4
2141	 1333.1	 1438.05
2142	 610.4	 2183.6
2143	 533.8	 2192.35
2144	 1097.9	 1062.6
2145	 1115.6	 1057.4
2146	 1118.3	 1046.9
2147	 531.4	 2155.4
2148	 1405.5	 820.5
2149	 1103.8	 977.55
2150	 1778.0	 184.25
2151	 718.5	 3501.0
2152	 1126.2	 927.9
2153	 701.3	 3466.6
2154	 1351.5	 794.25
2155	 719.8	 3449.8
2156	 1139.45	 993.95
2157	 582.2	 3677.2
2158	 1145.5	 881.0
2159	 961.95	 1930.45
2160	 1151.5	 820.0
2161	 2082.1	 967.6
2162	 755.25	 3483.25
2163	 1836.8	 166.8
2164	 736.1	 3430.5
2165	 569.8	 2132.2
2166	 1176.05	 4868.15
2167	 1063.4	 1922.7
2168	 1188.5	 4978.25
2169	 1192.5	 4812.25
2170	 1857.8	 267.2
2171	 1166.0	 4686.7
2172	 182.4	 3510.9
2173	 1178.25	 4691.5
2174	 1997.4	 1496.6
2175	 1203.5	 5043.5
2176	 1203.8	 4961.7
2177	 1191.75	 4894.25
2178	 1775.5	 221.25
2179	 720.75	 3337.75
2180	 1216.1	 4918.7
2181	 313.6	 3753.2
2182	 151.0	 3009.25
2183	 1203.25	 4786.25
2184	 1202.5	 4722.5
2185	 1201.75	 4623.75
2186	 1438.8	 836.1
2187	 1881.75	 216.75
2188	 1153.4	 4263.0
2189	 1193.75	 4256.5
2190	 1110.25	 975.25
2191	 1176.3	 4139.7
2192	 1008.0	 1742.25
2193	 1185.5	 4503.0
2194	 1194.0	 4599.0
2195	 1502.25	 2683.5
2196	 1190.5	 4436.3
2197	 1222.0	 4538.25
2198	 1523.25	 4156.25
2199	 295.25	 3685.75
2200	 1218.5	 4435.5
2201	 1904.5	 1192.75
2202	 1185.5	 4372.0
2203	 1869.8	 128.2
2204	 1205.5	 4377.0
2205	 1203.0	 4348.25
2206	 1190.0	 4049.0
2207	 1559.2	 4135.6
2208	 17.5	 3630.75
2209	 1555.0	 4126.25
2210	 2081.0	 225.25
2211	 1627.5	 466.0
2212	 1239.5	 5038.0
2213	 2123.6	 407.7
2214	 2015.1	 693.1
2215	 1236.95	 4850.6
2216	 1233.25	 4761.75
2217	 1246.5	 4856.75
2218	 1468.8	 752.4
2219	 1253.65	 4897.3
2220	 601.8	 2030.6
2221	 1249.8	 4751.5
2222	 1249.25	 4907.25
2223	 1276.75	 5030.25
2224	 1277.5	 5008.25
2225	 1264.0	 4943.5
2226	 1282.5	 5052.0
2227	 1290.8	 5003.65
2228	 1280.75	 4938.25
2229	 1297.25	 4952.0
2230	 1273.2	 4876.5
2231	 1272.2	 4890.9
2232	 1272.0	 4758.7
2233	 1037.4	 1828.4
2234	 1277.2	 4777.6
2235	 1940.75	 1304.0
2236	 1221.1	 4660.4
2237	 1220.3	 4626.4
2238	 1920.8	 360.2
2239	 1279.2	 4653.0
2240	 1276.2	 4641.2
2241	 90.25	 3548.75
2242	 1252.75	 4603.25
2243	 530.25	 3967.5
2244	 1233.75	 4569.5
2245	 1278.8	 4699.0
2246	 1282.0	 4680.8
2247	 1181.5	 3829.0
2248	 1184.0	 3787.75
2249	 1291.0	 713.0
2250	 136.75	 3626.25
2251	 1174.3	 3879.2
2252	 929.25	 4715.75
2253	 605.25	 2006.5
2254	 140.8	 3600.2
2255	 619.25	 2642.25
2256	 1170.5	 3905.0
2257	 1159.6	 3647.0
2258	 1160.9	 3622.55
2259	 1162.5	 3572.5
2260	 611.7	 2624.4
2261	 1177.55	 3665.55
2262	 1174.0	 3583.3
2263	 1204.5	 3945.75
2264	 1210.0	 3909.25
2265	 1213.0	 3873.5
2266	 1185.5	 3818.4
2267	 1219.75	 3828.5
2268	 2004.0	 1480.0
2269	 1017.7	 2509.6
2270	 1188.15	 3547.4
2271	 1226.0	 3607.75
2272	 1213.75	 3646.25
2273	 1213.8	 3553.8
2274	 1468.0	 1494.0
2275	 1185.9	 3482.4
2276	 1837.8	 1760.8
2277	 1172.5	 3380.4
2278	 1184.5	 3388.5
2279	 1173.1	 3525.2
2280	 1172.4	 3344.8
2281	 1152.0	 3270.0
2282	 1184.05	 3323.4
2283	 1287.8	 2101.9
2284	 1962.0	 1383.25
2285	 1206.7	 3435.0
2286	 909.2	 4355.0
2287	 1198.8	 3390.7
2288	 1210.3	 3425.3
2289	 1215.7	 3456.7
2290	 1476.5	 1477.0
2291	 1219.0	 3312.25
2292	 1217.5	 3281.5
2293	 1219.75	 3841.75
2294	 1996.65	 423.7
2295	 1837.5	 4668.5
2296	 650.0	 2549.0
2297	 1974.6	 1370.9
2298	 1300.5	 681.25
2299	 1260.5	 3622.5
2300	 1224.2	 3518.5
2301	 1228.5	 3515.0
2302	 1250.5	 3525.75
2303	 1233.9	 3490.9
2304	 1234.65	 3465.85
2305	 1462.75	 2610.75
2306	 1232.1	 3567.7
2307	 329.75	 3462.0
2308	 762.5	 3477.75
2309	 891.6	 1538.4
2310	 77.0	 3469.0
2311	 2000.8	 385.2
2312	 1840.25	 1319.0
2313	 1297.25	 3485.75
2314	 1266.25	 3465.75
2315	 1967.0	 347.5
2316	 1991.5	 357.0
2317	 1241.1	 3423.35
2318	 1473.25	 2552.5
2319	 1227.6	 3341.0
2320	 1227.65	 3276.75
2321	 679.5	 2552.5
2322	 1232.0	 3212.25
2323	 699.8	 2562.1
2324	 1503.4	 2568.2
2325	 1330.8	 632.95
2326	 1274.75	 3433.75
2327	 1307.75	 3442.25
2328	 757.0	 3879.0
2329	 1276.05	 3319.4
2330	 1891.25	 1646.5
2331	 1264.25	 3268.0
2332	 1259.0	 3225.8
2333	 1285.75	 3165.25
2334	 1295.3	 3193.7
2335	 769.25	 3410.75
2336	 1490.8	 2471.4
2337	 1314.25	 4954.5
2338	 962.35	 2037.85
2339	 1323.5	 4953.5
2340	 1322.25	 4896.5
2341	 1329.5	 4895.7
2342	 1395.2	 637.0
2343	 1305.25	 4848.6
2344	 585.0	 2150.25
2345	 1320.3	 4828.3
2346	 1346.0	 4771.25
2347	 2157.3	 892.4
2348	 1352.75	 4998.5
2349	 1349.2	 5007.8
2350	 1356.1	 5027.0
2351	 1110.0	 2081.0
2352	 1364.0	 4946.5
2353	 1095.1	 3942.75
2354	 1372.2	 4911.4
2355	 1953.0	 243.4
2356	 1935.0	 239.0
2357	 1345.3	 4815.5
2358	 136.6	 3505.0
2359	 1369.25	 4837.0
2360	 616.75	 2075.5
2361	 1123.0	 2025.5
2362	 1381.6	 4889.6
2363	 1405.6	 4947.7
2364	 1387.0	 4992.8
2365	 1391.2	 4881.7
2366	 1330.75	 3042.25
2367	 1679.5	 508.15
2368	 157.75	 3476.0
2369	 1000.75	 2092.25
2370	 1318.2	 3288.2
2371	 1308.1	 3345.1
2372	 1315.6	 3210.4
2373	 1336.2	 3349.5
2374	 1910.8	 117.4
2375	 640.2	 2373.4
2376	 1560.5	 2456.75
2377	 1825.2	 1081.9
2378	 135.0	 3394.6
2379	 1345.75	 3214.75
2380	 1190.8	 1002.6
2381	 875.5	 3419.25
2382	 988.5	 2068.6
2383	 1696.0	 648.5
2384	 134.3	 3348.4
2385	 1350.75	 3199.0
2386	 2004.75	 1533.25
2387	 1629.8	 1761.0
2388	 1168.6	 3936.7
2389	 1187.0	 3122.5
2390	 1184.6	 2982.7
2391	 1182.2	 2954.9
2392	 1166.5	 2932.25
2393	 1181.1	 2889.3
2394	 1541.6	 2388.3
2395	 1181.6	 2854.8
2396	 1187.9	 2845.8
2397	 1993.7	 264.8
2398	 1184.75	 3138.75
2399	 1263.4	 1087.7
2400	 1201.75	 3090.5
2401	 1207.0	 3075.75
2402	 1233.3	 3146.4
2403	 1154.75	 2938.25
2404	 1471.0	 2358.0
2405	 1743.7	 1494.9
2406	 1221.5	 2849.75
2407	 222.0	 3659.75
2408	 1233.75	 2889.0
2409	 1167.8	 2779.2
2410	 201.7	 3622.8
2411	 1185.35	 2694.5
2412	 1090.0	 1649.75
2413	 1159.75	 2615.25
2414	 1174.4	 2628.2
2415	 1191.75	 2560.5
2416	 1184.6	 2566.7
2417	 1175.6	 2501.2
2418	 1166.5	 3920.25
2419	 1179.0	 2507.5
2420	 1189.7	 2586.8
2421	 1223.2	 2801.6
2422	 1640.75	 1044.25
2423	 1170.2	 3862.7
2424	 1362.0	 544.0
2425	 1215.0	 2718.0
2426	 1352.6	 3027.0
2427	 1230.2	 2543.1
2428	 1398.5	 858.1
2429	 1216.5	 2502.0
2430	 1236.65	 2506.25
2431	 245.0	 3611.4
2432	 1411.4	 603.6
2433	 1235.0	 2918.25
2434	 1236.0	 3153.5
2435	 1866.3	 1085.3
2436	 1256.75	 3066.25
2437	 1433.05	 1352.1
2438	 196.5	 3580.0
2439	 919.0	 4042.2
2440	 1268.15	 3107.85
2441	 2026.9	 207.3
2442	 2005.5	 147.0
2443	 658.25	 2695.25
2444	 1234.7	 2874.4
2445	 1271.5	 2949.5
2446	 1075.75	 1489.75
2447	 1272.1	 2833.9
2448	 1273.0	 3041.0
2449	 2037.4	 856.6
2450	 1292.4	 3144.1
2451	 1295.25	 3111.5
2452	 1294.0	 1034.75
2453	 1284.9	 2799.9
2454	 1191.3	 3731.6
2455	 1285.5	 2926.25
2456	 1475.5	 2190.7
2457	 2071.0	 802.2
2458	 1103.5	 1526.25
2459	 873.25	 4688.25
2460	 1264.0	 2763.8
2461	 1253.5	 2788.25
2462	 886.8	 3010.2
2463	 251.8	 3510.0
2464	 1242.8	 2509.0
2465	 1266.25	 2501.0
2466	 1277.7	 2726.0
2467	 1297.25	 2763.85
2468	 1296.9	 2788.7
2469	 1510.5	 2273.75
2470	 808.25	 1995.75
2471	 1347.6	 1336.2
2472	 1280.5	 2565.25
2473	 1284.0	 2575.0
2474	 1542.2	 643.7
2475	 1363.6	 2894.8
2476	 264.6	 2998.6
2477	 1166.5	 2456.25
2478	 1190.55	 2456.95
2479	 1202.1	 2449.6
2480	 956.5	 1633.5
2481	 2078.8	 790.95
2482	 1188.0	 2417.0
2483	 1163.6	 2321.15
2484	 1787.75	 357.3
2485	 1201.7	 2293.0
2486	 1214.0	 2444.9
2487	 313.25	 3605.75
2488	 1658.6	 1792.8
2489	 1125.25	 1631.0
2490	 1246.4	 2451.2
2491	 504.4	 3525.6
2492	 2095.2	 784.6
2493	 1209.75	 2311.0
2494	 1208.4	 2210.9
2495	 708.5	 2678.75
2496	 1212.9	 2272.7
2497	 1210.8	 2263.0
2498	 1231.4	 2317.4
2499	 1145.5	 2074.75
2500	 2086.25	 724.75
2501	 1187.5	 1997.5
2502	 1188.8	 1781.6
2503	 724.2	 2588.5
2504	 1212.45	 1768.9
2505	 1191.0	 1773.5
2506	 1197.0	 1705.25
2507	 1366.35	 1211.9
2508	 1862.7	 1023.2
2509	 1234.5	 2033.0
2510	 1215.75	 1954.75
2511	 2236.3	 957.45
2512	 2088.65	 970.0
2513	 1769.0	 268.5
2514	 746.6	 2567.4
2515	 682.7	 2502.1
2516	 1246.1	 2313.2
2517	 1940.8	 326.75
2518	 1254.5	 2437.75
2519	 1257.0	 2425.5
2520	 311.4	 3502.4
2521	 978.95	 3942.9
2522	 1459.25	 592.0
2523	 1245.55	 2246.2
2524	 1245.5	 2206.75
2525	 1257.3	 2202.55
2526	 1286.2	 2342.1
2527	 209.4	 3466.4
2528	 2230.4	 714.9
2529	 1291.4	 2390.0
2530	 1308.0	 2328.8
2531	 1298.0	 2449.25
2532	 1270.25	 2281.35
2533	 773.7	 2800.3
2534	 1273.4	 2130.1
2535	 1298.8	 2278.6
2536	 2016.8	 1513.8
2537	 1292.2	 2140.5
2538	 1240.0	 2080.25
2539	 1252.0	 2033.0
2540	 1257.5	 1970.0
2541	 734.4	 2547.2
2542	 1565.75	 2494.0
2543	 1267.2	 1961.5
2544	 1273.8	 2025.6
2545	 1248.75	 1806.5
2546	 2284.2	 1057.6
2547	 1283.0	 1826.0
2548	 1278.6	 2080.65
2549	 1253.45	 2712.1
2550	 1036.0	 4037.5
2551	 1294.2	 2059.4
2552	 225.9	 3404.0
2553	 913.1	 3625.4
2554	 1314.25	 1771.75
2555	 1276.4	 2038.2
2556	 1310.2	 3111.0
2557	 963.0	 1424.5
2558	 206.75	 3339.75
2559	 1488.25	 627.35
2560	 1516.4	 1485.2
2561	 1145.25	 1404.5
2562	 1040.6	 1249.8
2563	 1330.2	 3034.9
2564	 1463.0	 585.0
2565	 1323.0	 2938.5
2566	 1325.75	 2948.25
2567	 1311.75	 2866.0
2568	 1332.8	 2989.1
2569	 1784.25	 269.0
2570	 2039.2	 684.0
2571	 1568.75	 2395.0
2572	 1928.8	 1224.2
2573	 1250.1	 2416.6
2574	 634.6	 2267.2
2575	 1375.4	 3109.5
2576	 1903.2	 1501.7
2577	 613.0	 2222.5
2578	 1346.25	 2961.0
2579	 1360.1	 1149.8
2580	 2088.5	 717.0
2581	 1062.0	 1460.25
2582	 1374.2	 2894.4
2583	 1935.5	 1193.0
2584	 1326.0	 2767.35
2585	 1341.75	 2780.0
2586	 1339.0	 2639.7
2587	 779.5	 2518.25
2588	 2119.2	 649.2
2589	 1316.9	 2603.9
2590	 997.75	 4449.0
2591	 1310.5	 2498.5
2592	 1303.5	 2459.2
2593	 2056.6	 616.4
2594	 1325.0	 2582.3
2595	 1330.7	 2557.4
2596	 1463.8	 519.0
2597	 1448.0	 492.5
2598	 1351.7	 2625.3
2599	 1358.5	 2718.0
2600	 1354.5	 2729.0
2601	 1358.2	 2497.3
2602	 1630.25	 2564.75
2603	 1366.3	 2469.2
2604	 480.0	 3344.4
2605	 924.0	 3765.0
2606	 1467.0	 548.6
2607	 1391.5	 3063.25
2608	 1366.25	 2502.25
2609	 1396.0	 3049.5
2610	 1557.75	 1990.25
2611	 1407.5	 3130.25
2612	 935.5	 3740.75
2613	 275.8	 3392.0
2614	 1377.4	 2950.85
2615	 952.4	 3861.4
2616	 1423.0	 2958.5
2617	 513.9	 3344.5
2618	 2192.0	 1119.0
2619	 1371.75	 1090.25
2620	 2056.7	 1055.85
2621	 1415.9	 2986.4
2622	 1429.25	 2946.75
2623	 1375.5	 3124.5
2624	 1078.6	 1345.6
2625	 1423.8	 2829.4
2626	 1441.25	 2918.0
2627	 283.25	 3349.75
2628	 1947.3	 1660.2
2629	 2138.25	 683.5
2630	 973.0	 3532.2
2631	 1392.8	 2648.4
2632	 1404.4	 2801.7
2633	 1928.75	 1074.75
2634	 1089.0	 1294.0
2635	 553.0	 3421.25
2636	 983.25	 3796.0
2637	 981.0	 3803.0
2638	 1410.1	 2505.35
2639	 710.0	 2160.25
2640	 1425.75	 2763.5
2641	 1431.8	 2733.3
2642	 1422.0	 2700.25
2643	 1423.1	 2694.4
2644	 1017.8	 1187.6
2645	 1437.2	 2745.9
2646	 1435.6	 2689.2
2647	 1437.25	 2662.25
2648	 1437.2	 2737.5
2649	 988.75	 3540.25
2650	 940.0	 1196.0
2651	 949.75	 3706.75
2652	 1438.75	 2517.0
2653	 741.5	 2273.5
2654	 727.0	 2187.2
2655	 1415.25	 2580.25
2656	 576.5	 3415.1
2657	 1445.7	 2803.8
2658	 729.0	 2164.0
2659	 1401.8	 2452.2
2660	 955.6	 1258.9
2661	 772.6	 2356.0
2662	 1324.7	 2388.0
2663	 1039.5	 1167.75
2664	 1337.75	 2390.25
2665	 1341.4	 2430.75
2666	 1327.9	 2318.35
2667	 1313.5	 2238.7
2668	 1321.1	 2271.15
2669	 1174.0	 4983.0
2670	 1333.25	 2225.0
2671	 889.75	 3934.5
2672	 1345.5	 2342.0
2673	 1350.5	 2336.5
2674	 1347.75	 2278.25
2675	 1375.1	 2378.2
2676	 326.25	 3882.0
2677	 1358.75	 2177.5
2678	 1550.0	 2175.0
2679	 2169.75	 598.25
2680	 1378.75	 2274.25
2681	 699.25	 2417.25
2682	 1321.4	 2120.6
2683	 1329.9	 2123.45
2684	 1333.4	 2051.2
2685	 1333.25	 2017.25
2686	 1317.1	 1911.7
2687	 1453.25	 1855.25
2688	 2193.4	 837.8
2689	 1449.5	 621.75
2690	 1992.65	 1157.0
2691	 1335.75	 1958.75
2692	 1995.25	 1132.75
2693	 1265.3	 2330.2
2694	 2186.4	 812.0
2695	 1324.0	 1753.75
2696	 1345.15	 2095.25
2697	 940.6	 3499.0
2698	 392.25	 3863.75
2699	 1354.75	 2058.75
2700	 1350.5	 1987.5
2701	 1370.8	 2056.4
2702	 1613.5	 2322.75
2703	 768.5	 2240.5
2704	 1365.0	 1894.4
2705	 2276.5	 607.7
2706	 1367.5	 1875.25
2707	 1378.3	 2338.4
2708	 2066.55	 600.95
2709	 1384.4	 2285.4
2710	 1909.0	 1002.85
2711	 778.75	 2274.0
2712	 1062.8	 1105.4
2713	 782.9	 2286.7
2714	 1917.0	 1050.0
2715	 1409.0	 2342.3
2716	 1071.5	 1080.9
2717	 1048.75	 2531.75
2718	 1421.2	 2400.9
2719	 1426.25	 2350.25
2720	 1414.9	 2282.0
2721	 1522.8	 945.9
2722	 2199.95	 714.65
2723	 442.8	 3977.25
2724	 1444.0	 2293.6
2725	 1947.9	 973.9
2726	 1420.2	 2260.1
2727	 1416.9	 2140.0
2728	 630.4	 2124.0
2729	 1085.8	 1113.9
2730	 1382.8	 2003.5
2731	 1392.4	 2001.7
2732	 2256.0	 796.0
2733	 1398.25	 1950.0
2734	 438.6	 3942.6
2735	 1393.1	 1877.2
2736	 444.95	 3917.25
2737	 1398.5	 1866.0
2738	 404.25	 3893.75
2739	 1402.0	 1823.0
2740	 412.2	 3849.2
2741	 409.4	 3859.0
2742	 1629.5	 2187.0
2743	 1443.0	 1944.0
2744	 1426.4	 1897.3
2745	 1578.75	 904.5
2746	 1637.6	 2165.2
2747	 1445.75	 1521.25
2748	 1430.6	 1886.2
2749	 1428.25	 1844.55
2750	 1441.4	 1844.2
2751	 1445.25	 1878.5
2752	 1429.1	 1801.8
2753	 1440.9	 1785.0
2754	 1936.2	 903.6
2755	 1520.75	 787.0
2756	 1465.75	 2952.5
2757	 1453.3	 2887.1
2758	 1085.25	 1280.25
2759	 1547.8	 770.2
2760	 2112.9	 444.8
2761	 1131.5	 4016.0
2762	 1134.9	 4008.0
2763	 1463.8	 2786.8
2764	 1143.7	 4030.2
2765	 1466.4	 2678.55
2766	 1089.5	 1366.75
2767	 1436.75	 2936.75
2768	 1509.5	 874.25
2769	 1516.8	 644.0
2770	 1472.5	 2752.75
2771	 1607.5	 1241.25
2772	 1100.55	 1319.25
2773	 1485.75	 2825.0
2774	 1511.75	 2832.0
2775	 1421.95	 2818.1
2776	 648.75	 1944.95
2777	 1477.9	 2710.7
2778	 1113.8	 3920.8
2779	 1486.1	 1839.5
2780	 1509.2	 2734.6
2781	 2288.9	 767.6
2782	 1472.25	 2610.0
2783	 1985.0	 1049.5
2784	 1552.25	 4133.25
2785	 1503.5	 2780.8
2786	 1524.0	 2786.5
2787	 1999.75	 1053.1
2788	 1137.8	 3956.45
2789	 1514.5	 2675.1
2790	 1713.5	 1034.25
2791	 1516.6	 2641.9
2792	 1520.95	 2615.85
2793	 1531.0	 2683.0
2794	 1617.75	 973.25
2795	 1545.75	 2644.75
2796	 1478.7	 2078.05
2797	 2276.15	 754.7
2798	 1555.0	 2621.0
2799	 746.75	 2268.25
2800	 1371.75	 2686.0
2801	 1473.75	 2593.25
2802	 1447.9	 2503.1
2803	 1475.5	 2584.75
2804	 1964.3	 944.1
2805	 1114.05	 1246.6
2806	 1976.2	 908.3
2807	 1462.4	 1991.8
2808	 2193.75	 663.75
2809	 683.6	 2035.2
2810	 1948.2	 899.7
2811	 1508.5	 2457.25
2812	 1491.0	 2399.75
2813	 1509.2	 2521.8
2814	 1516.9	 2587.1
2815	 1508.6	 2587.2
2816	 681.6	 2012.4
2817	 1879.25	 1567.75
2818	 2221.3	 712.7
2819	 1535.65	 2612.15
2820	 1477.6	 2016.0
2821	 1475.55	 701.35
2822	 2092.8	 270.55
2823	 1529.5	 2476.25
2824	 1540.5	 2472.8
2825	 1532.6	 2428.8
2826	 1544.4	 2430.3
2827	 1381.8	 2558.4
2828	 1462.5	 2343.5
2829	 1613.0	 854.25
2830	 1478.5	 2284.0
2831	 1130.6	 1368.6
2832	 1134.25	 1476.5
2833	 1466.7	 2233.7
2834	 1447.7	 2221.2
2835	 1490.1	 2222.7
2836	 1518.9	 2145.6
2837	 1526.5	 2323.5
2838	 707.6	 1954.2
2839	 1544.0	 2362.9
2840	 1529.75	 2316.25
2841	 1418.25	 2571.0
2842	 1514.25	 2354.5
2843	 1516.8	 2243.0
2844	 1503.25	 2195.75
2845	 1086.0	 3756.8
2846	 1540.4	 2209.8
2847	 1547.9	 2170.8
2848	 1392.5	 2639.25
2849	 1554.7	 2534.0
2850	 2206.0	 1073.5
2851	 1571.75	 2543.5
2852	 248.0	 3659.5
2853	 1561.0	 2495.45
2854	 1690.0	 1354.9
2855	 1613.2	 2556.5
2856	 1582.75	 2537.4
2857	 2010.5	 1551.5
2858	 1605.5	 2487.75
2859	 1559.0	 2400.5
2860	 1559.0	 2412.5
2861	 1416.9	 2770.8
2862	 1599.25	 2441.25
2863	 1593.7	 2421.1
2864	 1136.8	 1264.8
2865	 2025.8	 685.0
2866	 1072.25	 3556.75
2867	 1612.5	 2477.25
2868	 1638.5	 2493.25
2869	 1614.5	 2564.75
2870	 1875.8	 397.2
2871	 1619.5	 2452.5
2872	 1618.0	 2387.0
2873	 1129.25	 3800.5
2874	 1959.4	 1512.1
2875	 444.25	 3694.25
2876	 1131.0	 3852.5
2877	 2271.0	 644.5
2878	 214.9	 3637.8
2879	 1658.5	 2370.8
2880	 2012.0	 1427.0
2881	 1577.5	 2315.5
2882	 1586.1	 2357.0
2883	 2019.25	 1441.25
2884	 1584.7	 2288.7
2885	 1324.0	 1364.2
2886	 1557.25	 2260.25
2887	 1575.25	 2228.75
2888	 1963.4	 1529.6
2889	 1583.0	 2214.0
2890	 1100.0	 1097.8
2891	 1626.7	 2290.9
2892	 1101.5	 3714.2
2893	 1492.75	 904.0
2894	 1644.2	 2222.0
2895	 2264.4	 596.4
2896	 1655.0	 2217.75
2897	 1656.25	 2188.5
2898	 1659.2	 2174.5
2899	 1547.25	 1530.25
2900	 1458.0	 1893.0
2901	 1454.05	 2090.65
2902	 1119.2	 1060.6
2903	 1477.6	 2088.6
2904	 1496.6	 2108.2
2905	 676.25	 1866.75
2906	 1504.75	 2049.25
2907	 1466.2	 2041.4
2908	 1021.75	 2346.75
2909	 1464.75	 1983.75
2910	 1452.4	 1959.8
2911	 1480.0	 1994.25
2912	 658.3	 2145.0
2913	 481.8	 3878.2
2914	 1507.5	 2060.3
2915	 1548.1	 2152.7
2916	 1546.9	 2122.9
2917	 1582.75	 744.25
2918	 1512.5	 2004.5
2919	 1523.55	 1971.8
2920	 1551.0	 2055.0
2921	 1538.95	 1969.2
2922	 1087.1	 1513.0
2923	 1547.7	 2062.6
2924	 1451.75	 437.5
2925	 894.0	 3673.2
2926	 490.0	 3871.0
2927	 1485.4	 1929.5
2928	 1503.75	 1889.25
2929	 2047.0	 567.75
2930	 1475.75	 1861.0
2931	 2035.8	 509.8
2932	 1476.0	 1771.75
2933	 1308.35	 2631.15
2934	 1527.75	 1836.25
2935	 1494.2	 1847.4
2936	 2256.25	 883.75
2937	 910.7	 3621.2
2938	 1469.5	 1829.75
2939	 2084.75	 1572.25
2940	 1542.1	 1716.55
2941	 1617.0	 707.25
2942	 1573.0	 2098.7
2943	 695.5	 4594.0
2944	 1602.5	 2162.75
2945	 562.8	 3964.6
2946	 1594.6	 2017.2
2947	 920.2	 3621.3
2948	 1006.0	 1603.65
2949	 638.5	 2039.3
2950	 1312.6	 2318.9
2951	 1607.4	 1692.9
2952	 1610.1	 2069.35
2953	 1214.9	 1353.1
2954	 1504.8	 1722.2
2955	 1664.6	 2136.2
2956	 1333.5	 2424.0
2957	 1650.8	 2069.6
2958	 907.6	 3529.6
2959	 916.7	 3529.3
2960	 306.5	 4482.65
2961	 1532.4	 1923.4
2962	 1649.8	 1948.8
2963	 1143.25	 999.0
2964	 1574.6	 1929.2
2965	 1582.25	 1872.0
2966	 692.95	 3611.5
2967	 1577.6	 1746.2
2968	 1578.2	 1736.6
2969	 1072.75	 3404.75
2970	 1571.8	 1729.8
2971	 1611.0	 443.6
2972	 1599.6	 1810.2
2973	 1669.2	 1678.5
2974	 1563.7	 1904.4
2975	 1622.4	 1927.1
2976	 1078.3	 3362.3
2977	 755.9	 4536.6
2978	 1647.4	 1894.05
2979	 1662.9	 1841.9
2980	 1555.0	 1883.75
2981	 1602.0	 576.0
2982	 1634.5	 1713.0
2983	 1505.85	 652.6
2984	 1658.7	 1785.3
2985	 1647.1	 1710.0
2986	 1671.2	 1728.6
2987	 1692.25	 2380.5
2988	 1039.4	 1792.6
2989	 1695.4	 2301.8
2990	 1720.0	 2310.5
2991	 750.8	 2084.4
2992	 1183.25	 913.25
2993	 2020.75	 830.0
2994	 1699.65	 2212.5
2995	 1710.6	 2215.2
2996	 996.0	 3685.5
2997	 1551.8	 1806.4
2998	 2202.7	 666.4
2999	 717.75	 1954.5
3000	 1043.75	 1547.25
3001	 516.4	 3811.6
3002	 1690.75	 968.2
3003	 1680.25	 2153.5
3004	 1696.0	 2156.25
3005	 1016.6	 3614.4
3006	 1741.7	 2038.8
3007	 1374.5	 2348.5
3008	 713.0	 1950.0
3009	 1745.85	 2100.2
3010	 1761.0	 2108.95
3011	 2077.75	 1474.5
3012	 1508.75	 605.0
3013	 1746.0	 2021.25
3014	 1779.0	 2003.1
3015	 1044.75	 1620.75
3016	 757.25	 2092.0
3017	 1590.25	 2114.0
3018	 1353.1	 2186.2
3019	 1231.5	 3368.6
3020	 1692.5	 1966.25
3021	 1727.0	 903.25
3022	 1170.0	 4644.2
3023	 1339.0	 3092.0
3024	 1723.0	 1888.75
3025	 2067.0	 1506.5
3026	 1714.25	 1919.25
3027	 1767.0	 1996.0
3028	 1514.9	 581.6
3029	 1180.5	 4689.5
3030	 1786.7	 1962.3
3031	 1805.0	 1937.5
3032	 1374.5	 2237.1
3033	 1832.8	 1984.7
3034	 1179.8	 4695.1
3035	 1780.8	 1907.6
3036	 1801.1	 1879.8
3037	 1752.25	 1840.5
3038	 1830.5	 1895.8
3039	 2040.6	 250.9
3040	 525.2	 3791.2
3041	 1200.75	 4948.5
3042	 1186.4	 5065.0
3043	 127.75	 3309.75
3044	 2088.1	 1313.6
3045	 1683.75	 1770.75
3046	 1697.1	 1711.8
3047	 1726.95	 1744.35
3048	 1742.0	 1768.5
3049	 1593.25	 1965.75
3050	 575.8	 3819.05
3051	 1778.5	 1790.0
3052	 1630.8	 741.8
3053	 1832.1	 1797.8
3054	 1801.0	 1725.75
3055	 1752.75	 1724.0
3056	 764.75	 1942.5
3057	 1834.6	 1755.1
3058	 1814.0	 1708.25
3059	 1073.5	 2080.25
3060	 1641.1	 1515.9
3061	 1854.3	 1941.5
3062	 952.8	 3432.2
3063	 2093.25	 228.75
3064	 1215.8	 4922.5
3065	 828.3	 4613.9
3066	 1849.75	 1877.5
3067	 1886.05	 1898.05
3068	 1658.75	 2137.0
3069	 1909.6	 1875.0
3070	 1884.3	 1825.5
3071	 730.8	 1851.0
3072	 1934.1	 1851.35
3073	 673.9	 1890.5
3074	 2053.2	 127.2
3075	 1921.75	 1825.5
3076	 1620.0	 1386.8
3077	 1925.2	 1810.5
3078	 732.4	 1777.8
3079	 1852.25	 1731.5
3080	 1869.5	 1733.5
3081	 2034.0	 1485.0
3082	 683.8	 1873.25
3083	 233.7	 3306.3
3084	 1904.5	 1720.75
3085	 1645.8	 645.0
3086	 1616.0	 1953.5
3087	 1945.2	 1775.9
3088	 1983.5	 1765.5
3089	 585.0	 3718.0
3090	 2107.75	 1521.25
3091	 1994.0	 1745.25
3092	 1955.75	 1709.5
3093	 1640.9	 2006.2
3094	 2123.0	 1491.5
3095	 1166.4	 1680.7
3096	 1174.5	 1677.75
3097	 1155.0	 1642.75
3098	 1320.25	 1743.5
3099	 1193.75	 878.75
3100	 1783.3	 522.0
3101	 1180.6	 1628.7
3102	 1041.4	 4008.4
3103	 1176.0	 1596.5
3104	 1223.25	 1614.25
3105	 730.8	 1714.4
3106	 1215.7	 1540.2
3107	 1235.25	 1700.75
3108	 1239.4	 1637.3
3109	 1278.7	 1634.55
3110	 962.3	 3255.85
3111	 1242.5	 1544.0
3112	 1238.0	 1574.25
3113	 1246.7	 1559.1
3114	 1271.8	 1566.8
3115	 564.4	 2333.0
3116	 1162.8	 1520.6
3117	 1169.15	 1453.4
3118	 1194.2	 1453.7
3119	 1213.75	 1526.05
3120	 1203.0	 1479.8
3121	 1221.0	 1489.5
3122	 1393.8	 4129.6
3123	 1198.4	 1411.0
3124	 1235.1	 1408.0
3125	 2132.8	 266.6
3126	 895.85	 4683.05
3127	 1253.0	 1457.5
3128	 1265.4	 1463.8
3129	 1283.95	 1501.0
3130	 1275.1	 1505.55
3131	 1272.7	 1474.2
3132	 328.2	 3535.8
3133	 338.1	 3561.2
3134	 1284.75	 1393.75
3135	 2206.5	 520.25
3136	 298.8	 2813.6
3137	 1272.0	 1349.25
3138	 1705.6	 605.8
3139	 913.1	 4637.1
3140	 1313.0	 1645.0
3141	 2048.3	 1347.9
3142	 385.6	 3545.8
3143	 1358.75	 1697.0
3144	 2146.0	 1318.8
3145	 1320.0	 1620.4
3146	 788.8	 1827.0
3147	 1700.5	 654.75
3148	 1312.1	 1606.1
3149	 1838.0	 143.5
3150	 1340.0	 1545.25
3151	 829.5	 4595.25
3152	 2206.6	 1017.0
3153	 2255.6	 499.2
3154	 755.75	 1651.5
3155	 1746.6	 645.0
3156	 1427.3	 1675.45
3157	 418.5	 3632.5
3158	 1407.0	 1611.0
3159	 1355.5	 1581.25
3160	 1370.5	 1528.35
3161	 2188.5	 447.25
3162	 1294.2	 1469.4
3163	 1295.1	 1417.65
3164	 145.8	 3197.4
3165	 448.0	 3598.0
3166	 778.75	 1578.25
3167	 1560.3	 283.6
3168	 1316.2	 1369.2
3169	 1078.95	 3682.2
3170	 1349.6	 1358.4
3171	 1358.2	 1452.5
3172	 820.0	 4499.5
3173	 1383.0	 1439.2
3174	 1212.25	 890.0
3175	 1375.25	 1400.0
3176	 1495.0	 1288.5
3177	 1778.1	 1801.7
3178	 1420.8	 1368.6
3179	 412.25	 3521.25
3180	 1325.5	 969.7
3181	 1180.6	 1309.2
3182	 1029.4	 3591.6
3183	 810.5	 3297.0
3184	 1185.2	 4347.2
3185	 1573.0	 499.75
3186	 1200.1	 1336.9
3187	 2061.0	 1378.5
3188	 1210.25	 1274.9
3189	 1175.5	 1246.4
3190	 1188.2	 1230.3
3191	 1168.8	 1197.5
3192	 1240.6	 4688.4
3193	 1203.6	 1226.9
3194	 1576.7	 2084.8
3195	 1244.7	 1315.7
3196	 1017.5	 3529.0
3197	 1230.7	 1270.7
3198	 833.8	 3293.4
3199	 1228.3	 1194.6
3200	 1460.0	 1227.0
3201	 1260.3	 1229.8
3202	 825.25	 3251.0
3203	 1223.5	 1167.3
3204	 1980.6	 674.8
3205	 1121.25	 3379.5
3206	 1233.8	 3590.9
3207	 794.25	 3138.25
3208	 1205.55	 1075.8
3209	 1103.3	 3677.2
3210	 1563.4	 442.0
3211	 1236.0	 1081.6
3212	 237.0	 3188.0
3213	 1700.9	 1649.45
3214	 1288.1	 1150.9
3215	 1276.8	 1092.0
3216	 1247.6	 1071.4
3217	 368.4	 3478.0
3218	 1238.0	 1039.5
3219	 1245.4	 1025.2
3220	 1287.5	 1069.25
3221	 813.25	 3102.5
3222	 1217.1	 2935.3
3223	 1279.3	 1054.8
3224	 2126.6	 900.4
3225	 899.75	 4587.5
3226	 1546.5	 285.75
3227	 841.4	 3185.2
3228	 1342.1	 1319.6
3229	 1178.7	 1270.2
3230	 772.75	 2069.0
3231	 1141.6	 3669.4
3232	 1327.75	 1190.75
3233	 765.3	 2021.7
3234	 1346.95	 1194.2
3235	 1156.25	 3649.5
3236	 1358.5	 1211.0
3237	 1395.8	 1341.4
3238	 2188.8	 959.5
3239	 1389.7	 1289.1
3240	 1384.4	 1251.8
3241	 337.6	 3360.8
3242	 778.2	 2112.2
3243	 1426.8	 1312.0
3244	 1422.0	 1264.25
3245	 2223.8	 401.8
3246	 1401.6	 1209.6
3247	 1388.6	 1195.4
3248	 1409.75	 1245.5
3249	 1311.9	 1155.9
3250	 1332.1	 1139.3
3251	 1224.25	 4756.0
3252	 2014.25	 1198.0
3253	 1613.6	 491.8
3254	 1349.6	 1062.9
3255	 1365.8	 1038.6
3256	 866.6	 3201.8
3257	 881.75	 3326.5
3258	 1398.8	 1106.0
3259	 1414.0	 1120.5
3260	 2203.3	 270.1
3261	 1403.8	 1635.0
3262	 1101.0	 3560.5
3263	 1387.7	 1011.0
3264	 1143.2	 949.15
3265	 1635.1	 484.7
3266	 1413.3	 1025.2
3267	 1401.75	 1006.75
3268	 2226.25	 995.0
3269	 1506.9	 1681.0
3270	 2186.25	 1227.0
3271	 1046.7	 3876.4
3272	 1155.0	 3552.0
3273	 2067.9	 197.1
3274	 1532.4	 1683.6
3275	 1601.75	 1695.0
3276	 1527.5	 376.75
3277	 1538.0	 1569.0
3278	 1524.6	 1529.2
3279	 1553.3	 1537.9
3280	 1017.25	 3865.25
3281	 1578.7	 1540.7
3282	 1515.6	 1194.95
3283	 1592.9	 396.8
3284	 1134.0	 1734.0
3285	 1431.8	 1428.9
3286	 1442.5	 2339.05
3287	 156.0	 4412.8
3288	 147.5	 4345.25
3289	 155.0	 4375.25
3290	 207.2	 4489.2
3291	 1538.0	 1181.2
3292	 1469.75	 2437.75
3293	 1390.7	 2061.1
3294	 272.45	 4583.2
3295	 251.25	 4557.0
3296	 1553.4	 1500.2
3297	 287.75	 4566.75
3298	 279.2	 4597.0
3299	 281.5	 4603.4
3300	 647.75	 4389.25
3301	 316.85	 4616.4
3302	 1523.5	 1370.25
3303	 1749.0	 1637.5
3304	 1537.3	 1346.7
3305	 272.3	 4494.7
3306	 1566.0	 1345.6
3307	 1541.25	 1326.5
3308	 320.7	 4531.2
3309	 819.0	 2994.75
3310	 1284.2	 4902.2
3311	 1533.8	 265.4
3312	 183.2	 4458.35
3313	 1625.5	 1539.75
3314	 199.3	 4462.4
3315	 164.0	 4418.75
3316	 217.0	 4448.7
3317	 232.05	 4452.65
3318	 237.5	 4412.6
3319	 184.9	 4376.0
3320	 1722.0	 1665.5
3321	 1698.3	 1636.6
3322	 210.8	 4275.6
3323	 226.0	 4377.2
3324	 847.2	 3015.8
3325	 243.75	 4463.75
3326	 454.5	 3394.25
3327	 1758.25	 494.5
3328	 316.9	 4427.2
3329	 1642.8	 1506.2
3330	 822.4	 2973.0
3331	 282.0	 4391.5
3332	 256.4	 4347.0
3333	 273.1	 4335.1
3334	 1297.8	 4818.4
3335	 1643.2	 1394.6
3336	 1644.8	 1388.7
3337	 244.1	 4424.8
3338	 1081.0	 3342.5
3339	 1682.5	 1345.0
3340	 56.85	 4186.6
3341	 92.0	 4186.75
3342	 1127.7	 3494.95
3343	 472.4	 3646.2
3344	 1748.4	 1506.5
3345	 1751.25	 1462.75
3346	 98.4	 4263.65
3347	 1697.75	 1377.5
3348	 120.5	 4258.75
3349	 134.5	 4305.5
3350	 163.0	 4288.75
3351	 160.5	 4293.0
3352	 1763.0	 1404.25
3353	 1739.4	 1324.4
3354	 105.5	 4224.75
3355	 116.75	 4233.75
3356	 96.25	 4199.75
3357	 120.75	 4241.0
3358	 1155.4	 3491.8
3359	 1502.75	 1280.75
3360	 1485.6	 1256.95
3361	 164.7	 4179.6
3362	 1671.25	 2120.75
3363	 1138.4	 3467.2
3364	 81.0	 4115.5
3365	 1693.4	 2119.6
3366	 69.5	 4041.0
3367	 1429.85	 1144.45
3368	 1532.6	 298.7
3369	 1449.7	 1151.6
3370	 1258.0	 2029.0
3371	 1247.7	 4640.4
3372	 70.5	 4021.0
3373	 73.0	 3996.6
3374	 96.2	 4018.8
3375	 105.2	 4014.0
3376	 1100.4	 3381.2
3377	 1089.0	 3367.8
3378	 1541.2	 1280.8
3379	 1563.75	 1300.75
3380	 1152.8	 949.15
3381	 1493.6	 1045.2
3382	 137.8	 4075.2
3383	 114.9	 4026.4
3384	 137.3	 4018.6
3385	 144.8	 4071.4
3386	 1508.8	 1165.05
3387	 1529.9	 1159.8
3388	 227.0	 4300.75
3389	 1551.35	 1185.45
3390	 205.15	 4263.1
3391	 480.2	 3541.6
3392	 1429.5	 1113.5
3393	 1431.7	 2025.0
3394	 231.0	 4266.75
3395	 1039.0	 1425.0
3396	 1648.0	 291.6
3397	 207.5	 4186.3
3398	 1463.2	 1047.1
3399	 242.65	 4218.0
3400	 873.65	 2979.7
3401	 1424.0	 1060.5
3402	 252.75	 4266.2
3403	 283.8	 4307.3
3404	 1700.25	 2047.0
3405	 1329.0	 947.8
3406	 1444.75	 1000.0
3407	 323.1	 4293.8
3408	 290.8	 4269.7
3409	 302.7	 4289.6
3410	 1070.7	 2966.6
3411	 1701.9	 2020.8
3412	 1528.1	 1081.45
3413	 269.2	 4205.5
3414	 1448.4	 699.7
3415	 295.3	 4223.0
3416	 857.8	 2902.4
3417	 1718.5	 2065.8
3418	 1516.0	 1013.0
3419	 201.1	 4144.4
3420	 1576.6	 1035.0
3421	 1040.5	 1192.3
3422	 1632.6	 1305.2
3423	 225.75	 4130.1
3424	 218.7	 4144.4
3425	 220.0	 4095.25
3426	 1631.5	 1283.75
3427	 177.75	 4024.25
3428	 198.6	 4068.3
3429	 199.75	 4022.0
3430	 168.5	 3997.0
3431	 180.6	 4058.5
3432	 2209.5	 872.5
3433	 1613.75	 1229.75
3434	 230.9	 3998.9
3435	 1632.25	 1195.5
3436	 252.1	 4051.3
3437	 1663.6	 1250.4
3438	 311.6	 4136.6
3439	 1638.0	 1181.75
3440	 313.75	 4148.25
3441	 288.65	 4090.65
3442	 1710.5	 1310.0
3443	 139.0	 3264.0
3444	 1556.8	 1068.1
3445	 279.75	 4019.0
3446	 2041.9	 1076.4
3447	 1759.2	 1274.2
3448	 329.0	 4035.75
3449	 436.5	 3237.25
3450	 1737.3	 1316.7
3451	 1693.0	 1202.4
3452	 1706.25	 1217.75
3453	 287.0	 4157.2
3454	 898.25	 3253.75
3455	 366.8	 4647.6
3456	 630.0	 4158.5
3457	 377.0	 4606.75
3458	 387.0	 4647.0
3459	 401.55	 4650.4
3460	 1580.5	 1140.6
3461	 1794.5	 264.25
3462	 348.7	 4567.4
3463	 344.75	 4581.5
3464	 324.25	 4520.25
3465	 1604.6	 1107.2
3466	 1173.4	 3587.0
3467	 381.0	 4521.75
3468	 1168.0	 3595.0
3469	 1180.0	 3668.5
3470	 1174.5	 3667.5
3471	 458.7	 4672.65
3472	 466.5	 4712.5
3473	 474.2	 4670.0
3474	 1627.5	 1053.75
3475	 426.05	 4621.75
3476	 418.9	 4558.3
3477	 1673.0	 1122.0
3478	 1728.4	 1153.4
3479	 1727.25	 1147.75
3480	 1682.0	 1091.5
3481	 349.1	 4473.6
3482	 157.5	 3239.25
3483	 1682.5	 1071.25
3484	 1699.4	 1045.1
3485	 390.0	 4449.2
3486	 330.25	 4404.0
3487	 1724.5	 1009.75
3488	 347.9	 4364.5
3489	 1732.8	 1570.0
3490	 373.1	 4407.3
3491	 148.5	 3202.75
3492	 380.4	 4375.2
3493	 391.4	 4379.8
3494	 204.2	 3300.2
3495	 1703.25	 433.75
3496	 402.6	 4460.9
3497	 435.5	 4458.5
3498	 1780.0	 2051.0
3499	 444.0	 4468.5
3500	 1696.55	 408.2
3501	 1173.25	 900.0
3502	 2106.2	 878.0
3503	 449.3	 4434.3
3504	 442.9	 4401.5
3505	 467.75	 4390.75
3506	 2060.9	 1021.9
3507	 458.1	 4363.4
3508	 1227.5	 900.25
3509	 489.0	 4718.2
3510	 2216.5	 1267.5
3511	 506.0	 4685.75
3512	 1227.1	 889.4
3513	 479.0	 4623.5
3514	 477.5	 4609.3
3515	 485.75	 4558.5
3516	 1293.5	 940.25
3517	 499.3	 4596.8
3518	 1330.7	 979.9
3519	 1336.4	 984.5
3520	 509.2	 4632.6
3521	 1330.8	 936.5
3522	 1496.0	 1087.5
3523	 1259.6	 912.4
3524	 506.4	 4578.0
3525	 523.2	 4612.4
3526	 531.6	 4572.6
3527	 1278.0	 1970.25
3528	 1309.45	 924.55
3529	 1306.8	 906.7
3530	 529.25	 4693.25
3531	 548.0	 4655.5
3532	 575.35	 4755.25
3533	 949.1	 2187.65
3534	 543.2	 2470.65
3535	 585.1	 4728.55
3536	 504.2	 3478.4
3537	 571.4	 4704.7
3538	 531.5	 4564.5
3539	 561.4	 4662.8
3540	 569.1	 4635.7
3541	 1218.4	 754.2
3542	 835.9	 3121.0
3543	 1222.5	 785.2
3544	 1744.0	 493.5
3545	 1708.25	 486.75
3546	 1730.6	 1966.2
3547	 1278.8	 812.1
3548	 945.5	 3320.5
3549	 1344.75	 851.75
3550	 501.5	 4523.1
3551	 1342.95	 806.7
3552	 1318.0	 757.0
3553	 723.05	 4186.2
3554	 507.7	 4445.1
3555	 1674.5	 1919.5
3556	 947.7	 3294.3
3557	 1397.75	 975.75
3558	 507.75	 4454.75
3559	 522.7	 4429.5
3560	 522.25	 4421.5
3561	 352.25	 3107.5
3562	 1358.75	 946.5
3563	 1392.8	 944.9
3564	 530.4	 4393.2
3565	 544.0	 4519.6
3566	 541.7	 4502.5
3567	 563.4	 4494.8
3568	 568.2	 4539.3
3569	 1442.4	 894.4
3570	 338.5	 3086.5
3571	 1438.75	 996.75
3572	 567.0	 4483.6
3573	 588.5	 4476.5
3574	 1469.9	 998.1
3575	 1449.1	 2793.05
3576	 1475.65	 961.9
3577	 1467.6	 947.4
3578	 1507.5	 985.0
3579	 582.5	 4454.0
3580	 561.0	 4400.6
3581	 339.4	 4338.4
3582	 338.5	 4315.3
3583	 932.8	 1549.6
3584	 2018.0	 1369.75
3585	 389.4	 4349.1
3586	 385.65	 4313.35
3587	 363.5	 4298.75
3588	 366.7	 4308.1
3589	 1449.25	 2668.7
3590	 346.75	 4265.25
3591	 350.5	 4210.75
3592	 347.5	 4202.75
3593	 1374.4	 828.8
3594	 1761.9	 399.35
3595	 1467.0	 2756.9
3596	 389.6	 4265.8
3597	 405.75	 4299.75
3598	 428.25	 4328.75
3599	 434.6	 4334.2
3600	 1399.6	 772.6
3601	 454.5	 4288.75
3602	 1156.9	 3423.0
3603	 152.8	 3119.2
3604	 397.5	 4187.75
3605	 416.55	 4182.5
3606	 1514.0	 865.1
3607	 430.9	 4251.8
3608	 434.5	 4242.05
3609	 1483.9	 829.0
3610	 1757.9	 1895.15
3611	 1462.5	 744.25
3612	 1496.3	 767.8
3613	 332.7	 4119.7
3614	 1231.0	 726.75
3615	 368.7	 4105.5
3616	 365.6	 4082.8
3617	 1186.7	 3430.2
3618	 344.0	 4027.75
3619	 349.2	 4017.6
3620	 364.8	 4015.7
3621	 384.5	 4050.0
3622	 390.4	 4002.8
3623	 1299.4	 654.25
3624	 406.5	 4104.4
3625	 425.8	 4141.7
3626	 545.0	 3433.6
3627	 1167.3	 3343.3
3628	 442.75	 4137.75
3629	 415.9	 4066.5
3630	 414.5	 4008.25
3631	 394.0	 4048.25
3632	 448.5	 4064.3
3633	 426.25	 3999.25
3634	 445.2	 4030.4
3635	 1413.25	 628.5
3636	 472.4	 4353.6
3637	 1038.4	 4472.5
3638	 481.25	 4329.25
3639	 1763.5	 1239.5
3640	 488.4	 4304.6
3641	 480.9	 4266.9
3642	 472.25	 4253.75
3643	 476.1	 4227.5
3644	 476.5	 4262.25
3645	 463.0	 4206.2
3646	 496.55	 4227.1
3647	 499.0	 4256.7
3648	 1681.0	 236.25
3649	 533.25	 4352.25
3650	 518.3	 4305.7
3651	 520.5	 4300.5
3652	 898.0	 3043.0
3653	 1330.75	 534.5
3654	 551.35	 4343.4
3655	 557.6	 4329.2
3656	 915.5	 2974.0
3657	 1335.7	 560.4
3658	 1371.5	 613.25
3659	 545.3	 4216.9
3660	 515.25	 4184.75
3661	 529.5	 4198.25
3662	 1181.0	 3319.25
3663	 537.0	 4210.75
3664	 1396.3	 574.1
3665	 557.5	 4211.5
3666	 565.5	 4254.5
3667	 1703.5	 1207.3
3668	 1819.3	 1136.1
3669	 1371.25	 479.0
3670	 1815.0	 1941.7
3671	 468.6	 4090.0
3672	 324.8	 3425.9
3673	 2005.6	 873.3
3674	 1412.2	 681.8
3675	 1442.75	 738.25
3676	 499.0	 4154.25
3677	 464.2	 4080.2
3678	 1422.9	 637.3
3679	 1420.25	 643.25
3680	 470.9	 4021.2
3681	 1698.5	 197.0
3682	 507.1	 4046.9
3683	 349.0	 2927.6
3684	 501.85	 4037.05
3685	 515.8	 4001.1
3686	 1463.2	 589.6
3687	 542.4	 4171.1
3688	 1749.8	 1190.1
3689	 268.5	 3184.3
3690	 541.0	 4131.0
3691	 554.25	 4145.75
3692	 1476.85	 658.05
3693	 844.7	 3043.6
3694	 1497.0	 693.0
3695	 552.6	 4101.9
3696	 1503.8	 709.5
3697	 1211.8	 3509.3
3698	 550.5	 4050.0
3699	 556.9	 4059.85
3700	 1477.25	 603.75
3701	 911.0	 2837.0
3702	 218.3	 3312.2
3703	 920.5	 2889.4
3704	 1505.25	 554.5
3705	 72.1	 3976.9
3706	 219.0	 3092.75
3707	 116.0	 3971.75
3708	 1460.0	 540.4
3709	 1465.65	 490.95
3710	 1476.5	 526.5
3711	 1468.25	 531.0
3712	 2064.5	 1194.3
3713	 1428.75	 405.25
3714	 63.4	 3873.2
3715	 86.4	 3882.0
3716	 1458.4	 432.1
3717	 104.0	 3868.5
3718	 1754.2	 327.2
3719	 101.25	 3834.25
3720	 122.5	 3951.0
3721	 1487.1	 511.5
3722	 1496.5	 508.1
3723	 148.15	 3934.6
3724	 162.4	 3987.1
3725	 400.1	 4551.9
3726	 181.25	 3918.0
3727	 271.75	 4003.75
3728	 1495.2	 364.8
3729	 128.8	 3877.2
3730	 109.9	 3827.45
3731	 1704.5	 1820.7
3732	 1503.8	 346.25
3733	 175.25	 3870.75
3734	 1516.3	 379.6
3735	 158.25	 3823.75
3736	 1659.0	 1146.0
3737	 77.6	 3769.8
3738	 1511.65	 549.65
3739	 54.6	 3743.4
3740	 64.2	 3776.4
3741	 2097.8	 309.2
3742	 1677.5	 1105.5
3743	 1570.55	 946.05
3744	 1721.5	 1827.0
3745	 54.0	 3684.6
3746	 77.0	 3702.35
3747	 74.8	 3733.7
3748	 102.25	 3700.0
3749	 1538.0	 813.0
3750	 1520.0	 783.0
3751	 1534.6	 770.0
3752	 894.4	 4394.2
3753	 1161.4	 843.2
3754	 1621.7	 1017.2
3755	 125.5	 3733.3
3756	 132.5	 3777.5
3757	 1601.4	 1007.6
3758	 1594.5	 896.0
3759	 1617.6	 943.65
3760	 1750.8	 227.6
3761	 1622.5	 946.0
3762	 1582.1	 794.9
3763	 140.9	 3688.2
3764	 977.2	 2987.3
3765	 1761.4	 231.6
3766	 1541.7	 1000.75
3767	 151.2	 3705.8
3768	 126.0	 3752.0
3769	 895.25	 4317.25
3770	 1173.0	 4649.4
3771	 1528.25	 715.0
3772	 1539.0	 721.75
3773	 1556.0	 753.25
3774	 1553.25	 721.75
3775	 1090.5	 1098.5
3776	 231.3	 3945.1
3777	 1641.75	 2084.25
3778	 946.4	 2887.4
3779	 340.0	 3262.75
3780	 239.0	 3900.3
3781	 1786.5	 1678.6
3782	 246.75	 3864.25
3783	 1236.75	 3845.0
3784	 1603.7	 767.1
3785	 857.7	 3012.4
3786	 275.25	 3960.25
3787	 273.75	 3917.0
3788	 314.9	 3981.9
3789	 1621.6	 731.6
3790	 1595.4	 630.8
3791	 256.1	 3857.2
3792	 963.0	 2914.0
3793	 285.75	 3862.0
3794	 1619.25	 673.75
3795	 299.2	 3900.1
3796	 295.0	 3859.4
3797	 302.0	 3856.2
3798	 326.0	 3866.5
3799	 874.75	 3020.25
3800	 1629.2	 929.1
3801	 206.95	 3744.05
3802	 704.2	 4834.0
3803	 324.2	 3200.0
3804	 252.2	 3038.15
3805	 1733.9	 1706.8
3806	 1657.15	 861.4
3807	 192.8	 3680.8
3808	 974.5	 2848.75
3809	 224.5	 3692.0
3810	 1699.75	 827.25
3811	 247.7	 3814.8
3812	 266.8	 3798.2
3813	 339.2	 3208.2
3814	 289.8	 3792.0
3815	 312.75	 3819.8
3816	 296.7	 3758.55
3817	 284.5	 3750.75
3818	 269.1	 3728.5
3819	 278.0	 3731.0
3820	 256.25	 3686.75
3821	 2191.75	 1127.0
3822	 1725.5	 876.5
3823	 805.35	 2721.4
3824	 51.5	 3626.0
3825	 1670.4	 756.0
3826	 106.75	 3585.5
3827	 67.1	 3545.4
3828	 62.25	 3568.5
3829	 1681.4	 698.1
3830	 295.6	 2990.0
3831	 68.6	 3517.3
3832	 113.75	 3517.75
3833	 804.25	 2692.75
3834	 682.9	 4731.1
3835	 1654.75	 672.5
3836	 1154.5	 1289.0
3837	 372.2	 3265.8
3838	 170.7	 3642.5
3839	 159.55	 3594.05
3840	 808.8	 2528.4
3841	 126.15	 3537.85
3842	 1760.9	 1735.3
3843	 1730.0	 630.5
3844	 1753.5	 591.0
3845	 109.3	 3463.95
3846	 66.8	 3466.8
3847	 1525.0	 569.2
3848	 69.8	 3422.0
3849	 98.5	 3424.5
3850	 81.4	 3353.6
3851	 1561.6	 548.2
3852	 99.5	 3416.5
3853	 599.5	 4610.5
3854	 103.25	 3361.25
3855	 1532.2	 462.4
3856	 1134.3	 1125.7
3857	 131.85	 3462.35
3858	 1829.75	 1755.75
3859	 1597.1	 468.2
3860	 2190.3	 1036.2
3861	 156.8	 3468.8
3862	 1529.25	 504.0
3863	 180.25	 3462.5
3864	 181.9	 3454.1
3865	 400.2	 3235.2
3866	 833.5	 2460.75
3867	 1649.0	 514.5
3868	 373.75	 3195.5
3869	 1604.6	 487.9
3870	 182.5	 3415.5
3871	 1616.0	 467.5
3872	 174.75	 3367.5
3873	 193.1	 3656.8
3874	 385.3	 4399.0
3875	 207.5	 3645.75
3876	 213.6	 3599.1
3877	 214.8	 3619.4
3878	 242.75	 3645.75
3879	 848.6	 2609.6
3880	 1586.1	 364.2
3881	 418.7	 3239.9
3882	 208.05	 3534.8
3883	 195.5	 3522.5
3884	 877.0	 2804.0
3885	 239.25	 3568.75
3886	 1192.75	 972.25
3887	 232.75	 3559.25
3888	 1613.75	 1983.0
3889	 2231.6	 1041.1
3890	 1592.6	 339.4
3891	 1849.95	 1916.4
3892	 288.75	 3617.75
3893	 1609.2	 370.2
3894	 270.2	 3606.2
3895	 1617.1	 368.6
3896	 267.45	 3591.45
3897	 290.6	 3632.1
3898	 1766.6	 1200.6
3899	 1638.1	 379.3
3900	 1161.7	 1292.75
3901	 949.6	 2935.3
3902	 260.9	 3545.7
3903	 290.75	 3538.75
3904	 291.7	 3526.5
3905	 1242.2	 3424.2
3906	 1246.0	 3415.5
3907	 1652.95	 269.85
3908	 843.4	 2498.5
3909	 313.5	 3565.95
3910	 846.0	 2470.75
3911	 471.0	 4513.5
3912	 211.5	 3453.75
3913	 1849.8	 1522.3
3914	 1693.1	 570.2
3915	 629.5	 3328.75
3916	 872.85	 2587.3
3917	 251.1	 3445.5
3918	 241.2	 3427.3
3919	 224.8	 3427.5
3920	 1663.1	 375.6
3921	 248.8	 3409.4
3922	 1688.5	 462.1
3923	 1713.9	 553.7
3924	 1711.8	 539.9
3925	 227.8	 3393.5
3926	 241.75	 3388.25
3927	 217.5	 3372.8
3928	 241.5	 3370.75
3929	 246.5	 3365.5
3930	 258.85	 3470.3
3931	 273.2	 3476.7
3932	 1858.0	 1506.5
3933	 1634.1	 1983.3
3934	 608.5	 4405.75
3935	 1751.1	 417.5
3936	 1882.0	 1859.8
3937	 273.4	 3407.5
3938	 806.0	 2405.5
3939	 1777.25	 1495.75
3940	 1901.5	 1335.25
3941	 1698.75	 295.75
3942	 288.25	 3125.0
3943	 308.5	 3379.75
3944	 283.0	 3348.0
3945	 308.1	 3346.8
3946	 304.25	 3340.25
3947	 342.75	 3984.25
3948	 343.0	 3977.0
3949	 339.0	 3930.7
3950	 1902.9	 1145.0
3951	 1722.8	 311.45
3952	 331.2	 3857.9
3953	 1746.9	 364.75
3954	 1741.0	 335.3
3955	 383.25	 3881.75
3956	 372.75	 3855.5
3957	 382.1	 3867.1
3958	 1731.2	 168.0
3959	 1729.75	 203.75
3960	 396.4	 3898.7
3961	 414.25	 3853.25
3962	 433.0	 3895.0
3963	 1754.6	 219.8
3964	 433.7	 3861.8
3965	 438.7	 3892.0
3966	 450.5	 3845.5
3967	 362.0	 3096.0
3968	 1784.0	 1664.75
3969	 355.25	 3785.5
3970	 1813.85	 1464.3
3971	 352.4	 3754.2
3972	 1131.0	 996.75
3973	 388.0	 3745.25
3974	 332.5	 3712.75
3975	 1804.8	 1598.55
3976	 287.25	 2847.5
3977	 1766.5	 1529.2
3978	 1771.4	 1558.4
3979	 1787.3	 1589.6
3980	 547.75	 2087.25
3981	 1818.75	 1696.75
3982	 1092.25	 2192.5
3983	 418.55	 3814.2
3984	 407.25	 3763.5
3985	 404.55	 3749.25
3986	 1862.0	 1696.95
3987	 975.0	 3297.5
3988	 400.2	 3120.2
3989	 443.25	 3819.75
3990	 1871.8	 1811.6
3991	 775.8	 4503.0
3992	 1831.25	 1554.75
3993	 417.0	 3700.5
3994	 1848.2	 1506.4
3995	 409.9	 3675.0
3996	 440.75	 3177.5
3997	 434.5	 3734.0
3998	 1795.75	 1475.25
3999	 1795.1	 1483.9
4000	 1774.75	 1419.25
4001	 1781.7	 1414.2
4002	 462.1	 3968.4
4003	 418.25	 3119.75
4004	 478.3	 3935.7
4005	 476.8	 3912.75
4006	 515.9	 3982.1
4007	 416.25	 3094.5
4008	 483.9	 3871.65
4009	 1814.0	 1339.75
4010	 1307.4	 959.4
4011	 502.0	 3840.0
4012	 1545.0	 983.75
4013	 551.7	 3973.6
4014	 533.6	 3973.2
4015	 558.4	 3964.5
4016	 568.0	 3931.75
4017	 536.9	 3891.15
4018	 552.5	 3902.5
4019	 1833.6	 1362.4
4020	 1842.75	 1367.8
4021	 1837.2	 1296.3
4022	 1831.6	 1314.6
4023	 1850.5	 1293.0
4024	 270.75	 2724.25
4025	 579.7	 3863.8
4026	 472.5	 3794.0
4027	 1861.6	 1296.4
4028	 1895.5	 1683.7
4029	 1809.0	 169.0
4030	 465.5	 3773.4
4031	 1925.75	 1690.0
4032	 495.25	 3753.0
4033	 518.2	 3814.2
4034	 1923.3	 1622.5
4035	 1936.5	 1621.0
4036	 955.75	 3185.5
4037	 511.4	 3747.9
4038	 464.3	 3711.8
4039	 1871.2	 1737.8
4040	 489.2	 3702.9
4041	 1931.9	 1570.7
4042	 516.1	 3731.7
4043	 1283.0	 3312.0
4044	 1298.4	 3235.6
4045	 518.25	 3669.0
4046	 543.75	 3806.5
4047	 542.25	 3796.5
4048	 546.3	 3786.9
4049	 1953.3	 1598.8
4050	 1971.75	 1681.0
4051	 1853.5	 1423.5
4052	 533.8	 3680.3
4053	 521.0	 3727.8
4054	 1990.0	 1647.5
4055	 564.3	 3704.0
4056	 565.65	 3686.5
4057	 170.6	 3015.0
4058	 320.35	 3652.25
4059	 298.7	 2737.3
4060	 1989.0	 1575.5
4061	 171.1	 2982.9
4062	 337.5	 3573.0
4063	 360.5	 3601.8
4064	 1890.4	 1401.3
4065	 352.4	 3574.6
4066	 1823.7	 1174.6
4067	 370.95	 3612.55
4068	 1910.75	 1493.75
4069	 351.25	 3526.25
4070	 916.0	 4737.9
4071	 1196.9	 753.5
4072	 935.25	 3143.75
4073	 1894.7	 1331.6
4074	 352.2	 3515.3
4075	 356.75	 3562.75
4076	 1291.3	 896.9
4077	 1967.3	 1467.3
4078	 846.25	 2215.0
4079	 2276.0	 958.25
4080	 450.8	 3614.5
4081	 448.75	 3603.0
4082	 398.0	 3564.2
4083	 2004.8	 1461.3
4084	 405.1	 3503.1
4085	 415.25	 3516.0
4086	 435.25	 3542.4
4087	 1326.0	 885.25
4088	 1942.0	 1311.5
4089	 432.0	 3522.6
4090	 1043.6	 2984.1
4091	 873.4	 4727.8
4092	 2007.0	 1300.0
4093	 1327.75	 4930.25
4094	 1315.9	 865.9
4095	 1943.6	 299.0
4096	 383.75	 3413.25
4097	 370.25	 3440.25
4098	 1818.9	 1169.9
4099	 1983.2	 1736.7
4100	 358.75	 3367.5
4101	 1767.35	 1121.05
4102	 1788.3	 1133.9
4103	 1865.4	 1396.4
4104	 425.4	 2988.3
4105	 1913.75	 365.25
4106	 380.8	 3331.2
4107	 347.6	 3406.7
4108	 384.6	 3425.55
4109	 332.0	 3468.0
4110	 1823.9	 1146.9
4111	 420.0	 3475.2
4112	 401.95	 3435.35
4113	 1851.0	 1264.75
4114	 443.5	 3462.45
4115	 438.75	 3428.0
4116	 2269.5	 884.8
4117	 439.9	 3417.4
4118	 1176.05	 836.05
4119	 390.8	 3390.9
4120	 405.2	 3384.8
4121	 1875.8	 1229.5
4122	 411.6	 3362.9
4123	 421.85	 3358.8
4124	 1471.75	 1095.65
4125	 1314.3	 3013.7
4126	 1838.0	 1098.3
4127	 1005.2	 2246.7
4128	 1893.5	 1153.0
4129	 1886.5	 1176.7
4130	 460.0	 3409.0
4131	 469.8	 3668.0
4132	 1786.0	 1014.2
4133	 897.0	 2758.4
4134	 504.7	 3614.9
4135	 491.0	 3577.75
4136	 504.4	 3603.0
4137	 1787.0	 890.25
4138	 909.5	 2771.5
4139	 512.1	 3556.0
4140	 241.5	 2996.0
4141	 536.4	 3636.8
4142	 1826.75	 1026.8
4143	 563.1	 3615.9
4144	 1549.75	 2387.5
4145	 1828.8	 1061.35
4146	 1867.5	 1067.4
4147	 392.0	 3028.05
4148	 939.2	 2888.6
4149	 1139.0	 4442.75
4150	 565.8	 3533.2
4151	 1867.45	 930.7
4152	 567.25	 3547.25
4153	 1885.0	 926.25
4154	 472.9	 3469.5
4155	 482.4	 3495.8
4156	 1895.5	 1245.25
4157	 1906.9	 1280.2
4158	 1904.4	 1187.4
4159	 1929.75	 1681.95
4160	 495.5	 3461.25
4161	 957.1	 2934.45
4162	 901.1	 4619.3
4163	 516.25	 3449.0
4164	 511.2	 3421.3
4165	 498.25	 3404.5
4166	 479.5	 3362.0
4167	 1923.2	 1662.4
4168	 1195.8	 4885.4
4169	 495.2	 3383.0
4170	 1180.4	 1586.8
4171	 1944.15	 1152.8
4172	 1182.25	 1553.75
4173	 1926.5	 1098.25
4174	 532.85	 3470.95
4175	 300.5	 2984.5
4176	 528.6	 3411.7
4177	 1185.4	 1559.4
4178	 909.25	 2661.75
4179	 1966.4	 1258.4
4180	 822.5	 4593.75
4181	 530.85	 3384.75
4182	 1903.25	 1602.0
4183	 558.0	 4599.25
4184	 794.5	 4533.75
4185	 2005.0	 460.25
4186	 537.9	 3355.9
4187	 580.15	 3401.65
4188	 560.25	 3357.0
4189	 566.9	 3345.3
4190	 563.05	 3328.5
4191	 1990.75	 1122.5
4192	 1903.0	 1036.2
4193	 650.5	 4741.5
4194	 657.75	 4732.75
4195	 1941.25	 1045.25
4196	 1921.25	 1581.75
4197	 617.5	 4696.5
4198	 624.5	 4641.7
4199	 624.2	 4665.8
4200	 1921.1	 877.8
4201	 635.95	 4688.9
4202	 645.25	 4680.2
4203	 1920.75	 852.75
4204	 1233.75	 1691.95
4205	 1892.5	 990.2
4206	 582.2	 4683.9
4207	 714.4	 4825.25
4208	 840.5	 4524.25
4209	 705.7	 4787.6
4210	 716.75	 2152.75
4211	 773.2	 4793.6
4212	 1958.75	 950.0
4213	 1220.0	 4858.75
4214	 773.0	 4774.75
4215	 1271.0	 820.75
4216	 665.8	 4722.5
4217	 668.2	 4690.2
4218	 2000.5	 952.75
4219	 678.5	 4681.75
4220	 1997.9	 987.2
4221	 2016.25	 1597.5
4222	 747.75	 4709.75
4223	 961.0	 2790.8
4224	 1571.75	 961.25
4225	 982.6	 2817.2
4226	 721.25	 4643.0
4227	 791.8	 4636.35
4228	 727.0	 4672.5
4229	 641.8	 4758.2
4230	 597.0	 4587.1
4231	 608.55	 4598.35
4232	 610.5	 4602.75
4233	 2018.45	 1410.6
4234	 2034.25	 1489.0
4235	 629.4	 4626.4
4236	 206.0	 2854.5
4237	 680.75	 4547.5
4238	 1296.2	 690.0
4239	 1252.8	 859.6
4240	 587.7	 4443.5
4241	 623.0	 4535.1
4242	 671.75	 4486.75
4243	 657.25	 4445.25
4244	 1270.2	 1617.2
4245	 662.75	 4606.75
4246	 1972.6	 1634.6
4247	 709.0	 4618.0
4248	 841.0	 4429.4
4249	 688.2	 4521.1
4250	 784.25	 4622.25
4251	 755.75	 4563.0
4252	 1389.75	 962.75
4253	 789.75	 4581.0
4254	 855.5	 4587.5
4255	 2069.5	 1408.2
4256	 2097.2	 1428.8
4257	 2069.1	 1391.1
4258	 2118.6	 1302.6
4259	 1996.25	 1330.0
4260	 788.6	 4515.6
4261	 779.0	 4525.5
4262	 686.5	 4570.0
4263	 768.0	 4747.5
4264	 335.4	 2839.9
4265	 2006.5	 1214.25
4266	 960.8	 2610.8
4267	 799.9	 2719.2
4268	 2044.5	 1240.25
4269	 2041.25	 1249.75
4270	 804.0	 4823.0
4271	 854.0	 4846.5
4272	 846.5	 4696.75
4273	 837.5	 2774.75
4274	 823.25	 4647.55
4275	 812.6	 4670.7
4276	 807.8	 4633.8
4277	 1172.5	 4517.25
4278	 2100.5	 1361.25
4279	 579.2	 2880.1
4280	 833.5	 4696.5
4281	 1254.0	 1598.5
4282	 260.2	 2898.4
4283	 861.0	 4625.5
4284	 858.75	 4633.0
4285	 876.4	 4804.6
4286	 2081.25	 831.75
4287	 880.5	 4737.75
4288	 887.6	 4730.9
4289	 908.0	 4861.75
4290	 904.1	 4792.2
4291	 890.0	 4696.75
4292	 1406.0	 4418.75
4293	 2138.75	 1456.0
4294	 1998.1	 1530.8
4295	 1507.0	 1693.0
4296	 923.2	 2467.6
4297	 2126.0	 1376.25
4298	 1372.75	 927.25
4299	 1404.75	 4107.5
4300	 1515.75	 2343.25
4301	 1039.6	 2854.0
4302	 1278.5	 1564.5
4303	 1384.4	 928.6
4304	 830.8	 4561.15
4305	 922.1	 2401.9
4306	 831.75	 4526.5
4307	 1335.5	 4061.75
4308	 807.1	 4497.1
4309	 1993.75	 388.45
4310	 1904.5	 1768.0
4311	 1730.95	 499.8
4312	 875.7	 4557.9
4313	 1360.5	 4053.5
4314	 873.3	 4509.1
4315	 891.5	 4584.3
4316	 909.1	 4557.5
4317	 901.5	 1802.5
4318	 907.6	 4509.3
4319	 907.0	 4516.7
4320	 862.4	 4490.3
4321	 872.75	 4458.5
4322	 1799.2	 684.2
4323	 897.25	 4474.25
4324	 902.0	 4465.0
4325	 2175.0	 1261.0
4326	 886.3	 4457.0
4327	 913.0	 4463.0
4328	 1473.0	 1111.2
4329	 588.0	 4326.0
4330	 2141.0	 1190.5
4331	 2152.8	 1190.4
4332	 602.6	 4308.6
4333	 1906.8	 1365.6
4334	 649.0	 4404.5
4335	 638.75	 4317.5
4336	 917.25	 2301.0
4337	 1454.55	 997.6
4338	 1589.75	 2438.7
4339	 634.5	 4250.0
4340	 695.4	 4232.2
4341	 912.6	 2219.8
4342	 2197.0	 1183.0
4343	 2179.0	 1162.5
4344	 726.25	 4237.0
4345	 741.5	 4309.25
4346	 768.2	 4311.1
4347	 1456.7	 951.9
4348	 686.4	 4384.4
4349	 2025.5	 1098.25
4350	 934.9	 2826.9
4351	 631.5	 4208.0
4352	 2076.2	 1107.9
4353	 630.5	 4193.25
4354	 968.0	 4480.0
4355	 1169.25	 1355.5
4356	 628.25	 4135.75
4357	 630.0	 4173.75
4358	 2009.4	 1032.6
4359	 680.2	 4148.0
4360	 697.0	 4146.7
4361	 628.75	 4115.75
4362	 630.0	 4102.0
4363	 630.25	 4092.0
4364	 2112.5	 1126.5
4365	 2111.3	 1135.3
4366	 629.0	 4058.5
4367	 685.7	 4120.4
4368	 939.5	 2384.5
4369	 2091.6	 1066.8
4370	 1956.25	 1471.75
4371	 713.5	 4174.75
4372	 1972.8	 1475.8
4373	 1756.0	 1620.5
4374	 2102.25	 1018.5
4375	 755.85	 4175.45
4376	 768.7	 4171.4
4377	 708.6	 4110.9
4378	 733.25	 4116.0
4379	 368.1	 2964.2
4380	 723.3	 4072.0
4381	 2167.25	 1110.0
4382	 965.4	 2379.4
4383	 1103.25	 3909.5
4384	 2041.6	 961.2
4385	 1974.2	 1429.8
4386	 2033.0	 954.0
4387	 418.3	 2824.3
4388	 720.5	 4334.0
4389	 1261.0	 1169.0
4390	 1463.5	 926.5
4391	 739.0	 4327.5
4392	 808.9	 4294.2
4393	 2072.5	 923.5
4394	 820.85	 4278.3
4395	 810.4	 4307.9
4396	 843.7	 4270.6
4397	 852.4	 4395.7
4398	 2068.1	 869.9
4399	 766.0	 4354.75
4400	 2113.8	 984.35
4401	 2111.75	 974.5
4402	 2123.5	 936.0
4403	 1785.75	 540.5
4404	 857.5	 4323.75
4405	 732.0	 4261.9
4406	 893.1	 4360.55
4407	 1279.2	 1517.2
4408	 1943.2	 1318.0
4409	 848.75	 4406.25
4410	 1968.0	 1313.2
4411	 870.9	 4296.2
4412	 869.5	 4307.5
4413	 845.1	 4240.7
4414	 885.0	 4261.0
4415	 387.1	 2775.4
4416	 874.1	 4235.4
4417	 894.25	 4282.25
4418	 2160.75	 1020.5
4419	 965.6	 2246.8
4420	 322.65	 2891.75
4421	 2173.2	 1082.0
4422	 801.05	 4207.15
4423	 1366.5	 979.5
4424	 804.1	 4154.75
4425	 2245.0	 1117.25
4426	 2231.5	 1106.9
4427	 1440.2	 3800.2
4428	 768.5	 4306.25
4429	 790.75	 4073.0
4430	 2213.0	 1054.8
4431	 789.5	 4083.5
4432	 815.1	 4129.7
4433	 1004.4	 3267.4
4434	 2201.25	 1012.25
4435	 830.3	 4089.3
4436	 2236.2	 1011.8
4437	 751.7	 2040.5
4438	 1234.75	 1111.0
4439	 1352.4	 859.1
4440	 2256.1	 1106.3
4441	 866.0	 4149.2
4442	 860.5	 4177.7
4443	 1188.1	 4418.1
4444	 2267.4	 1054.9
4445	 2265.75	 1044.0
4446	 589.5	 4198.25
4447	 854.45	 4074.25
4448	 892.55	 4108.05
4449	 884.0	 4064.2
4450	 2176.5	 970.2
4451	 891.5	 4051.5
4452	 843.05	 4054.05
4453	 1210.25	 4401.5
4454	 2219.85	 963.35
4455	 916.35	 4773.25
4456	 971.5	 4868.7
4457	 1024.6	 1034.4
4458	 972.75	 4830.0
4459	 968.5	 4782.0
4460	 2246.1	 913.7
4461	 929.4	 4724.2
4462	 1836.75	 1257.05
4463	 932.9	 4665.2
4464	 415.5	 3017.0
4465	 958.0	 4723.75
4466	 967.0	 4740.6
4467	 958.5	 4685.0
4468	 957.75	 4670.25
4469	 1009.5	 4877.5
4470	 1024.25	 4884.5
4471	 2295.1	 902.4
4472	 1831.0	 1171.0
4473	 1046.5	 4901.5
4474	 2324.4	 894.05
4475	 2305.6	 872.8
4476	 1790.6	 1138.9
4477	 1019.4	 3189.0
4478	 1828.5	 821.0
4479	 1029.0	 4685.2
4480	 1781.25	 732.0
4481	 1037.0	 4743.0
4482	 1837.5	 520.0
4483	 1047.5	 4708.0
4484	 1027.8	 4665.1
4485	 1803.0	 678.6
4486	 1824.75	 831.75
4487	 957.75	 4629.75
4488	 955.0	 4609.25
4489	 1841.0	 796.75
4490	 1870.75	 799.75
4491	 2152.5	 348.5
4492	 960.5	 4551.5
4493	 965.25	 4488.25
4494	 1330.0	 1622.2
4495	 963.5	 4506.25
4496	 936.25	 4541.0
4497	 1861.25	 751.75
4498	 1010.25	 4591.5
4499	 999.2	 4612.6
4500	 1038.8	 4643.4
4501	 1875.5	 717.25
4502	 1833.3	 477.8
4503	 684.2	 4117.4
4504	 1391.05	 761.25
4505	 1009.5	 4501.0
4506	 1019.6	 4513.75
4507	 1777.2	 606.5
4508	 1039.2	 4536.9
4509	 1804.75	 642.0
4510	 1331.25	 1591.25
4511	 1818.0	 660.2
4512	 824.1	 2337.1
4513	 1059.5	 4900.45
4514	 1568.85	 763.95
4515	 1074.2	 4915.2
4516	 1786.4	 478.2
4517	 1048.6	 4845.8
4518	 1055.5	 4823.6
4519	 1843.25	 564.75
4520	 445.5	 2897.25
4521	 1426.3	 972.8
4522	 1903.3	 565.8
4523	 1096.6	 4920.3
4524	 1849.3	 547.3
4525	 1056.2	 4783.8
4526	 1068.1	 4717.8
4527	 1091.5	 4816.0
4528	 1087.85	 4794.3
4529	 1075.5	 4747.45
4530	 1091.5	 4743.25
4531	 1168.7	 2852.5
4532	 1111.75	 4939.75
4533	 1136.8	 4946.1
4534	 1943.75	 774.75
4535	 1640.0	 2404.0
